0.0	1.0	0.0
0.0015008299950527925	1.0	0.0
0.003001659990105585	0.999995495191861	0.0
0.004502489985158378	0.9999864856335087	0.0
0.00600331998021117	0.9999729715038143	0.0
0.007504149975263962	0.9999549530894469	0.0
0.009004979970316756	0.9999324307600373	0.0
0.010505809965369548	0.999905404968659	0.0
0.01200663996042234	0.9998738762517896	0.0
0.013507469955475132	0.9998378452291743	0.0
0.015008299950527925	0.999797312604591	0.0
0.01650912994558072	0.9997522791671695	0.0
0.01800995994063351	0.9997027457918736	0.0
0.019510789935686303	0.999648713440048	0.0
0.021011619930739096	0.9995901831608794	0.0
0.022512449925791888	0.9995271560926674	0.0
0.02401327992084468	0.999459633464785	0.0
0.025514109915897473	0.9993876166021622	0.0
0.027014939910950265	0.9993111069312585	0.0
0.028515769906003057	0.9992301059847495	0.0
0.03001659990105585	0.9991446154015708	0.0
0.031517429896108645	0.999054636920738	0.0
0.03301825989116144	0.9989601723739956	0.0
0.03451908988621423	0.9988612236825658	0.0
0.03601991988126702	0.9987577928566761	0.0
0.037520749876319814	0.9986498819954721	0.0
0.03902157987137261	0.9985374932869211	0.0
0.0405224098664254	0.9984206290077651	0.0
0.04202323986147819	0.9982992915234339	0.0
0.043524069856530984	0.9981734832879026	0.0
0.045024899851583776	0.9980432068436214	0.0
0.04652572984663657	0.9979084648214286	0.0
0.04802655984168936	0.9977692599403888	0.0
0.04952738983674215	0.9976255950076857	0.0
0.051028219831794945	0.9974774729185742	0.0
0.05252904982684774	0.9973248966562669	0.0
0.05402987982190053	0.9971678692918078	0.0
0.05553070981695332	0.9970063939839351	0.0
0.057031539812006114	0.9968404739789336	0.0
0.05853236980705891	0.9966701126105628	0.0
0.0600331998021117	0.996495313299961	0.0
0.06153402979716449	0.9963160795555183	0.0
0.06303485979221729	0.9961324149726999	0.0
0.06453568978727008	0.9959443232338844	0.0
0.06603651978232288	0.9957518081083224	0.0
0.06753734977737566	0.9955548734520113	0.0
0.06903817977242846	0.9953535232074885	0.0
0.07053900976748124	0.9951477614036791	0.0
0.07203983976253404	0.9949375921557733	0.0
0.07354066975758683	0.9947230196651065	0.0
0.07504149975263963	0.9945040482190063	0.0
0.07654232974769241	0.9942806821906358	0.0
0.07804315974274521	0.9940529260388425	0.0
0.079543989737798	0.9938207843079916	0.0
0.0810448197328508	0.9935842616278033	0.0
0.08254564972790358	0.9933433627132042	0.0
0.08404647972295638	0.9930980923641625	0.0
0.08554730971800917	0.9928484554655015	0.0
0.08704813971306197	0.9925951840250636	0.0
0.08854896970811475	0.9923368290169772	0.0
0.09004979970316755	0.9920748479616888	0.0
0.09155062969822034	0.9918077953910789	0.0
0.09305145969327314	0.9915371255484339	0.0
0.09455228968832592	0.9912613966349519	0.0
0.09605311968337872	0.9909820595039932	0.0
0.09755394967843152	0.9906976761370769	0.0
0.0990547796734843	0.9904089739612137	0.0
0.1005556096685371	0.9901159587001597	0.0
0.10205643966358989	0.9898186361605603	0.0
0.10355726965864269	0.989517012231749	0.0
0.10505809965369547	0.9892110928854946	0.0
0.10655892964874827	0.9889008841757966	0.0
0.10805975964380106	0.9885863922387422	0.0
0.10956058963885386	0.9882676232922879	0.0
0.11106141963390664	0.9879445836360216	0.0
0.11256224962895944	0.9876172796509524	0.0
0.11406307962401223	0.9872857177993083	0.0
0.11556390961906503	0.9869499046243247	0.0
0.11706473961411781	0.9866098467500308	0.0
0.11856556960917061	0.9862655508810444	0.0
0.1200663996042234	0.9859170238023218	0.0
0.1215672295992762	0.9855642723789032	0.0
0.12306805959432898	0.9852073035557166	0.0
0.12456888958938178	0.9848461243573765	0.0
0.12606971958443458	0.9844807418879497	0.0
0.12757054957948735	0.9841111633306964	0.0
0.12907137957454015	0.9837380942422825	0.0
0.13057220956959295	0.9833601453715454	0.0
0.13207303956464575	0.9829780224324044	0.0
0.13357386955969852	0.9825917329225515	0.0
0.13507469955475132	0.9822019777469915	0.0
0.13657552954980412	0.9818073778974704	0.0
0.13807635954485692	0.9814086344342509	0.0
0.1395771895399097	0.981005755165552	0.0
0.1410780195349625	0.9805994361333038	0.0
0.1425788495300153	0.9801883089831072	0.0
0.1440796795250681	0.9797730699102076	0.0
0.1455805095201209	0.9793537270294216	0.0
0.14708133951517366	0.9789302885315346	0.0
0.14858216951022646	0.9785027626830768	0.0
0.15008299950527926	0.9780711578260821	0.0
0.15158382950033206	0.9776354823778187	0.0
0.15308465949538483	0.9771957448305089	0.0
0.15458548949043763	0.9767519537510633	0.0
0.15608631948549043	0.9763041177808155	0.0
0.15758714948054323	0.975852245635249	0.0
0.159087979475596	0.9753963461037501	0.0
0.1605888094706488	0.9749364280493373	0.0
0.1620896394657016	0.9744725004083618	0.0
0.1635904694607544	0.974004572190234	0.0
0.16509129945580717	0.9735326524771546	0.0
0.16659212945085997	0.9730567504238481	0.0
0.16809295944591277	0.9725768752572956	0.0
0.16959378944096556	0.9720930362764417	0.0
0.17109461943601834	0.9716052428519119	0.0
0.17259544943107114	0.9711141621284808	0.0
0.17409627942612393	0.9706184882108114	0.0
0.17559710942117673	0.9701188883855985	0.0
0.1770979394162295	0.9696153723073504	0.0
0.1785987694112823	0.969108600997223	0.0
0.1800995994063351	0.9685972816542561	0.0
0.1816004294013879	0.9680820754392592	0.0
0.18310125939644067	0.9675629922860246	0.0
0.18460208939149347	0.9670406869007577	0.0
0.18610291938654627	0.9665138799456267	0.0
0.18760374938159907	0.9659832262641734	0.0
0.18910457937665184	0.9654487360648469	0.0
0.19060540937170464	0.9649110575506809	0.0
0.19210623936675744	0.9643689252094821	0.0
0.19360706936181024	0.9638229873792098	0.0
0.19510789935686304	0.9632732545381992	0.0
0.1966087293519158	0.9627197372315274	0.0
0.1981095593469686	0.9621624460707066	0.0
0.1996103893420214	0.9616013917333632	0.0
0.2011112193370742	0.961036584962963	0.0
0.20261204933212698	0.9604680365685205	0.0
0.20411287932717978	0.9598957574242308	0.0
0.20561370932223258	0.9593197584691804	0.0
0.20711453931728538	0.958740050707095	0.0
0.20861536931233815	0.9581566452060168	0.0
0.21011619930739095	0.9575695530979788	0.0
0.21161702930244375	0.9569787855786982	0.0
0.21311785929749655	0.956384353907294	0.0
0.21461868929254932	0.9557862694059613	0.0
0.21611951928760212	0.9551845434596283	0.0
0.21762034928265492	0.9545791875156832	0.0
0.21912117927770772	0.9539702130836648	0.0
0.2206220092727605	0.9533576317349468	0.0
0.2221228392678133	0.9527414551024402	0.0
0.2236236692628661	0.9521216948802553	0.0
0.2251244992579189	0.9514983628233858	0.0
0.22662532925297166	0.9508714707474141	0.0
0.22812615924802446	0.9502410305282107	0.0
0.22962698924307726	0.9496070541016145	0.0
0.23112781923813006	0.9489695534630811	0.0
0.23262864923318283	0.9483285406673737	0.0
0.23412947922823563	0.9476840278282779	0.0
0.23563030922328843	0.9470360271182828	0.0
0.23713113921834122	0.9463845507682568	0.0
0.238631969213394	0.945729611067124	0.0
0.2401327992084468	0.9450712203615604	0.0
0.2416336292034996	0.9444093910556829	0.0
0.2431344591985524	0.9437441356107246	0.0
0.2446352891936052	0.9430754665447281	0.0
0.24613611918865796	0.9424033964322138	0.0
0.24763694918371076	0.9417279379038419	0.0
0.24913777917876356	0.9410491036461153	0.0
0.25063860917381636	0.9403669064010756	0.0
0.25213943916886916	0.9396813589659647	0.0
0.25364026916392196	0.9389924741928902	0.0
0.2551410991589747	0.9383002649885328	0.0
0.2566419291540275	0.9376052964998717	0.0
0.2581427591490803	0.9369064773672069	0.0
0.2596435891441331	0.9362043728450168	0.0
0.2611444191391859	0.9354989960550246	0.0
0.2626452491342387	0.9347903601719149	0.0
0.2641460791292915	0.9340784784230244	0.0
0.2656469091243443	0.9333633640880136	0.0
0.26714773911939704	0.9326450304985217	0.0
0.26864856911444984	0.931924025632438	0.0
0.27014939910950264	0.9311992937328345	0.0
0.27165022910455544	0.930471382879995	0.0
0.27315105909960824	0.9297403066103227	0.0
0.27465188909466104	0.9290060785106142	0.0
0.27615271908971384	0.9282687122177337	0.0
0.27765354908476664	0.927528221418279	0.0
0.2791543790798194	0.9267846198482599	0.0
0.2806552090748722	0.9260384377477252	0.0
0.282156039069925	0.9252886560384374	0.0
0.2836568690649778	0.9245358050576722	0.0
0.2851576990600306	0.9237798987359085	0.0
0.2866585290550834	0.92302095105144	0.0
0.2881593590501362	0.9222589760300526	0.0
0.289660189045189	0.9214939877446969	0.0
0.2911610190402418	0.9207260003151845	0.0
0.2926618490352945	0.9199550279078629	0.0
0.2941626790303473	0.9191815801618811	0.0
0.2956635090254001	0.9184046804801812	0.0
0.2971643390204529	0.9176248385933559	0.0
0.2986651690155057	0.916842068850614	0.0
0.3001659990105585	0.9160563856460824	0.0
0.3016668290056113	0.9152678034184815	0.0
0.3031676590006641	0.914476336650799	0.0
0.30466848899571686	0.9136819998699663	0.0
0.30616931899076966	0.9128852838596921	0.0
0.30767014898582246	0.9120852508054191	0.0
0.30917097898087526	0.9112823915771372	0.0
0.31067180897592805	0.9104767208743714	0.0
0.31217263897098085	0.9096682534389982	0.0
0.31367346896603365	0.9088570040549079	0.0
0.31517429896108645	0.908042987547689	0.0
0.3166751289561392	0.9072262187843031	0.0
0.318175958951192	0.9064071692100297	0.0
0.3196767889462448	0.9055849406970753	0.0
0.3211776189412976	0.9047600047718821	0.0
0.3226784489363504	0.9039323764637178	0.0
0.3241792789314032	0.9031020708416337	0.0
0.325680108926456	0.9022691030141474	0.0
0.3271809389215088	0.901433488128907	0.0
0.32868176891656153	0.9005952413723638	0.0
0.33018259891161433	0.8997548143958257	0.0
0.33168342890666713	0.8989113496077427	0.0
0.33318425890171993	0.898065298735472	0.0
0.33468508889677273	0.8972166771175422	0.0
0.33618591889182553	0.8963655001296863	0.0
0.33768674888687833	0.8955117831845358	0.0
0.33918757888193113	0.8946555417313152	0.0
0.34068840887698393	0.8937967912555064	0.0
0.34218923887203667	0.8929355472785168	0.0
0.34369006886708947	0.8920722386729911	0.0
0.34519089886214227	0.8912060543981474	0.0
0.34669172885719507	0.8903374233969193	0.0
0.34819255885224787	0.8894663613312906	0.0
0.34969338884730067	0.888592883897576	0.0
0.35119421884235347	0.8877170068261077	0.0
0.35269504883740627	0.8868387458809341	0.0
0.354195878832459	0.885958116859502	0.0
0.3556967088275118	0.8850755279633387	0.0
0.3571975388225646	0.8841902103119142	0.0
0.3586983688176174	0.8833025721719296	0.0
0.3601991988126702	0.8824126294712021	0.0
0.361700028807723	0.8815203981693577	0.0
0.3632008588027758	0.8806258942574923	0.0
0.3647016887978286	0.8797291337578592	0.0
0.36620251879288135	0.8788301327235584	0.0
0.36770334878793415	0.8779292783147957	0.0
0.36920417878298695	0.877025844490587	0.0
0.37070500877803975	0.8761202184712524	0.0
0.37220583877309255	0.875212416430089	0.0
0.37370666876814534	0.8743024545696582	0.0
0.37520749876319814	0.8733903491214713	0.0
0.37670832875825094	0.8724761163456669	0.0
0.3782091587533037	0.8715597725306867	0.0
0.3797099887483565	0.870641683452412	0.0
0.3812108187434093	0.8697211665344836	0.0
0.3827116487384621	0.8687985876078234	0.0
0.3842124787335149	0.8678739630709336	0.0
0.3857133087285677	0.8669473093490386	0.0
0.3872141387236205	0.866018642893777	0.0
0.3887149687186733	0.8650879801828713	0.0
0.3902157987137261	0.8641553377198185	0.0
0.3917166287087788	0.8632207320335595	0.0
0.3932174587038316	0.8622841796781697	0.0
0.3947182886988844	0.8613456972325746	0.0
0.3962191186939372	0.8604053013001999	0.0
0.39771994868899	0.8594630085086467	0.0
0.3992207786840428	0.8585188355094124	0.0
0.4007216086790956	0.8575727989775562	0.0
0.4022224386741484	0.8566249156113596	0.0
0.40372326866920116	0.8556752021320375	0.0
0.40522409866425396	0.8547236752834253	0.0
0.40672492865930676	0.8537703518316493	0.0
0.40822575865435956	0.8528152485648058	0.0
0.40972658864941236	0.8518583822926475	0.0
0.41122741864446516	0.8508997698462922	0.0
0.41272824863951796	0.8499394280778917	0.0
0.41422907863457076	0.8489773738602985	0.0
0.4157299086296235	0.8480136240867743	0.0
0.4172307386246763	0.8470481956706565	0.0
0.4187315686197291	0.8460811055450392	0.0
0.4202323986147819	0.8451123706624809	0.0
0.4217332286098347	0.8441420079946782	0.0
0.4232340586048875	0.8431700345321457	0.0
0.4247348885999403	0.842196467283905	0.0
0.4262357185949931	0.8412213232771654	0.0
0.42773654859004584	0.8402446195570035	0.0
0.42923737858509864	0.8392663731860572	0.0
0.43073820858015144	0.8382866012441971	0.0
0.43223903857520424	0.8373053208282069	0.0
0.43373986857025704	0.8363225490514926	0.0
0.43524069856530984	0.8353383030437584	0.0
0.43674152856036264	0.8343525999506719	0.0
0.43824235855541543	0.8333654569335481	0.0
0.43974318855046823	0.8323768911690556	0.0
0.441244018545521	0.8313869198489127	0.0
0.4427448485405738	0.8303955601795366	0.0
0.4442456785356266	0.8294028293817084	0.0
0.4457465085306794	0.8284087446902914	0.0
0.4472473385257322	0.8274133233539293	0.0
0.448748168520785	0.8264165826347069	0.0
0.4502489985158378	0.8254185398078309	0.0
0.45174982851089057	0.8244192121613266	0.0
0.4532506585059433	0.8234186169957197	0.0
0.4547514885009961	0.8224167716237081	0.0
0.4562523184960489	0.8214136933698465	0.0
0.4577531484911017	0.820409399570245	0.0
0.4592539784861545	0.8194039075722339	0.0
0.4607548084812073	0.8183972347340517	0.0
0.4622556384762601	0.8173893984245452	0.0
0.4637564684713129	0.8163804160228354	0.0
0.46525729846636565	0.815370304918004	0.0
0.46675812846141845	0.8143590825087736	0.0
0.46825895845647125	0.8133467662031939	0.0
0.46975978845152405	0.8123333734183323	0.0
0.47126061844657685	0.811318921579951	0.0
0.47276144844162965	0.8103034281221897	0.0
0.47426227843668245	0.8092869104872461	0.0
0.47576310843173525	0.8082693861250613	0.0
0.477263938426788	0.8072508724930032	0.0
0.4787647684218408	0.8062313870555446	0.0
0.4802655984168936	0.805210947283953	0.0
0.4817664284119464	0.8041895706559725	0.0
0.4832672584069992	0.8031672746555057	0.0
0.484768088402052	0.802144076772293	0.0
0.4862689183971048	0.80111999450159	0.0
0.4877697483921576	0.8000950453438673	0.0
0.4892705783872104	0.7990692468044928	0.0
0.49077140838226313	0.7980426163933979	0.0
0.49227223837731593	0.7970151716247691	0.0
0.49377306837236873	0.7959869300167348	0.0
0.49527389836742153	0.7949579090910434	0.0
0.4967747283624743	0.7939281263727356	0.0
0.4982755583575271	0.7928975993898316	0.0
0.4997763883525799	0.791866345673031	0.0
0.5012772183476327	0.7908343827553932	0.0
0.5027780483426855	0.7898017281720097	0.0
0.5042788783377383	0.7887679170404639	0.0
0.5057797083327911	0.7877339317395596	0.0
0.5072805383278439	0.7866988206765777	0.0
0.5087813683228967	0.7856635748193309	0.0
0.5102821983179494	0.7846272339907484	0.0
0.5117830283130023	0.7835904026879723	0.0
0.513283858308055	0.7825533975590009	0.0
0.5147846883031079	0.7815153436492445	0.0
0.5162855182981606	0.7804772533785658	0.0
0.5177863482932135	0.7794381451196679	0.0
0.5192871782882662	0.7783990398634142	0.0
0.520788008283319	0.7773589474083875	0.0
0.5222888382783718	0.776318466791163	0.0
0.5237896682734245	0.7752779705711828	0.0
0.5252904982684774	0.7742365333266399	0.0
0.5267913282635301	0.7731951974457583	0.0
0.528292158258583	0.7721529513122065	0.0
0.5297929882536357	0.7711108458594528	0.0
0.5312938182486886	0.7700678609150464	0.0
0.5327946482437413	0.7690250559488917	0.0
0.5342954782387941	0.7679814022389755	0.0
0.5357963082338469	0.7669374917567605	0.0
0.5372971382288997	0.765893768802412	0.0
0.5387979682239525	0.764849243197733	0.0
0.5402987982190053	0.763804995711244	0.0
0.5417996282140581	0.7627599762799148	0.0
0.5433004582091109	0.7617152741730302	0.0
0.5448012882041637	0.7606698308059774	0.0
0.5463021181992165	0.7596247439372266	0.0
0.5478029481942692	0.7585789464699798	0.0
0.5493037781893221	0.7575330232695053	0.0
0.5508046081843748	0.756487490115574	0.0
0.5523054381794277	0.7554412923087708	0.0
0.5538062681744804	0.7543955487755576	0.0
0.5553070981695333	0.7533491711839525	0.0
0.556807928164586	0.752303286904034	0.0
0.5583087581596388	0.7512567991295236	0.0
0.5598095881546916	0.7502102871764407	0.0
0.5613104181497444	0.7491643221722524	0.0
0.5628112481447972	0.7481177994580562	0.0
0.56431207813985	0.7470718674484907	0.0
0.5658129081349028	0.7460254082064008	0.0
0.5673137381299556	0.7449795785368606	0.0
0.5688145681250084	0.7439332520739463	0.0
0.5703153981200612	0.7428875939965588	0.0
0.5718162281151139	0.7418414695244387	0.0
0.5733170581101668	0.7407954508183493	0.0
0.5748178881052195	0.7397501797627797	0.0
0.5763187181002724	0.7387044878311266	0.0
0.5778195480953251	0.7376595610602966	0.0
0.579320378090378	0.7366142437013009	0.0
0.5808212080854307	0.7355697301019732	0.0
0.5823220380804836	0.7345248561543046	0.0
0.5838228680755363	0.7334808244977511	0.0
0.585323698070589	0.7324364626824759	0.0
0.5868245280656419	0.7313923356998306	0.0
0.5883253580606946	0.7303491556411028	0.0
0.5898261880557475	0.7293056906107815	0.0
0.5913270180508002	0.7282631638887267	0.0
0.5928278480458531	0.7272203822497789	0.0
0.5943286780409058	0.7261785771929413	0.0
0.5958295080359586	0.7251365472162268	0.0
0.5973303380310114	0.7240948517311487	0.0
0.5988311680260642	0.7230542569885978	0.0
0.600331998021117	0.7220134822105817	0.0
0.6018328280161698	0.7209737793461733	0.0
0.6033336580112226	0.7199339262898432	0.0
0.6048344880062754	0.7188951831299817	0.0
0.6063353180013282	0.7178563195566512	0.0
0.607836147996381	0.7168186037734737	0.0
0.6093369779914337	0.715780797288133	0.0
0.6108378079864866	0.7147434523414591	0.0
0.6123386379815393	0.7137074041618892	0.0
0.6138394679765922	0.712671309718432	0.0
0.6153402979716449	0.7116364573933118	0.0
0.6168411279666978	0.7106015883385873	0.0
0.6183419579617505	0.7095679989626308	0.0
0.6198427879568033	0.7085344223169213	0.0
0.6213436179518561	0.7075014050732826	0.0
0.6228444479469089	0.7064698355408677	0.0
0.6243452779419617	0.7054383227863886	0.0
0.6258461079370145	0.7044081831652919	0.0
0.6273469379320673	0.7033781295869521	0.0
0.62884776792712	0.7023494863368291	0.0
0.6303485979221729	0.7013209583127087	0.0
0.6318494279172256	0.700293877701341	0.0
0.6333502579122784	0.6992669414156379	0.0
0.6348510879073312	0.6982406889859105	0.0
0.636351917902384	0.6972160761565539	0.0
0.6378527478974368	0.6961916511433325	0.0
0.6393535778924896	0.6951687657567687	0.0
0.6408544078875424	0.6941460970682503	0.0
0.6423552378825952	0.6931250046846189	0.0
0.643856067877648	0.6921041577903879	0.0
0.6453568978727008	0.6910849237574332	0.0
0.6468577278677535	0.6900659639126662	0.0
0.6483585578628064	0.6890478106745742	0.0
0.6498593878578591	0.6880314862220909	0.0
0.651360217852912	0.6870154788304589	0.0
0.6528610478479647	0.6860011751440219	0.0
0.6543618778430176	0.6849872169773437	0.0
0.6558627078380703	0.6839749986262378	0.0
0.6573635378331231	0.6829631541544415	0.0
0.6588643678281759	0.6819522104755068	0.0
0.6603651978232287	0.6809432406885705	0.0
0.6618660278182815	0.6799346871322054	0.0
0.6633668578133343	0.6789279630826067	0.0
0.6648676878083871	0.6779216833664282	0.0
0.6663685178034399	0.6769172687913013	0.0
0.6678693477984927	0.6759133265464548	0.0
0.6693701777935455	0.674911284935495	0.0
0.6708710077885982	0.6739097435438062	0.0
0.6723718377836511	0.6729092222491893	0.0
0.6738726677787038	0.6719108585792111	0.0
0.6753734977737567	0.6709130367582294	0.0
0.6768743277688094	0.6699172036713001	0.0
0.6783751577638623	0.6689219400446117	0.0
0.679875987758915	0.6679287001311018	0.0
0.6813768177539679	0.6669360571748006	0.0
0.6828776477490206	0.6659454727588143	0.0
0.6843784777440733	0.6649555126808933	0.0
0.6858793077391262	0.6639666898388833	0.0
0.6873801377341789	0.6629802049376764	0.0
0.6888809677292318	0.6619943852268783	0.0
0.6903817977242845	0.6610107104468194	0.0
0.6918826277193374	0.6600277279399644	0.0
0.6933834577143901	0.6590469246410008	0.0
0.6948842877094429	0.658066840575721	0.0
0.6963851177044957	0.6570879832574807	0.0
0.6978859476995485	0.656111601610277	0.0
0.6993867776946013	0.6551359794071193	0.0
0.7008876076896541	0.6541626213931621	0.0
0.7023884376847069	0.6531900494703863	0.0
0.7038892676797597	0.6522197754367708	0.0
0.7053900976748125	0.6512503140131443	0.0
0.7068909276698653	0.6502831840088085	0.0
0.708391757664918	0.6493168930032192	0.0
0.7098925876599709	0.6483519416515696	0.0
0.7113934176550236	0.6473896396250832	0.0
0.7128942476500765	0.646428215935989	0.0
0.7143950776451292	0.6454692067375918	0.0
0.7158959076401821	0.6445111019330388	0.0
0.7173967376352348	0.6435554445383803	0.0
0.7188975676302876	0.6426007174582318	0.0
0.7203983976253404	0.6416474160690728	0.0
0.7218992276203932	0.6406968962730675	0.0
0.723400057615446	0.6397473454174107	0.0
0.7249008876104988	0.6388003234839962	0.0
0.7264017176055516	0.6378542960650663	0.0
0.7279025476006044	0.636910829851385	0.0
0.7294033775956572	0.6359683835849413	0.0
0.73090420759071	0.6350285306204653	0.0
0.7324050375857627	0.6340897228930438	0.0
0.7339058675808156	0.6331524490710535	0.0
0.7354066975758683	0.6322181231268245	0.0
0.7369075275709212	0.6312848800861453	0.0
0.7384083575659739	0.6303543097646663	0.0
0.7399091875610267	0.6294248472724936	0.0
0.7414100175560795	0.6284980889290155	0.0
0.7429108475511323	0.6275724631923648	0.0
0.7444116775461851	0.6266495728389785	0.0
0.7459125075412378	0.6257278397201639	0.0
0.7474133375362907	0.6248077458926532	0.0
0.7489141675313434	0.6238907617922452	0.0
0.7504149975263963	0.6229749715873499	0.0
0.751915827521449	0.622061993990441	0.0
0.7534166575165019	0.6211502345360551	0.0
0.7549174875115546	0.6202413182274785	0.0
0.7564183175066074	0.6193336441536196	0.0
0.7579191475016602	0.6184276893008032	0.0
0.759419977496713	0.6175249668666494	0.0
0.7609208074917658	0.6166235225155344	0.0
0.7624216374868186	0.6157249967655293	0.0
0.7639224674818714	0.614827772797606	0.0
0.7654232974769242	0.6139334972499517	0.0
0.766924127471977	0.6130405470237494	0.0
0.7684249574670298	0.6121505748277534	0.0
0.7699257874620825	0.6112627741215314	0.0
0.7714266174571354	0.6103763337416137	0.0
0.7729274474521881	0.6094929154089697	0.0
0.774428277447241	0.6086117078660142	0.0
0.7759291074422937	0.6077327241170536	0.0
0.7774299374373466	0.6068559771188878	0.0
0.7789307674323993	0.6059814797806128	0.0
0.7804315974274522	0.6051092449634284	0.0
0.7819324274225049	0.6042392854804858	0.0
0.7834332574175576	0.6033716140967065	0.0
0.7849340874126105	0.6025054058278574	0.0
0.7864349174076632	0.6016423487470766	0.0
0.7879357474027161	0.6007816177727675	0.0
0.7894365773977688	0.5999232254751274	0.0
0.7909374073928217	0.5990671843752422	0.0
0.7924382373878744	0.5982135069449115	0.0
0.7939390673829272	0.5973622056064835	0.0
0.79543989737798	0.5965124449732616	0.0
0.7969407273730328	0.59566593289081	0.0
0.7984415573680856	0.5948209832977481	0.0
0.7999423873631384	0.5939793095705793	0.0
0.8014432173581912	0.5931400733069269	0.0
0.802944047353244	0.592303286628872	0.0
0.8044448773482968	0.5914689616078845	0.0
0.8059457073433496	0.5906371102646434	0.0
0.8074465373384023	0.589807744568889	0.0
0.8089473673334552	0.588980016217627	0.0
0.8104481973285079	0.5881556575253922	0.0
0.8119490273235608	0.5873338200864957	0.0
0.8134498573186135	0.5865145156653307	0.0
0.8149506873136664	0.585697755974553	0.0
0.8164515173087191	0.584883552674936	0.0
0.817952347303772	0.5840719173752222	0.0
0.8194531772988247	0.5832628616319577	0.0
0.8209540072938775	0.5824563969493426	0.0
0.8224548372889303	0.5816516626364394	0.0
0.8239556672839831	0.5808504143815509	0.0
0.8254564972790359	0.5800517913883156	0.0
0.8269573272740887	0.5792558049500872	0.0
0.8284581572691415	0.5784624663071336	0.0
0.8299589872641943	0.5776717866464894	0.0
0.831459817259247	0.5768837771018248	0.0
0.8329606472542999	0.5760975677207507	0.0
0.8344614772493526	0.575314931598793	0.0
0.8359623072444055	0.5745341151658481	0.0
0.8374631372394582	0.5737568963651648	0.0
0.838963967234511	0.5729824025511724	0.0
0.8404647972295638	0.5722106445343283	0.0
0.8419656272246167	0.5714416330707293	0.0
0.8434664572196694	0.5706753788619883	0.0
0.8449672872147221	0.569911892555089	0.0
0.846468117209775	0.5691502927804043	0.0
0.8479689472048277	0.5683923740029506	0.0
0.8494697771998806	0.5676372547431886	0.0
0.8509706071949333	0.5668849454282452	0.0
0.8524714371899862	0.5661354564299467	0.0
0.8539722671850389	0.5653887980646987	0.0
0.8554730971800917	0.564644980593359	0.0
0.8569739271751445	0.5639031141543529	0.0
0.8584747571701973	0.5631650090346026	0.0
0.8599755871652501	0.5624288729426875	0.0
0.8614764171603029	0.56169652055623	0.0
0.8629772471553557	0.5609670595383057	0.0
0.8644780771504085	0.5602404998137713	0.0
0.8659789071454613	0.5595168512510488	0.0
0.8674797371405141	0.5587961236619969	0.0
0.8689805671355668	0.5580783268017943	0.0
0.8704813971306197	0.5573625603984949	0.0
0.8719822271256724	0.5566506540383277	0.0
0.8734830571207253	0.5559417073353651	0.0
0.874983887115778	0.555235729816841	0.0
0.8764847171108309	0.5545327309527232	0.0
0.8779855471058836	0.5538327201555914	0.0
0.8794863771009365	0.5531357067805044	0.0
0.8809872070959892	0.5524417001248872	0.0
0.882488037091042	0.5517507094284253	0.0
0.8839888670860948	0.5510618245894928	0.0
0.8854896970811476	0.5503768933029802	0.0
0.8869905270762004	0.5496950053511981	0.0
0.8884913570712532	0.5490161697417113	0.0
0.889992187066306	0.5483403954237759	0.0
0.8914930170613588	0.5476676912882343	0.0
0.8929938470564115	0.5469980661674018	0.0
0.8944946770514643	0.5463306027219387	0.0
0.8959955070465171	0.5456671618969728	0.0
0.89749633704157	0.5450058982384074	0.0
0.8989971670366227	0.5443486763418361	0.0
0.9004979970316755	0.5436945767481529	0.0
0.9019988270267283	0.5430436079362221	0.0
0.9034996570217811	0.542395778325636	0.0
0.9050004870168339	0.5417510962766084	0.0
0.9065013170118866	0.5411095700898572	0.0
0.9080021470069395	0.5404702736518746	0.0
0.9095029770019922	0.5398350838575939	0.0
0.9110038069970451	0.5392030744740164	0.0
0.9125046369920978	0.5385742535628867	0.0
0.9140054669871507	0.5379486291259693	0.0
0.9155062969822034	0.5373262091049312	0.0
0.9170071269772563	0.5367070013812392	0.0
0.918507956972309	0.5360910137760764	0.0
0.9200087869673618	0.5354782540502329	0.0
0.9215096169624146	0.5348677879218519	0.0
0.9230104469574674	0.5342615069992069	0.0
0.9245112769525202	0.5336584768791882	0.0
0.926012106947573	0.5330587050800609	0.0
0.9275129369426258	0.5324621990592164	0.0
0.9290137669376786	0.5318689662130849	0.0
0.9305145969327313	0.5312790138770495	0.0
0.9320154269277842	0.5306914018401582	0.0
0.9335162569228369	0.5301080322900396	0.0
0.9350170869178898	0.5295270159052502	0.0
0.9365179169129425	0.5289502577561123	0.0
0.9380187469079954	0.5283768158834384	0.0
0.9395195769030481	0.527806697254346	0.0
0.941020406898101	0.5272399087742644	0.0
0.9425212368931537	0.5266764572868363	0.0
0.9440220668882064	0.5261163495738237	0.0
0.9455228968832593	0.5255586383527304	0.0
0.947023726878312	0.5250052382902478	0.0
0.9485245568733649	0.5244552019797107	0.0
0.9500253868684176	0.5239085359545459	0.0
0.9515262168634705	0.5233652466858849	0.0
0.9530270468585232	0.5228253405824718	0.0
0.954527876853576	0.5222888239905845	0.0
0.9560287068486288	0.5217547445610452	0.0
0.9575295368436816	0.5212250257850953	0.0
0.9590303668387344	0.5206977553031866	0.0
0.9605311968337872	0.5201748589852406	0.0
0.96203202682884	0.5196553829789539	0.0
0.9635328568238928	0.5191393332540771	0.0
0.9650336868189456	0.5186267157173223	0.0
0.9665345168139984	0.5181175362122855	0.0
0.9680353468090511	0.5176118005193769	0.0
0.969536176804104	0.5171085503381609	0.0
0.9710370067991567	0.5166097193619017	0.0
0.9725378367942096	0.5161143491633834	0.0
0.9740386667892623	0.5156224452694674	0.0
0.9755394967843152	0.5151340131434373	0.0
0.9770403267793679	0.5146490581849292	0.0
0.9785411567744208	0.5141675857298555	0.0
0.9800419867694735	0.5136896010503321	0.0
0.9815428167645263	0.5132151093545957	0.0
0.9830436467595791	0.5127431470306654	0.0
0.9845444767546319	0.5122756566757196	0.0
0.9860453067496847	0.511811674549704	0.0
0.9875461367447375	0.5113512056046693	0.0
0.9890469667397903	0.510894254728438	0.0
0.9905477967348431	0.5104408267445377	0.0
0.9920486267298958	0.5099909264121291	0.0
0.9935494567249487	0.5095435864344722	0.0
0.9950502867200014	0.5091007554291562	0.0
0.9965511167150543	0.508660493127369	0.0
0.998051946710107	0.5082247497205695	0.0
0.9995527767051599	0.5077925568021169	0.0
1.0010536067002127	0.5073639187436163	0.0
1.0025544366952654	0.5069388398518567	0.0
1.0040552666903182	0.5065173243687451	0.0
1.005556096685371	0.5060993764712355	0.0
1.0070569266804237	0.505684024704026	0.0
1.0085577566754766	0.5052716524303845	0.0
1.0100585866705294	0.5048644317169603	0.0
1.0115594166655821	0.5044607946577995	0.0
1.0130602466606349	0.5040607451042332	0.0
1.0145610766556878	0.5036633095740598	0.0
1.0160619066507406	0.5032704463288119	0.0
1.0175627366457933	0.5028811817555157	0.0
1.019063566640846	0.5024955194439574	0.0
1.0205643966358988	0.5021124844369879	0.0
1.0220652266309518	0.5017324569019774	0.0
1.0235660566260045	0.501357622274761	0.0
1.0250668866210573	0.5009864036241539	0.0
1.02656771661611	0.5006188042117862	0.0
1.028068546611163	0.5002538474207803	0.0
1.0295693766062157	0.4998934960109872	0.0
1.0310702066012685	0.4995367732338069	0.0
1.0325710365963212	0.4991836820874115	0.0
1.034071866591374	0.4988332447748364	0.0
1.035572696586427	0.49848583848320793	0.0
1.0370735265814797	0.4981436595741456	0.0
1.0385743565765324	0.4978051236398617	0.0
1.0400751865715852	0.4974702333481624	0.0
1.041576016566638	0.4971380096122936	0.0
1.0430768465616909	0.49680882805725873	0.0
1.0445776765567436	0.4964848900538382	0.0
1.0460785065517963	0.4961646077133072	0.0
1.047579336546849	0.49584798337202096	0.0
1.049080166541902	0.4955340368600524	0.0
1.0505809965369548	0.4952247352650696	0.0
1.0520818265320075	0.49491909828420344	0.0
1.0535826565270603	0.49461712798793267	0.0
1.055083486522113	0.49431784348900903	0.0
1.056584316517166	0.49402161777202597	0.0
1.0580851465122187	0.4937306593027677	0.0
1.0595859765072715	0.4934433751457589	0.0
1.0610868065023242	0.49315976703837927	0.0
1.0625876364973772	0.4928788533838171	0.0
1.06408846649243	0.49260260232534514	0.0
1.0655892964874827	0.4923300321326321	0.0
1.0670901264825354	0.49206114427601816	0.0
1.0685909564775882	0.49179495674107687	0.0
1.0700917864726411	0.4915318400928166	0.0
1.0715926164676939	0.4912740074141797	0.0
1.0730934464627466	0.4910198622960934	0.0
1.0745942764577994	0.4907694058745181	0.0
1.0760951064528523	0.4905216558009953	0.0
1.077595936447905	0.4902785799170015	0.0
1.0790967664429578	0.4900391957401245	0.0
1.0805975964380106	0.4898035041384365	0.0
1.0820984264330633	0.48957052264692147	0.0
1.0835992564281163	0.4893406196333953	0.0
1.085100086423169	0.48911601031166346	0.0
1.0866009164182218	0.4888950963788392	0.0
1.0881017464132745	0.48867787836781046	0.0
1.0896025764083275	0.4884633738565347	0.0
1.0911034064033802	0.4882535490238463	0.0
1.092604236398433	0.48804742131352796	0.0
1.0941050663934857	0.4878449909901087	0.0
1.0956058963885384	0.4876452758170731	0.0
1.0971067263835914	0.4874486421886771	0.0
1.0986075563786442	0.4872573049581275	0.0
1.100108386373697	0.4870696655131349	0.0
1.1016092163687496	0.48688572378267736	0.0
1.1031100463638024	0.4867044979512566	0.0
1.1046108763588554	0.4865263534132538	0.0
1.106111706353908	0.4863535037451366	0.0
1.1076125363489608	0.4861843508479319	0.0
1.1091133663440136	0.48601889431506806	0.0
1.1106141963390666	0.4858561529623306	0.0
1.1121150263341193	0.4856980876745122	0.0
1.113615856329172	0.48554371713322747	0.0
1.1151166863242248	0.4853930406635895	0.0
1.1166175163192775	0.4852450777378359	0.0
1.1181183463143305	0.48510019212653754	0.0
1.1196191763093832	0.4849605931681435	0.0
1.121120006304436	0.48482468492312064	0.0
1.1226208362994887	0.48469246638149144	0.0
1.1241216662945417	0.48456295802532245	0.0
1.1256224962895944	0.4844381155971026	0.0
1.1271233262846472	0.48431695944502756	0.0
1.1286241562797	0.4841994882913777	0.0
1.1301249862747527	0.4840847235774131	0.0
1.1316258162698056	0.4839730276754941	0.0
1.1331266462648584	0.4838666031981914	0.0
1.1346274762599111	0.48376385795154464	0.0
1.1361283062549639	0.48366479032374976	0.0
1.1376291362500168	0.4835684231440048	0.0
1.1391299662450696	0.4834767056559851	0.0
1.1406307962401223	0.4833886605555504	0.0
1.142131626235175	0.4833042859641923	0.0
1.1436324562302278	0.4832226059724276	0.0
1.1451332862252808	0.48314398178028517	0.0
1.1466341162203335	0.48307060679537706	0.0
1.1481349462153863	0.483000894151594	0.0
1.149635776210439	0.4829348416379274	0.0
1.151136606205492	0.48287147510986733	0.0
1.1526374362005447	0.4828127359623605	0.0
1.1541382661955975	0.4827576499182955	0.0
1.1556390961906502	0.48270621450147505	0.0
1.157139926185703	0.4826574571296765	0.0
1.158640756180756	0.4826117380564651	0.0
1.1601415861758086	0.4825712390186593	0.0
1.1616424161708614	0.4825343800536509	0.0
1.1631432461659141	0.4825011583549594	0.0
1.164644076160967	0.4824706034805444	0.0
1.1661449061560198	0.4824446476359149	0.0
1.1676457361510726	0.4824223202474407	0.0
1.1691465661461253	0.4824036182454777	0.0
1.170647396141178	0.4823875730495071	0.0
1.172148226136231	0.482374544192192	0.0
1.1736490561312838	0.4823666992917227	0.0
1.1751498861263365	0.4823624668550036	0.0
1.1766507161213893	0.4823618434849476	0.0
1.178151546116442	0.48236386311388063	0.0
1.179652376111495	0.482368884970784	0.0
1.1811532061065477	0.4823790677815727	0.0
1.1826540361016005	0.48239284543010336	0.0
1.1841548660966532	0.48241021419370483	0.0
1.1856556960917062	0.48243021072320835	0.0
1.187156526086759	0.4824547502938791	0.0
1.1886573560818117	0.48248286942704954	0.0
1.1901581860768644	0.4825145641410672	0.0
1.1916590160719172	0.4825488734088515	0.0
1.1931598460669701	0.4825861560880605	0.0
1.1946606760620229	0.4826285530255481	0.0
1.1961615060570756	0.48267450898425224	0.0
1.1976623360521284	0.4827240196608219	0.0
1.1991631660471813	0.48277612711380913	0.0
1.200663996042234	0.4828327340642347	0.0
1.2021648260372868	0.4828928824428402	0.0
1.2036656560323395	0.48295656769066	0.0
1.2051664860273923	0.48302283448029354	0.0
1.2066673160224453	0.4830920415215089	0.0
1.208168146017498	0.4831663094027437	0.0
1.2096689760125507	0.4832440952931481	0.0
1.2111698060076035	0.4833253943166022	0.0
1.2126706360026565	0.4834092545938713	0.0
1.2141714659977092	0.4834975650070222	0.0
1.215672295992762	0.4835893735509587	0.0
1.2171731259878147	0.48368467509784274	0.0
1.2186739559828674	0.48378252067043065	0.0
1.2201747859779204	0.483883269052654	0.0
1.2216756159729731	0.48398901823099694	0.0
1.2231764459680259	0.4840982392869324	0.0
1.2246772759630786	0.48421092678068106	0.0
1.2261781059581316	0.48432613554027015	0.0
1.2276789359531843	0.4844457393465921	0.0
1.229179765948237	0.4845687929040444	0.0
1.2306805959432898	0.4846952905255721	0.0
1.2321814259383426	0.48482429022445217	0.0
1.2336822559333955	0.4849561510791301	0.0
1.2351830859284483	0.48509294617154275	0.0
1.236683915923501	0.48523316197728267	0.0
1.2381847459185538	0.4853767925032207	0.0
1.2396855759136065	0.485522899918761	0.0
1.2411864059086595	0.48567184356003035	0.0
1.2426872359037122	0.4858256816957037	0.0
1.244188065898765	0.48598290998349075	0.0
1.2456888958938177	0.4861435221277328	0.0
1.2471897258888707	0.4863065846458525	0.0
1.2486905558839234	0.486473945380115	0.0
1.2501913858789762	0.4866446707282695	0.0
1.251692215874029	0.4868187541553257	0.0
1.2531930458690816	0.48699526579373703	0.0
1.2546938758641346	0.4871745656127773	0.0
1.2561947058591874	0.4873586834878961	0.0
1.25769553585424	0.48754613271987723	0.0
1.2591963658492928	0.48773690647807316	0.0
1.2606971958443458	0.48793007958242507	0.0
1.2621980258393986	0.4881274816708473	0.0
1.2636988558344513	0.4883281874464847	0.0
1.265199685829504	0.4885321898451062	0.0
1.2667005158245568	0.4887385675699991	0.0
1.2682013458196097	0.48894768143810935	0.0
1.2697021758146625	0.4891615307561745	0.0
1.2712030058097152	0.4893786478729293	0.0
1.272703835804768	0.4895990254359742	0.0
1.274204665799821	0.48982174716722077	0.0
1.2757054957948737	0.4900486233414881	0.0
1.2772063257899264	0.49027873756701046	0.0
1.2787071557849792	0.49051208226402687	0.0
1.280207985780032	0.4907477452991577	0.0
1.2817088157750849	0.4909860885486907	0.0
1.2832096457701376	0.49122907863329035	0.0
1.2847104757651904	0.49147526831885474	0.0
1.2862113057602431	0.4917246497455286	0.0
1.287712135755296	0.49197631612060694	0.0
1.2892129657503488	0.49223205723233127	0.0
1.2907137957454016	0.4924909661776528	0.0
1.2922146257404543	0.4927530348760308	0.0
1.293715455735507	0.49301736093325876	0.0
1.29521628573056	0.4932843074934254	0.0
1.2967171157256128	0.49355580643622365	0.0
1.2982179457206655	0.49383043227537254	0.0
1.2997187757157183	0.494108176658847	0.0
1.3012196057107712	0.4943881428453725	0.0
1.302720435705824	0.49467209905080867	0.0
1.3042212657008767	0.4949591484270856	0.0
1.3057220956959295	0.4952492824085826	0.0
1.3072229256909822	0.49554249237679077	0.0
1.3087237556860352	0.49583788741236157	0.0
1.310224585681088	0.4961372232919107	0.0
1.3117254156761406	0.4964396089913561	0.0
1.3132262456711934	0.4967450356827003	0.0
1.3147270756662461	0.497052617223569	0.0
1.316227905661299	0.4973627191367501	0.0
1.3177287356563518	0.49767721533254344	0.0
1.3192295656514046	0.49799471670209683	0.0
1.3207303956464573	0.498315214160308	0.0
1.3222312256415103	0.49863782768245646	0.0
1.323732055636563	0.4989642898637137	0.0
1.3252328856316158	0.49929372057845445	0.0
1.3267337156266685	0.4996261105397739	0.0
1.3282345456217213	0.49996058473201704	0.0
1.3297353756167742	0.5002975104616328	0.0
1.331236205611827	0.500638721957208	0.0
1.3327370356068797	0.5009828550649046	0.0
1.3342378656019325	0.5013299002505057	0.0
1.3357386955969854	0.5016789889003489	0.0
1.3372395255920382	0.5020318294480575	0.0
1.338740355587091	0.5023875531830656	0.0
1.3402411855821437	0.5027461503773514	0.0
1.3417420155771964	0.5031067576490977	0.0
1.3432428455722494	0.5034697442827876	0.0
1.3447436755673021	0.5038369030227359	0.0
1.3462445055623549	0.5042068958431432	0.0
1.3477453355574076	0.5045797127788628	0.0
1.3492461655524606	0.5049544971225493	0.0
1.3507469955475133	0.5053329322105607	0.0
1.352247825542566	0.5057141612427902	0.0
1.3537486555376188	0.5060981740685524	0.0
1.3552494855326715	0.506484119425448	0.0
1.3567503155277245	0.5068723687656607	0.0
1.3582511455227773	0.5072646716245811	0.0
1.35975197551783	0.5076597172283533	0.0
1.3612528055128827	0.5080574951996711	0.0
1.3627536355079357	0.5084571612108002	0.0
1.3642544655029885	0.5088603726108438	0.0
1.3657552954980412	0.5092662849835492	0.0
1.367256125493094	0.509674887774605	0.0
1.3687569554881467	0.5100853423043501	0.0
1.3702577854831997	0.5104980223772898	0.0
1.3717586154782524	0.5109146326753667	0.0
1.3732594454733051	0.5113338907498735	0.0
1.3747602754683579	0.5117557858306492	0.0
1.3762611054634106	0.5121794864202152	0.0
1.3777619354584636	0.5126053677074099	0.0
1.3792627654535163	0.5130351087758696	0.0
1.380763595448569	0.5134674433573332	0.0
1.3822644254436218	0.5139023604718708	0.0
1.3837652554386748	0.5143390359361354	0.0
1.3852660854337275	0.5147790850160794	0.0
1.3867669154287803	0.515221683446671	0.0
1.388267745423833	0.5156668200845983	0.0
1.3897685754188858	0.5161136766901245	0.0
1.3912694054139387	0.5165626310809394	0.0
1.3927702354089915	0.517015315092754	0.0
1.3942710654040442	0.5174704923479991	0.0
1.395771895399097	0.517928151504707	0.0
1.39727272539415	0.5183874818645883	0.0
1.3987735553892027	0.5188500706461887	0.0
1.4002743853842554	0.5193151070740079	0.0
1.4017752153793082	0.5197825796516278	0.0
1.403276045374361	0.5202516838009269	0.0
1.4047768753694139	0.5207228001388895	0.0
1.4062777053644666	0.5211975118212595	0.0
1.4077785353595194	0.5216746132993305	0.0
1.409279365354572	0.5221540928892532	0.0
1.410780195349625	0.5226351537684598	0.0
1.4122810253446778	0.5231193543874149	0.0
1.4137818553397306	0.5236058978508477	0.0
1.4152826853347833	0.5240947723295004	0.0
1.416783515329836	0.524585187286923	0.0
1.418284345324889	0.5250775263038163	0.0
1.4197851753199418	0.5255733225088716	0.0
1.4212860053149945	0.526071402066171	0.0
1.4227868353100472	0.5265717529703656	0.0
1.4242876653051002	0.5270735926413067	0.0
1.425788495300153	0.5275784500891497	0.0
1.4272893252952057	0.5280855426655952	0.0
1.4287901552902584	0.5285948582289928	0.0
1.4302909852853112	0.5291056206405802	0.0
1.4317918152803641	0.5296182166028803	0.0
1.4332926452754169	0.5301341279559633	0.0
1.4347934752704696	0.5306522134059836	0.0
1.4362943052655224	0.5311724606465906	0.0
1.4377951352605751	0.5316941016826903	0.0
1.439295965255628	0.5322175250167838	0.0
1.4407967952506808	0.5327441834823268	0.0
1.4422976252457336	0.5332729542022162	0.0
1.4437984552407863	0.5338038247117532	0.0
1.4452992852358393	0.5343360352578644	0.0
1.446800115230892	0.5348710678325629	0.0
1.4483009452259448	0.5354081626217096	0.0
1.4498017752209975	0.5359473070384867	0.0
1.4513026052160503	0.5364877479914557	0.0
1.4528034352111032	0.5370298773378573	0.0
1.454304265206156	0.5375750948304375	0.0
1.4558050952012087	0.5381223113151223	0.0
1.4573059251962615	0.5386715140581398	0.0
1.4588067551913144	0.5392219583766881	0.0
1.4603075851863672	0.5397750953241022	0.0
1.46180841518142	0.5403301801610766	0.0
1.4633092451764727	0.5408872000408373	0.0
1.4648100751715254	0.5414454170702109	0.0
1.4663109051665784	0.542005226602184	0.0
1.467811735161631	0.5425679742659725	0.0
1.4693125651566838	0.5431326053197554	0.0
1.4708133951517366	0.5436991067811936	0.0
1.4723142251467896	0.5442667493191365	0.0
1.4738150551418423	0.5448369525469061	0.0
1.475315885136895	0.5454089870813945	0.0
1.4768167151319478	0.5459828398363443	0.0
1.4783175451270005	0.5465577883876805	0.0
1.4798183751220535	0.5471342317181076	0.0
1.4813192051171062	0.5477134603755279	0.0
1.482820035112159	0.5482944546650856	0.0
1.4843208651072117	0.5488772013762859	0.0
1.4858216951022647	0.549460986787351	0.0
1.4873225250973174	0.5500471986173261	0.0
1.4888233550923702	0.5506351230969848	0.0
1.490324185087423	0.5512247469209306	0.0
1.4918250150824757	0.5518153633814745	0.0
1.4933258450775286	0.5524073752178098	0.0
1.4948266750725814	0.5530020170231615	0.0
1.4963275050676341	0.5535983047302506	0.0
1.4978283350626869	0.554196224920694	0.0
1.4993291650577398	0.5547950797164045	0.0
1.5008299950527926	0.5553962245343429	0.0
1.5023308250478453	0.5559989614534574	0.0
1.503831655042898	0.5566032769694494	0.0
1.5053324850379508	0.5572084803150275	0.0
1.5068333150330038	0.5578149781052661	0.0
1.5083341450280565	0.5584239481890579	0.0
1.5098349750231093	0.5590344426536853	0.0
1.511335805018162	0.5596464478930332	0.0
1.5128366350132147	0.5602592820839182	0.0
1.5143374650082677	0.5608733540432829	0.0
1.5158382950033205	0.5614898097852397	0.0
1.5173391249983732	0.5621077216908278	0.0
1.518839954993426	0.5627270760582884	0.0
1.520340784988479	0.5633472000667004	0.0
1.5218416149835317	0.5639693981822681	0.0
1.5233424449785844	0.5645929975480242	0.0
1.5248432749736371	0.5652179843901176	0.0
1.5263441049686899	0.5658436931287117	0.0
1.5278449349637429	0.5664705366274848	0.0
1.5293457649587956	0.5670996030924146	0.0
1.5308465949538483	0.5677300017735039	0.0
1.532347424948901	0.5683617188122865	0.0
1.533848254943954	0.5689940977261506	0.0
1.5353490849390068	0.5696284098433209	0.0
1.5368499149340595	0.5702639986495481	0.0
1.5383507449291123	0.5709008502230716	0.0
1.539851574924165	0.571538950626921	0.0
1.541352404919218	0.5721782859091524	0.0
1.5428532349142707	0.5728188421030889	0.0
1.5443540649093235	0.5734606052275713	0.0
1.5458548949043762	0.5741035612871964	0.0
1.5473557248994292	0.5747476962725508	0.0
1.548856554894482	0.5753929961604601	0.0
1.5503573848895347	0.5760394469142316	0.0
1.5518582148845874	0.5766870344838952	0.0
1.5533590448796402	0.5773357448064514	0.0
1.5548598748746931	0.5779855638060986	0.0
1.5563607048697459	0.5786364773944727	0.0
1.5578615348647986	0.5792884714708988	0.0
1.5593623648598514	0.579941531922638	0.0
1.5608631948549043	0.5805956446251247	0.0
1.562364024849957	0.5812507954421925	0.0
1.5638648548450098	0.5819069702263148	0.0
1.5653656848400626	0.5825641548188545	0.0
1.5668665148351153	0.5832223350503075	0.0
1.5683673448301683	0.5838814967405361	0.0
1.569868174825221	0.584541625699005	0.0
1.5713690048202738	0.5852027077250324	0.0
1.5728698348153265	0.5858647286080351	0.0
1.5743706648103792	0.5865276741277525	0.0
1.5758714948054322	0.5871915300544668	0.0
1.577372324800485	0.5878562821492685	0.0
1.5788731547955377	0.5885219161643127	0.0
1.5803739847905904	0.5891884178430274	0.0
1.5818748147856434	0.5898557729203469	0.0
1.5833756447806961	0.5905239671229708	0.0
1.584876474775749	0.591192986169606	0.0
1.5863773047708016	0.5918628157711885	0.0
1.5878781347658544	0.592533441631128	0.0
1.5893789647609073	0.5932048494455502	0.0
1.59087979475596	0.5938770249035252	0.0
1.5923806247510128	0.5945499536873139	0.0
1.5938814547460656	0.5952236214726047	0.0
1.5953822847411185	0.5958980139287466	0.0
1.5968831147361713	0.5965731167189958	0.0
1.598383944731224	0.5972489155007531	0.0
1.5998847747262768	0.5979253959257971	0.0
1.6013856047213295	0.598602543640523	0.0
1.6028864347163825	0.5992803442861766	0.0
1.6043872647114352	0.599958783499086	0.0
1.605888094706488	0.6006378469109148	0.0
1.6073889247015407	0.6013175201489034	0.0
1.6088897546965937	0.6019977888360951	0.0
1.6103905846916464	0.6026786385915717	0.0
1.6118914146866992	0.6033600550306842	0.0
1.613392244681752	0.6040420237653036	0.0
1.6148930746768047	0.6047245304040731	0.0
1.6163939046718576	0.6054075605526305	0.0
1.6178947346669104	0.6060910998138306	0.0
1.619395564661963	0.6067751337879922	0.0
1.6208963946570158	0.6074596480731455	0.0
1.6223972246520688	0.6081446282652626	0.0
1.6238980546471216	0.6088300599585009	0.0
1.6253988846421743	0.6095159287454425	0.0
1.626899714637227	0.6102022202173231	0.0
1.6284005446322798	0.6108889199642645	0.0
1.6299013746273328	0.6115760135755192	0.0
1.6314022046223855	0.6122634866397133	0.0
1.6329030346174382	0.6129513247450873	0.0
1.634403864612491	0.6136395134797296	0.0
1.635904694607544	0.6143280384318	0.0
1.6374055246025967	0.6150168851897856	0.0
1.6389063545976494	0.615706039342743	0.0
1.6404071845927022	0.6163954864805169	0.0
1.641908014587755	0.6170852121939858	0.0
1.643408844582808	0.6177752020753166	0.0
1.6449096745778606	0.6184654417181908	0.0
1.6464105045729134	0.6191559167180329	0.0
1.6479113345679661	0.6198466126722588	0.0
1.6494121645630189	0.6205375151805111	0.0
1.6509129945580718	0.6212286098448982	0.0
1.6524138245531246	0.621919882270246	0.0
1.6539146545481773	0.6226113180643353	0.0
1.65541548454323	0.623302902838125	0.0
1.656916314538283	0.6239946222059893	0.0
1.6584171445333358	0.6246864617859739	0.0
1.6599179745283885	0.6253784072000328	0.0
1.6614188045234413	0.6260704440742618	0.0
1.662919634518494	0.6267625580391363	0.0
1.664420464513547	0.6274547347297479	0.0
1.6659212945085997	0.6281469597860528	0.0
1.6674221245036525	0.628839218853114	0.0
1.6689229544987052	0.6295314975813332	0.0
1.6704237844937582	0.630223781626699	0.0
1.671924614488811	0.6309160566510258	0.0
1.6734254444838637	0.6316083083221913	0.0
1.6749262744789164	0.6323005223143775	0.0
1.6764271044739691	0.6329926843083072	0.0
1.677927934469022	0.6336847799914911	0.0
1.6794287644640749	0.6343767950584661	0.0
1.6809295944591276	0.6350687152110336	0.0
1.6824304244541803	0.6357605261585011	0.0
1.6839312544492333	0.6364522136179307	0.0
1.685432084444286	0.6371437633143763	0.0
1.6869329144393388	0.6378351609811204	0.0
1.6884337444343915	0.6385263923599324	0.0
1.6899345744294443	0.6392174432013022	0.0
1.6914354044244972	0.6399082992646731	0.0
1.69293623441955	0.6405989463186808	0.0
1.6944370644146027	0.6412893701414043	0.0
1.6959378944096555	0.6419795565206189	0.0
1.6974387244047084	0.6426694912540145	0.0
1.6989395543997612	0.64335916014945	0.0
1.700440384394814	0.6440485490252165	0.0
1.7019412143898667	0.6447376437102584	0.0
1.7034420443849194	0.6454264300444116	0.0
1.7049428743799724	0.6461148938786541	0.0
1.7064437043750251	0.6468030210753491	0.0
1.7079445343700779	0.6474907975084906	0.0
1.7094453643651306	0.6481782090639414	0.0
1.7109461943601834	0.6488652416396845	0.0
1.7124470243552363	0.6495518811460658	0.0
1.713947854350289	0.6502381135060229	0.0
1.7154486843453418	0.6509239246553412	0.0
1.7169495143403946	0.6516093005428977	0.0
1.7184503443354475	0.6522942271309096	0.0
1.7199511743305003	0.6529786903951804	0.0
1.721452004325553	0.6536626763253274	0.0
1.7229528343206058	0.6543461709250301	0.0
1.7244536643156585	0.655029160212278	0.0
1.7259544943107115	0.6557116302196171	0.0
1.7274553243057642	0.6563935669943992	0.0
1.728956154300817	0.6570749565990218	0.0
1.7304569842958697	0.6577557851111704	0.0
1.7319578142909227	0.6584360386240551	0.0
1.7334586442859754	0.6591157032466687	0.0
1.7349594742810281	0.6597947651040366	0.0
1.736460304276081	0.6604732103374447	0.0
1.7379611342711336	0.6611510251046939	0.0
1.7394619642661866	0.6618281955803379	0.0
1.7409627942612393	0.662504707955921	0.0
1.742463624256292	0.6631805484402497	0.0
1.7439644542513448	0.66385570325963	0.0
1.7454652842463978	0.6645301586580958	0.0
1.7469661142414505	0.6652039008976592	0.0
1.7484669442365033	0.6658769162585627	0.0
1.749967774231556	0.6665491910395206	0.0
1.7514686042266088	0.6672207115579529	0.0
1.7529694342216617	0.6678914641502376	0.0
1.7544702642167145	0.6685614351719645	0.0
1.7559710942117672	0.669230610998182	0.0
1.75747192420682	0.6698989780236297	0.0
1.758972754201873	0.6705665226629783	0.0
1.7604735841969257	0.671233231351082	0.0
1.7619744141919784	0.6718990905432287	0.0
1.7634752441870312	0.6725640867153838	0.0
1.764976074182084	0.673228206364421	0.0
1.7664769041771369	0.6738914360083743	0.0
1.7679777341721896	0.6745537621866818	0.0
1.7694785641672424	0.6752151714604243	0.0
1.770979394162295	0.675875650412585	0.0
1.7724802241573479	0.676535185648283	0.0
1.7739810541524008	0.677193763795007	0.0
1.7754818841474536	0.677851371502876	0.0
1.7769827141425063	0.6785079954448766	0.0
1.778483544137559	0.6791636223170971	0.0
1.779984374132612	0.6798182388389774	0.0
1.7814852041276648	0.6804718317535493	0.0
1.7829860341227175	0.6811243878276866	0.0
1.7844868641177702	0.6817758938523463	0.0
1.785987694112823	0.6824263366427988	0.0
1.787488524107876	0.6830757030388792	0.0
1.7889893541029287	0.6837239799052294	0.0
1.7904901840979814	0.6843711541315285	0.0
1.7919910140930342	0.6850172126327434	0.0
1.7934918440880872	0.6856621423493814	0.0
1.79499267408314	0.6863059302477139	0.0
1.7964935040781926	0.686948563320012	0.0
1.7979943340732454	0.687590028584793	0.0
1.7994951640682981	0.6882303130870615	0.0
1.800995994063351	0.6888694038985553	0.0
1.8024968240584038	0.6895072881179721	0.0
1.8039976540534566	0.6901439528712018	0.0
1.8054984840485093	0.6907793853115916	0.0
1.8069993140435623	0.6914135726201814	0.0
1.808500144038615	0.6920465020059173	0.0
1.8100009740336678	0.6926781607058968	0.0
1.8115018040287205	0.6933085359856032	0.0
1.8130026340237733	0.6939376151391462	0.0
1.8145034640188262	0.6945653854895227	0.0
1.816004294013879	0.6951918343888227	0.0
1.8175051240089317	0.6958169492184407	0.0
1.8190059540039845	0.6964407173893495	0.0
1.8205067839990374	0.6970631263423416	0.0
1.8220076139940902	0.6976841635482377	0.0
1.823508443989143	0.6983038165081205	0.0
1.8250092739841957	0.6989220727535805	0.0
1.8265101039792484	0.6995389198469518	0.0
1.8280109339743014	0.7001543453815358	0.0
1.829511763969354	0.7007683369818245	0.0
1.8310125939644069	0.701380882303718	0.0
1.8325134239594596	0.7019919690347726	0.0
1.8340142539545126	0.70260158489446	0.0
1.8355150839495653	0.7032097176343624	0.0
1.837015913944618	0.7038163550383811	0.0
1.8385167439396708	0.7044214849229982	0.0
1.8400175739347235	0.7050250951375023	0.0
1.8415184039297765	0.7056271735642029	0.0
1.8430192339248292	0.7062277081186527	0.0
1.844520063919882	0.7068266867498817	0.0
1.8460208939149347	0.7074240974406315	0.0
1.8475217239099875	0.708019928207553	0.0
1.8490225539050404	0.7086141671014379	0.0
1.8505233839000932	0.7092068022074627	0.0
1.852024213895146	0.7097978216453925	0.0
1.8535250438901987	0.7103872135697936	0.0
1.8550258738852516	0.710974966170258	0.0
1.8565267038803044	0.7115610676716324	0.0
1.8580275338753571	0.7121455063342328	0.0
1.8595283638704099	0.7127282704540578	0.0
1.8610291938654626	0.7133093483630191	0.0
1.8625300238605156	0.7138887284291512	0.0
1.8640308538555683	0.7144663990568182	0.0
1.865531683850621	0.7150423486869361	0.0
1.8670325138456738	0.7156165657971822	0.0
1.8685333438407268	0.7161890389022032	0.0
1.8700341738357795	0.7167597565538376	0.0
1.8715350038308323	0.7173287073413352	0.0
1.873035833825885	0.7178958798915565	0.0
1.8745366638209378	0.7184612628691699	0.0
1.8760374938159907	0.7190248449768759	0.0
1.8775383238110435	0.7195866149556277	0.0
1.8790391538060962	0.7201465615848137	0.0
1.880539983801149	0.7207046736824625	0.0
1.882040813796202	0.7212609401054626	0.0
1.8835416437912547	0.7218153497497622	0.0
1.8850424737863074	0.7223678915505872	0.0
1.8865433037813601	0.7229185544826239	0.0
1.888044133776413	0.7234673275601973	0.0
1.8895449637714659	0.7240141998375028	0.0
1.8910457937665186	0.724559160408822	0.0
1.8925466237615713	0.7251021984087069	0.0
1.894047453756624	0.7256433030121573	0.0
1.895548283751677	0.726182463434818	0.0
1.8970491137467298	0.7267196689331932	0.0
1.8985499437417825	0.7272549088048397	0.0
1.9000507737368353	0.7277881723885525	0.0
1.901551603731888	0.7283194490645579	0.0
1.903052433726941	0.7288487282547051	0.0
1.9045532637219937	0.7293759994226477	0.0
1.9060540937170465	0.729901252074038	0.0
1.9075549237120992	0.7304244757567296	0.0
1.909055753707152	0.7309456600609535	0.0
1.910556583702205	0.7314647946194865	0.0
1.9120574136972577	0.7319818691078497	0.0
1.9135582436923104	0.7324968732445069	0.0
1.9150590736873632	0.733009796791033	0.0
1.9165599036824161	0.7335206295522869	0.0
1.9180607336774689	0.7340293613765962	0.0
1.9195615636725216	0.7345359821559428	0.0
1.9210623936675744	0.7350404818261497	0.0
1.922563223662627	0.7355428503670413	0.0
1.92406405365768	0.7360430778026029	0.0
1.9255648836527328	0.7365411542011839	0.0
1.9270657136477856	0.7370370696756711	0.0
1.9285665436428383	0.7375308143836345	0.0
1.9300673736378913	0.7380223785275131	0.0
1.931568203632944	0.7385117523547865	0.0
1.9330690336279968	0.7389989261581384	0.0
1.9345698636230495	0.7394838902756331	0.0
1.9360706936181022	0.7399666350908757	0.0
1.9375715236131552	0.7404471510331686	0.0
1.939072353608208	0.7409254285776811	0.0
1.9405731836032607	0.7414014582456185	0.0
1.9420740135983134	0.7418752306043733	0.0
1.9435748435933664	0.7423467362676704	0.0
1.9450756735884192	0.7428159658957382	0.0
1.946576503583472	0.7432829101954815	0.0
1.9480773335785246	0.7437475599206249	0.0
1.9495781635735774	0.7442099058718612	0.0
1.9510789935686303	0.7446699388970144	0.0
1.952579823563683	0.7451276498911863	0.0
1.9540806535587358	0.7455830297969117	0.0
1.9555814835537886	0.7460360696042991	0.0
1.9570823135488415	0.746486760351168	0.0
1.9585831435438943	0.7469350931232211	0.0
1.960083973538947	0.7473810590541901	0.0
1.9615848035339998	0.747824649325964	0.0
1.9630856335290525	0.7482658551687349	0.0
1.9645864635241055	0.7487046678611341	0.0
1.9660872935191582	0.7491410787303836	0.0
1.967588123514211	0.7495750791524431	0.0
1.9690889535092637	0.7500066605521264	0.0
1.9705897835043167	0.7504358144032386	0.0
1.9720906134993694	0.7508625322287308	0.0
1.9735914434944222	0.7512868056008194	0.0
1.975092273489475	0.7517086261411172	0.0
1.9765931034845277	0.7521279855207792	0.0
1.9780939334795806	0.7525448754606239	0.0
1.9795947634746334	0.7529592877312566	0.0
1.9810955934696861	0.7533712141531881	0.0
1.9825964234647389	0.7537806465969655	0.0
1.9840972534597916	0.7541875769833225	0.0
1.9855980834548446	0.7545919972832897	0.0
1.9870989134498973	0.7549938995182993	0.0
1.98859974344495	0.7553932757603179	0.0
1.9901005734400028	0.7557901181319633	0.0
1.9916014034350558	0.7561844188066139	0.0
1.9931022334301085	0.7565761700085416	0.0
1.9946030634251612	0.7569653640130257	0.0
1.996103893420214	0.7573519931464665	0.0
1.9976047234152667	0.7577360497864921	0.0
1.9991055534103197	0.7581175263620608	0.0
2.0006063834053722	0.7584964153535843	0.0
2.0021072134004254	0.7588730054662524	0.0
2.003608043395478	0.7592466969359234	0.0
2.005108873390531	0.7596177785712426	0.0
2.0066097033855836	0.7599862430595028	0.0
2.0081105333806364	0.7603520831399666	0.0
2.009611363375689	0.7607152916039814	0.0
2.011112193370742	0.7610758612950855	0.0
2.0126130233657946	0.7614337851091133	0.0
2.0141138533608474	0.761788927213919	0.0
2.0156146833559005	0.7621418534575399	0.0
2.0171155133509533	0.7624917975393496	0.0
2.018616343346006	0.762839067851327	0.0
2.020117173341059	0.7631836575521547	0.0
2.0216180033361115	0.7635255598533846	0.0
2.0231188333311643	0.7638647680195204	0.0
2.024619663326217	0.7642012753680968	0.0
2.0261204933212698	0.7645350752697709	0.0
2.0276213233163225	0.764866040170921	0.0
2.0291221533113757	0.7651947386449928	0.0
2.0306229833064284	0.765520376961994	0.0
2.032123813301481	0.7658432818467177	0.0
2.033624643296534	0.766163446936712	0.0
2.0351254732915867	0.7664808659231619	0.0
2.0366263032866394	0.7667955325509553	0.0
2.038127133281692	0.7671074406187558	0.0
2.039627963276745	0.7674165839790963	0.0
2.0411287932717976	0.7677228428088623	0.0
2.042629623266851	0.76802678824763	0.0
2.0441304532619036	0.768327601140014	0.0
2.0456312832569563	0.7686256252741389	0.0
2.047132113252009	0.76892085477296	0.0
2.048632943247062	0.7692132838137301	0.0
2.0501337732421145	0.7695029066280727	0.0
2.0516346032371673	0.7697897175020537	0.0
2.05313543323222	0.7700737107762444	0.0
2.0546362632272728	0.7703547738029738	0.0
2.056137093222326	0.7706334801244361	0.0
2.0576379232173787	0.7709089871879017	0.0
2.0591387532124314	0.7711816545589392	0.0
2.060639583207484	0.7714514768515752	0.0
2.062140413202537	0.7717184487347205	0.0
2.0636412431975897	0.7719825649322086	0.0
2.0651420731926424	0.7722438202228622	0.0
2.066642903187695	0.7725022094405504	0.0
2.068143733182748	0.7727576265520654	0.0
2.069644563177801	0.7730106473348336	0.0
2.071145393172854	0.7732604078872972	0.0
2.0726462231679066	0.7735072822525622	0.0
2.0741470531629593	0.7737512655405284	0.0
2.075647883158012	0.7739923529164681	0.0
2.077148713153065	0.7742305396010583	0.0
2.0786495431481176	0.7744658208704245	0.0
2.0801503731431703	0.7746981920561947	0.0
2.081651203138223	0.7749276485455449	0.0
2.083152033133276	0.7751540909908174	0.0
2.084652863128329	0.7753780974523129	0.0
2.0861536931233817	0.7755987827306919	0.0
2.0876545231184345	0.7758165354163588	0.0
2.089155353113487	0.7760313511748679	0.0
2.09065618310854	0.7762432257275551	0.0
2.0921570131035927	0.7764521548516085	0.0
2.0936578430986454	0.7766581343801027	0.0
2.095158673093698	0.7768611602020097	0.0
2.096659503088751	0.7770611383849053	0.0
2.098160333083804	0.7772586488594612	0.0
2.099661163078857	0.7774527894539787	0.0
2.1011619930739096	0.7776439604561176	0.0
2.1026628230689623	0.7778321580348879	0.0
2.104163653064015	0.7780173784153962	0.0
2.105664483059068	0.7781996178788895	0.0
2.1071653130541206	0.7783788727627805	0.0
2.1086661430491733	0.7785551394606672	0.0
2.110166973044226	0.7787283288822022	0.0
2.1116678030392793	0.7788990226508398	0.0
2.113168633034332	0.7790663037134578	0.0
2.1146694630293847	0.7792305827253734	0.0
2.1161702930244375	0.7793918563614868	0.0
2.1176711230194902	0.7795501213530467	0.0
2.119171953014543	0.7797053744876682	0.0
2.1206727830095957	0.7798576126093256	0.0
2.1221736130046485	0.7800068326183862	0.0
2.123674442999701	0.7801529496913227	0.0
2.1251752729947544	0.7802965469641361	0.0
2.126676102989807	0.7804366946006822	0.0
2.12817693298486	0.7805738122888888	0.0
2.1296777629799126	0.7807078972113561	0.0
2.1311785929749654	0.7808389466071669	0.0
2.132679422970018	0.7809669577719086	0.0
2.134180252965071	0.7810919280576929	0.0
2.1356810829601236	0.7812138548731619	0.0
2.1371819129551763	0.7813326570849627	0.0
2.1386827429502295	0.7814489191590867	0.0
2.1401835729452823	0.7815617005796773	0.0
2.141684402940335	0.7816714287284467	0.0
2.1431852329353878	0.7817781012968182	0.0
2.1446860629304405	0.7818817160327938	0.0
2.1461868929254933	0.7819822707409751	0.0
2.147687722920546	0.7820797632825558	0.0
2.1491885529155987	0.7821741915753389	0.0
2.1506893829106515	0.7822654775988636	0.0
2.1521902129057047	0.7823542069645147	0.0
2.1536910429007574	0.7824394305823836	0.0
2.15519187289581	0.782521582187036	0.0
2.156692702890863	0.7826006599792898	0.0
2.1581935328859156	0.7826766622165657	0.0
2.1596943628809684	0.7827495872128981	0.0
2.161195192876021	0.7828194333389334	0.0
2.162696022871074	0.782886199021913	0.0
2.1641968528661266	0.7829498087769471	0.0
2.16569768286118	0.7830108491745569	0.0
2.1671985128562326	0.7830683646565173	0.0
2.1686993428512853	0.7831227939687132	0.0
2.170200172846338	0.7831741358213568	0.0
2.171701002841391	0.7832223889812242	0.0
2.1732018328364435	0.7832675522716553	0.0
2.1747026628314963	0.7833096245725565	0.0
2.176203492826549	0.7833486048203919	0.0
2.1777043228216018	0.7833844194890655	0.0
2.179205152816655	0.7834176559205136	0.0
2.1807059828117077	0.7834473541918914	0.0
2.1822068128067604	0.7834739567196634	0.0
2.183707642801813	0.7834974627228768	0.0
2.185208472796866	0.7835178714770654	0.0
2.1867093027919187	0.7835351823142387	0.0
2.1882101327869714	0.7835493946228612	0.0
2.189710962782024	0.7835605078478404	0.0
2.191211792777077	0.7835684498462154	0.0
2.19271262277213	0.7835738085425501	0.0
2.194213452767183	0.7835756217488486	0.0
2.1957142827622356	0.7835743342135224	0.0
2.1972151127572883	0.7835699456634209	0.0
2.198715942752341	0.7835624558817501	0.0
2.200216772747394	0.7835518647080377	0.0
2.2017176027424465	0.7835381720380895	0.0
2.2032184327374993	0.7835213778239891	0.0
2.204719262732552	0.7835014107318147	0.0
2.2062200927276048	0.7834788590791354	0.0
2.207720922722658	0.7834532060469632	0.0
2.2092217527177107	0.7834240062968371	0.0
2.2107225827127635	0.7833917056026727	0.0
2.212223412707816	0.7833563042537273	0.0
2.213724242702869	0.7833178025953809	0.0
2.2152250726979217	0.7832762010291027	0.0
2.2167259026929744	0.7832315000124203	0.0
2.218226732688027	0.7831837000588767	0.0
2.21972756268308	0.7831327300626673	0.0
2.221228392678133	0.7830791785553213	0.0
2.222729222673186	0.7830220854309494	0.0
2.2242300526682386	0.7829618959819584	0.0
2.2257308826632913	0.7828986110015997	0.0
2.227231712658344	0.7828322313389745	0.0
2.228732542653397	0.7827627578990028	0.0
2.2302333726484496	0.7826901916423951	0.0
2.2317342026435023	0.7826145335856233	0.0
2.233235032638555	0.7825357122272913	0.0
2.2347358626336082	0.7824543160902493	0.0
2.236236692628661	0.782369389287395	0.0
2.2377375226237137	0.7822813753053656	0.0
2.2392383526187665	0.782190275438845	0.0
2.240739182613819	0.7820960910380594	0.0
2.242240012608872	0.7819988235087386	0.0
2.2437408426039247	0.7818984743120492	0.0
2.2452416725989774	0.7817950449645763	0.0
2.24674250259403	0.781688463003121	0.0
2.2482433325890834	0.7815793167515129	0.0
2.249744162584136	0.7814666566034982	0.0
2.251244992579189	0.7813509229227885	0.0
2.2527458225742416	0.7812321175024333	0.0
2.2542466525692944	0.7811102421906483	0.0
2.255747482564347	0.7809852988907835	0.0
2.2572483125594	0.7808572895612472	0.0
2.2587491425544526	0.7807262162154773	0.0
2.2602499725495053	0.7805920048657576	0.0
2.2617508025445585	0.7804552434468723	0.0
2.2632516325396113	0.780314990681376	0.0
2.264752462534664	0.7801716825011451	0.0
2.2662532925297167	0.7800253211940424	0.0
2.2677541225247695	0.7798759091026614	0.0
2.2692549525198222	0.7797234486242736	0.0
2.270755782514875	0.7795679422107952	0.0
2.2722566125099277	0.7794093923687337	0.0
2.2737574425049805	0.779247723027078	0.0
2.2752582725000337	0.7790835215421055	0.0
2.2767591024950864	0.7789158569969975	0.0
2.278259932490139	0.7787451595924204	0.0
2.279760762485192	0.7785714321069536	0.0
2.2812615924802446	0.7783946773734053	0.0
2.2827624224752974	0.778214898278787	0.0
2.28426325247035	0.7780320977642446	0.0
2.285764082465403	0.7778462788249865	0.0
2.2872649124604556	0.7776573627524174	0.0
2.288765742455509	0.7774659361357001	0.0
2.2902665724505615	0.7772710804321803	0.0
2.2917674024456143	0.7770732188227356	0.0
2.293268232440667	0.7768723545720119	0.0
2.2947690624357198	0.7766684909983459	0.0
2.2962698924307725	0.7764616314737034	0.0
2.2977707224258253	0.7762517794236082	0.0
2.299271552420878	0.776038938327083	0.0
2.3007723824159307	0.7758230262886479	0.0
2.302273212410984	0.7756046289427971	0.0
2.3037740424060367	0.7753828421140089	0.0
2.3052748724010894	0.7751580806870175	0.0
2.306775702396142	0.7749303484073005	0.0
2.308276532391195	0.7746996490734112	0.0
2.3097773623862476	0.7744659865368991	0.0
2.3112781923813004	0.7742293647022516	0.0
2.312779022376353	0.7739897875268197	0.0
2.314279852371406	0.7737471693845156	0.0
2.315780682366459	0.7735020947689082	0.0
2.317281512361512	0.7732536758415536	0.0
2.3187823423565646	0.7730023179283964	0.0
2.3202831723516173	0.7727480252499002	0.0
2.32178400234667	0.7724908020789231	0.0
2.323284832341723	0.7722306527406242	0.0
2.3247856623367755	0.771967581612378	0.0
2.3262864923318283	0.7717015931237163	0.0
2.327787322326881	0.7714325973804779	0.0
2.329288152321934	0.7711611775506447	0.0
2.330788982316987	0.7708864640771945	0.0
2.3322898123120397	0.7706088514798388	0.0
2.3337906423070924	0.7703283444475537	0.0
2.335291472302145	0.7700449477209382	0.0
2.336792302297198	0.7697586660921162	0.0
2.3382931322922507	0.769469504404652	0.0
2.3397939622873034	0.7691774675534683	0.0
2.341294792282356	0.768882460845738	0.0
2.342795622277409	0.7685850659409312	0.0
2.344296452272462	0.7682848093999496	0.0
2.345797282267515	0.7679813218632698	0.0
2.3472981122625676	0.767674984401612	0.0
2.3487989422576203	0.7673658022160498	0.0
2.350299772252673	0.7670537805583472	0.0
2.351800602247726	0.7667389247308531	0.0
2.3533014322427785	0.7664212400864037	0.0
2.3548022622378313	0.766100732028225	0.0
2.356303092232884	0.765777299918707	0.0
2.357803922227937	0.7654515235293563	0.0
2.35930475222299	0.765122578150934	0.0
2.3608055822180427	0.7647908314723183	0.0
2.3623064122130955	0.7644562891471054	0.0
2.363807242208148	0.7641189568786282	0.0
2.365308072203201	0.7637788404198833	0.0
2.3668089021982537	0.7634359455734154	0.0
2.3683097321933064	0.76309027819118	0.0
2.369810562188359	0.7627417317429457	0.0
2.3713113921834124	0.762390884112433	0.0
2.372812222178465	0.762036934726711	0.0
2.374313052173518	0.761680236704036	0.0
2.3758138821685706	0.7613207961418041	0.0
2.3773147121636233	0.7609586191861466	0.0
2.378815542158676	0.7605937120318192	0.0
2.380316372153729	0.7602260809220962	0.0
2.3818172021487816	0.7598557321486319	0.0
2.3833180321438343	0.7594825527844963	0.0
2.3848188621388875	0.7591071186496738	0.0
2.3863196921339402	0.7587286551164195	0.0
2.387820522128993	0.7583474995664371	0.0
2.3893213521240457	0.7579636585314363	0.0
2.3908221821190985	0.7575771385907726	0.0
2.392323012114151	0.7571879463713165	0.0
2.393823842109204	0.7567960885473167	0.0
2.3953246721042567	0.7564015718402752	0.0
2.3968255020993094	0.7560042764328158	0.0
2.3983263320943626	0.755604775907986	0.0
2.3998271620894154	0.7552023233510711	0.0
2.401327992084468	0.7547972392661361	0.0
2.402828822079521	0.7543895306089433	0.0
2.4043296520745736	0.7539792043817027	0.0
2.4058304820696264	0.7535662676329355	0.0
2.407331312064679	0.7531507274573335	0.0
2.408832142059732	0.7527325909956256	0.0
2.4103329720547846	0.7523117310574636	0.0
2.4118338020498378	0.7518887188186767	0.0
2.4133346320448905	0.7514628368010806	0.0
2.4148354620399433	0.7510343875170251	0.0
2.416336292034996	0.7506033783352442	0.0
2.4178371220300487	0.7501698166696366	0.0
2.4193379520251015	0.7497337099791428	0.0
2.4208387820201542	0.7492950657675814	0.0
2.422339612015207	0.7488538915834669	0.0
2.4238404420102597	0.7484100523931109	0.0
2.425341272005313	0.7479641167979993	0.0
2.4268421020003657	0.7475153984322537	0.0
2.4283429319954184	0.7470641807315872	0.0
2.429843761990471	0.7466104714658477	0.0
2.431344591985524	0.7461542784486764	0.0
2.4328454219805766	0.7456956095373494	0.0
2.4343462519756294	0.7452344726326233	0.0
2.435847081970682	0.7447708756785734	0.0
2.437347911965735	0.7443046753410602	0.0
2.438848741960788	0.7438364374835108	0.0
2.440349571955841	0.743365508476998	0.0
2.4418504019508935	0.742892151627016	0.0
2.4433512319459463	0.742416375091828	0.0
2.444852061940999	0.7419381870720374	0.0
2.4463528919360518	0.7414575958104124	0.0
2.4478537219311045	0.7409746095917276	0.0
2.4493545519261573	0.7404892367426011	0.0
2.45085538192121	0.7400013251854506	0.0
2.452356211916263	0.7395114378855153	0.0
2.453857041911316	0.7390189555209673	0.0
2.4553578719063687	0.7385241202470546	0.0
2.4568587019014214	0.7380269405969897	0.0
2.458359531896474	0.737527425144788	0.0
2.459860361891527	0.7370255825050902	0.0
2.4613611918865796	0.7365214213329817	0.0
2.4628620218816324	0.7360149503238188	0.0
2.464362851876685	0.735506008228737	0.0
2.4658636818717383	0.7349951549585072	0.0
2.467364511866791	0.7344818070107926	0.0
2.468865341861844	0.7339661844062644	0.0
2.4703661718568966	0.7334482960388745	0.0
2.4718670018519493	0.7329281508417539	0.0
2.473367831847002	0.732405757787017	0.0
2.474868661842055	0.731881125885575	0.0
2.4763694918371075	0.7313542641869497	0.0
2.4778703218321603	0.7308250018592578	0.0
2.479371151827213	0.73029389560662	0.0
2.480871981822266	0.729760584276315	0.0
2.482372811817319	0.7292248946497413	0.0
2.4838736418123717	0.7286870210452867	0.0
2.4853744718074244	0.7281469727401557	0.0
2.486875301802477	0.7276047590488253	0.0
2.48837613179753	0.7270603893228438	0.0
2.4898769617925827	0.7265138729506424	0.0
2.4913777917876354	0.7259652193573618	0.0
2.492878621782688	0.725414246601184	0.0
2.4943794517777413	0.7248615076501275	0.0
2.495880281772794	0.7243064993092229	0.0
2.497381111767847	0.7237493918107368	0.0
2.4988819417628996	0.7231901947602389	0.0
2.5003827717579523	0.72262891779879	0.0
2.501883601753005	0.7220655706027269	0.0
2.503384431748058	0.7215001628834532	0.0
2.5048852617431105	0.7209327043872539	0.0
2.5063860917381633	0.7203630027770747	0.0
2.5078869217332165	0.7197916075073802	0.0
2.5093877517282692	0.7192180555050836	0.0
2.510888581723322	0.7186424920559693	0.0
2.5123894117183747	0.7180649270776104	0.0
2.5138902417134275	0.7174853705212193	0.0
2.51539107170848	0.7169038323714346	0.0
2.516891901703533	0.7163203226460946	0.0
2.5183927316985857	0.7157348513960365	0.0
2.5198935616936384	0.7151472155330223	0.0
2.5213943916886916	0.7145579608598569	0.0
2.5228952216837444	0.7139666656689994	0.0
2.524396051678797	0.7133734494830389	0.0
2.52589688167385	0.7127783225146422	0.0
2.5273977116689026	0.7121812950081954	0.0
2.5288985416639553	0.7115823772395656	0.0
2.530399371659008	0.7109815795159127	0.0
2.531900201654061	0.7103789121754883	0.0
2.5334010316491136	0.7097741610424858	0.0
2.5349018616441668	0.7091678681349651	0.0
2.5364026916392195	0.7085596542827463	0.0
2.5379035216342722	0.7079496124736848	0.0
2.539404351629325	0.7073377531980788	0.0
2.5409051816243777	0.7067240869759759	0.0
2.5424060116194305	0.7061086243569699	0.0
2.543906841614483	0.7054913759199725	0.0
2.545407671609536	0.7048723522729758	0.0
2.5469085016045887	0.7042513278363925	0.0
2.548409331599642	0.7036288407156811	0.0
2.5499101615946946	0.703004555375999	0.0
2.5514109915897474	0.7023785375454978	0.0
2.5529118215848	0.7017507979742328	0.0
2.554412651579853	0.7011213474400194	0.0
2.5559134815749056	0.7004901967481925	0.0
2.5574143115699584	0.6998573567313696	0.0
2.558915141565011	0.699222838249235	0.0
2.560415971560064	0.6985864040230176	0.0
2.561916801555117	0.6979485881231534	0.0
2.5634176315501698	0.6973090996725473	0.0
2.5649184615452225	0.6966679764624546	0.0
2.5664192915402753	0.6960252294844574	0.0
2.567920121535328	0.6953808697558325	0.0
2.5694209515303807	0.6947349083193224	0.0
2.5709217815254335	0.6940873562429175	0.0
2.5724226115204862	0.6934382246196107	0.0
2.573923441515539	0.692787264197247	0.0
2.575424271510592	0.6921350048944103	0.0
2.576925101505645	0.6914812014372774	0.0
2.5784259315006977	0.6908258630518174	0.0
2.5799267614957504	0.69016900095259	0.0
2.581427591490803	0.6895106263777795	0.0
2.582928421485856	0.6888507505889514	0.0
2.5844292514809086	0.6881893848708186	0.0
2.5859300814759614	0.6875265405310138	0.0
2.587430911471014	0.6868619560913904	0.0
2.5889317414660673	0.6861961572077021	0.0
2.59043257146112	0.6855289450770446	0.0
2.591933401456173	0.6848602997812182	0.0
2.5934342314512255	0.6841902327389838	0.0
2.5949350614462783	0.683518755390626	0.0
2.596435891441331	0.682845879197711	0.0
2.5979367214363838	0.6821716156428683	0.0
2.5994375514314365	0.6814959762295553	0.0
2.6009383814264893	0.680818687022906	0.0
2.6024392114215424	0.6801402693108546	0.0
2.603940041416595	0.6794605715503778	0.0
2.605440871411648	0.6787795441503333	0.0
2.6069417014067007	0.6780971987147694	0.0
2.6084425314017534	0.6774135468671509	0.0
2.609943361396806	0.6767286002501238	0.0
2.611444191391859	0.6760423705252887	0.0
2.6129450213869116	0.6753548693729597	0.0
2.6144458513819644	0.6746661084919198	0.0
2.615946681377017	0.6739757998626602	0.0
2.6174475113720703	0.6732844598044206	0.0
2.618948341367123	0.6725919901143553	0.0
2.620449171362176	0.671898307672599	0.0
2.6219500013572286	0.6712034242667966	0.0
2.6234508313522813	0.6705073517016685	0.0
2.624951661347334	0.6698101017987784	0.0
2.626452491342387	0.6691116863962945	0.0
2.6279533213374395	0.6684121173487524	0.0
2.6294541513324923	0.6677110937651897	0.0
2.6309549813275455	0.6670091273958884	0.0
2.632455811322598	0.6663061687039363	0.0
2.633956641317651	0.6656021039460396	0.0
2.6354574713127037	0.66489694505505	0.0
2.6369583013077564	0.6641907039787911	0.0
2.638459131302809	0.6634833926798132	0.0
2.639959961297862	0.6627750231351588	0.0
2.6414607912929147	0.6620656073361326	0.0
2.6429616212879674	0.6613548313581629	0.0
2.6444624512830206	0.66064320229731	0.0
2.6459632812780733	0.659930719825799	0.0
2.647464111273126	0.6592172392052864	0.0
2.648964941268179	0.6585027724948971	0.0
2.6504657712632316	0.6577873317666434	0.0
2.6519666012582843	0.6570709291051567	0.0
2.653467431253337	0.6563535766074485	0.0
2.65496826124839	0.6556352863827144	0.0
2.6564690912434425	0.6549157313325547	0.0
2.6579699212384957	0.6541954138201519	0.0
2.6594707512335485	0.6534743831916798	0.0
2.6609715812286012	0.6527524633924385	0.0
2.662472411223654	0.6520296665890074	0.0
2.6639732412187067	0.6513060049587439	0.0
2.6654740712137595	0.6505814906895581	0.0
2.666974901208812	0.6498561359796987	0.0
2.668475731203865	0.6491299530375166	0.0
2.6699765611989177	0.6484026014722339	0.0
2.671477391193971	0.6476745788422533	0.0
2.6729782211890236	0.6469459845548117	0.0
2.6744790511840764	0.6462166109673385	0.0
2.675979881179129	0.6454864703352163	0.0
2.677480711174182	0.6447555749225646	0.0
2.6789815411692346	0.6440239370019899	0.0
2.6804823711642873	0.6432915688543547	0.0
2.68198320115934	0.6425584827685713	0.0
2.683484031154393	0.6418243249644002	0.0
2.684984861149446	0.6410895881303619	0.0
2.6864856911444988	0.6403544220450462	0.0
2.6879865211395515	0.6396185872559075	0.0
2.6894873511346042	0.6388820960886832	0.0
2.690988181129657	0.6381449608757865	0.0
2.6924890111247097	0.6374071939560931	0.0
2.6939898411197625	0.6366688076747197	0.0
2.695490671114815	0.635929814382801	0.0
2.696991501109868	0.6351898468346597	0.0
2.698492331104921	0.6344493927907472	0.0
2.699993161099974	0.6337086526354978	0.0
2.7014939910950266	0.6329673549329016	0.0
2.7029948210900794	0.6322255120608192	0.0
2.704495651085132	0.6314831364017901	0.0
2.705996481080185	0.6307402403428098	0.0
2.7074973110752376	0.6299968362751156	0.0
2.7089981410702904	0.6292529365939533	0.0
2.710498971065343	0.6285081605329603	0.0
2.7119998010603963	0.6277629908732679	0.0
2.713500631055449	0.6270176787649715	0.0
2.7150014610505018	0.6262719206631205	0.0
2.7165022910455545	0.625525728979737	0.0
2.7180031210406073	0.6247791161295412	0.0
2.71950395103566	0.6240320945297296	0.0
2.7210047810307127	0.6232846765997592	0.0
2.7225056110257655	0.6225368747611372	0.0
2.7240064410208182	0.6217882946919566	0.0
2.7255072710158714	0.6210394141497817	0.0
2.727008101010924	0.6202905351366917	0.0
2.728508931005977	0.6195413219204878	0.0
2.7300097610010297	0.61879178692966	0.0
2.7315105909960824	0.6180419425934329	0.0
2.733011420991135	0.6172918013415627	0.0
2.734512250986188	0.6165413756041418	0.0
2.7360130809812406	0.6157906778113557	0.0
2.7375139109762934	0.6150393000707807	0.0
2.7390147409713466	0.6142877150791778	0.0
2.7405155709663993	0.6135362757047215	0.0
2.742016400961452	0.6127846139960201	0.0
2.743517230956505	0.6120327423805786	0.0
2.7450180609515575	0.6112806732847288	0.0
2.7465188909466103	0.6105284191334263	0.0
2.748019720941663	0.6097759923500332	0.0
2.7495205509367158	0.6090234053561032	0.0
2.7510213809317685	0.6082706705711775	0.0
2.7525222109268213	0.6075173650307387	0.0
2.7540230409218744	0.606763955773373	0.0
2.755523870916927	0.6060108521151372	0.0
2.75702470091198	0.6052576503235189	0.0
2.7585255309070327	0.6045043628048237	0.0
2.7600263609020854	0.6037510019620874	0.0
2.761527190897138	0.6029975801948686	0.0
2.763028020892191	0.6022441098990411	0.0
2.7645288508872436	0.6014906034665793	0.0
2.7660296808822964	0.6007366243945893	0.0
2.7675305108773496	0.5999826346053284	0.0
2.7690313408724023	0.5992290940788004	0.0
2.770532170867455	0.5984755669444823	0.0
2.772033000862508	0.5977220655717796	0.0
2.7735338308575606	0.5969686023249552	0.0
2.7750346608526133	0.5962151895629356	0.0
2.776535490847666	0.5954618396391103	0.0
2.778036320842719	0.5947085649011179	0.0
2.7795371508377715	0.593954915352227	0.0
2.7810379808328247	0.593201347782943	0.0
2.7825388108278775	0.5924483726340897	0.0
2.78403964082293	0.5916955220043217	0.0
2.785540470817983	0.5909428082094836	0.0
2.7870413008130357	0.5901902435584593	0.0
2.7885421308080884	0.5894378403529605	0.0
2.790042960803141	0.5886856108873266	0.0
2.791543790798194	0.5879335674483207	0.0
2.7930446207932467	0.5871812466082678	0.0
2.7945454507883	0.586429100017449	0.0
2.7960462807833526	0.5856776883067026	0.0
2.7975471107784053	0.584926511694287	0.0
2.799047940773458	0.5841755824260775	0.0
2.800548770768511	0.5834249127391727	0.0
2.8020496007635636	0.5826745148616796	0.0
2.8035504307586163	0.5819244010125186	0.0
2.805051260753669	0.5811745834012395	0.0
2.806552090748722	0.5804245852501719	0.0
2.808052920743775	0.5796748530678179	0.0
2.8095537507388277	0.5789259973375247	0.0
2.8110545807338805	0.5781774865901524	0.0
2.8125554107289332	0.5774293329853569	0.0
2.814056240723986	0.576681548672231	0.0
2.8155570707190387	0.5759341457890896	0.0
2.8170579007140915	0.5751871364632744	0.0
2.818558730709144	0.574440532810966	0.0
2.820059560704197	0.5736938448032161	0.0
2.82156039069925	0.5729475138120278	0.0
2.823061220694303	0.5722021997697412	0.0
2.8245620506893556	0.5714573397548768	0.0
2.8260628806844084	0.5707129458248221	0.0
2.827563710679461	0.5699690300246133	0.0
2.829064540674514	0.5692256043867286	0.0
2.8305653706695666	0.5684826809309043	0.0
2.8320662006646193	0.5677402716639395	0.0
2.833567030659672	0.5669978734219044	0.0
2.8350678606547253	0.5662559224523813	0.0
2.836568690649778	0.5655151276678808	0.0
2.8380695206448308	0.5647748949712174	0.0
2.8395703506398835	0.5640352363015589	0.0
2.8410711806349362	0.5632961635839615	0.0
2.842572010629989	0.5625576887291788	0.0
2.8440728406250417	0.561819823633471	0.0
2.8455736706200945	0.5610825801784058	0.0
2.847074500615147	0.5603454421987499	0.0
2.8485753306102004	0.5596088408364008	0.0
2.850076160605253	0.5588735334503517	0.0
2.851576990600306	0.558138895085561	0.0
2.8530778205953586	0.5574049375471894	0.0
2.8545786505904114	0.5566716726245415	0.0
2.856079480585464	0.5559391120908586	0.0
2.857580310580517	0.5552072677031255	0.0
2.8590811405755696	0.5544761512018851	0.0
2.8605819705706224	0.5537452335715585	0.0
2.8620828005656755	0.5530149408737283	0.0
2.8635836305607283	0.5522860783157809	0.0
2.865084460555781	0.5515579904436442	0.0
2.8665852905508338	0.5508306889127434	0.0
2.8680861205458865	0.5501041853608993	0.0
2.8695869505409393	0.5493784914081349	0.0
2.871087780535992	0.5486536186564823	0.0
2.8725886105310448	0.547929578689788	0.0
2.8740894405260975	0.5472058298102641	0.0
2.8755902705211502	0.5464827930310567	0.0
2.8770911005162034	0.5457606203837255	0.0
2.878591930511256	0.5450400270418553	0.0
2.880092760506309	0.544320324133492	0.0
2.8815935905013617	0.5436015231293376	0.0
2.8830944204964144	0.5428836354805607	0.0
2.884595250491467	0.5421666726186096	0.0
2.88609608048652	0.5414506459550154	0.0
2.8875969104815726	0.540735566881203	0.0
2.8890977404766254	0.5400208798261293	0.0
2.8905985704716786	0.5393070002383554	0.0
2.8920994004667313	0.5385948320869122	0.0
2.893600230461784	0.5378836568918949	0.0
2.895101060456837	0.5371734859413053	0.0
2.8966018904518895	0.5364643305018912	0.0
2.8981027204469423	0.5357562018189596	0.0
2.899603550441995	0.5350491111161653	0.0
2.9011043804370478	0.5343430695953254	0.0
2.9026052104321005	0.5336375094144897	0.0
2.9041060404271537	0.5329328410620678	0.0
2.9056068704222064	0.5322300140854798	0.0
2.907107700417259	0.5315282808820023	0.0
2.908608530412312	0.5308276525414177	0.0
2.9101093604073647	0.5301281401305306	0.0
2.9116101904024174	0.5294297546929734	0.0
2.91311102039747	0.5287325072490157	0.0
2.914611850392523	0.5280364087953727	0.0
2.9161126803875757	0.5273408794407104	0.0
2.917613510382629	0.5266463247648125	0.0
2.9191143403776816	0.5259537390328688	0.0
2.9206151703727343	0.525262346044956	0.0
2.922116000367787	0.5245721566771651	0.0
2.92361683036284	0.5238831817808777	0.0
2.9251176603578926	0.5231954321825867	0.0
2.9266184903529453	0.522508918683718	0.0
2.928119320347998	0.5218236520604324	0.0
2.929620150343051	0.5211390406107524	0.0
2.931120980338104	0.5204554850634738	0.0
2.9326218103331567	0.5197740234774416	0.0
2.9341226403282095	0.5190938516215304	0.0
2.935623470323262	0.5184149801427103	0.0
2.937124300318315	0.5177374196615427	0.0
2.9386251303133677	0.517061180771996	0.0
2.9401259603084204	0.5163862740412615	0.0
2.941626790303473	0.5157127100095602	0.0
2.943127620298526	0.5150398854202357	0.0
2.944628450293579	0.5143681962147374	0.0
2.946129280288632	0.5136987232581679	0.0
2.9476301102836846	0.5130306348945383	0.0
2.9491309402787373	0.5123639415263636	0.0
2.95063177027379	0.5116986535280735	0.0
2.952132600268843	0.5110347812457983	0.0
2.9536334302638956	0.5103723349971638	0.0
2.9551342602589483	0.5097113250711368	0.0
2.956635090254001	0.5090511369296379	0.0
2.9581359202490543	0.5083921617963112	0.0
2.959636750244107	0.5077355222920771	0.0
2.9611375802391597	0.5070803599826982	0.0
2.9626384102342125	0.506426685011004	0.0
2.9641392402292652	0.5057745074900297	0.0
2.965640070224318	0.5051238375028453	0.0
2.9671409002193707	0.5044746851023674	0.0
2.9686417302144235	0.5038270603111589	0.0
2.970142560209476	0.503180337600201	0.0
2.9716433902045294	0.5025349035506206	0.0
2.973144220199582	0.5018919214260792	0.0
2.974645050194635	0.501250506700765	0.0
2.9761458801896876	0.5006106692427322	0.0
2.9776467101847404	0.49997241888857724	0.0
2.979147540179793	0.4993357654432533	0.0
2.980648370174846	0.49870071867988836	0.0
2.9821492001698986	0.4980672883395959	0.0
2.9836500301649513	0.4974348382101746	0.0
2.9851508601600045	0.49680375031122925	0.0
2.9866516901550573	0.4961752273740397	0.0
2.98815252015011	0.4955483595077364	0.0
2.9896533501451628	0.49492315629066047	0.0
2.9911541801402155	0.49429962726805615	0.0
2.9926550101352682	0.49367778195188505	0.0
2.994155840130321	0.49305762982064233	0.0
2.9956566701253737	0.49243918031918466	0.0
2.9971575001204265	0.491821786877024	0.0
2.9986583301154797	0.4912058270387641	0.0
3.0001591601105324	0.49059237012830564	0.0
