0.0	0.0	0.0
0.0015008299950527925	5.255824098568045e-06	0.0
0.003001659990105585	1.5016469796561764e-05	0.0
0.004502489985158378	2.9281831484504804e-05	0.0
0.00600331998021117	4.805167056346715e-05	0.0
0.007504149975263962	7.132566583025653e-05	0.0
0.009004979970316756	9.910341275682258e-05	0.0
0.010505809965369548	0.00013138442327441082	0.0
0.01200663996042234	0.00016816812602910578	0.0
0.013507469955475132	0.00020945386635631876	0.0
0.015008299950527925	0.00025524090487830564	0.0
0.01650912994558072	0.000305528416301598	0.0
0.01800995994063351	0.00036031548952509114	0.0
0.019510789935686303	0.00041960112646020615	0.0
0.021011619930739096	0.0004833842403871233	0.0
0.022512449925791888	0.0005516636549451002	0.0
0.02401327992084468	0.0006244381011748282	0.0
0.025514109915897473	0.0007017062116311581	0.0
0.027014939910950265	0.0007834665143100129	0.0
0.028515769906003057	0.0008697174293393351	0.0
0.03001659990105585	0.0009604572722881526	0.0
0.031517429896108645	0.0010556842631179383	0.0
0.03301825989116144	0.0011553965318560361	0.0
0.03451908988621423	0.0012595921194780229	0.0
0.03601991988126702	0.0013682689780087785	0.0
0.037520749876319814	0.0014814249705972587	0.0
0.03902157987137261	0.0015990578715828626	0.0
0.0405224098664254	0.0017211653665809273	0.0
0.04202323986147819	0.0018477450525892678	0.0
0.043524069856530984	0.0019787944380896694	0.0
0.045024899851583776	0.0021143109431419546	0.0
0.04652572984663657	0.0022542918994876773	0.0
0.04802655984168936	0.002398734550661459	0.0
0.04952738983674215	0.002547636052098587	0.0
0.051028219831794945	0.0027009934712429544	0.0
0.05252904982684774	0.002858803787658624	0.0
0.05402987982190053	0.003021063893139613	0.0
0.05553070981695332	0.0031877705918201523	0.0
0.057031539812006114	0.0033589206002935944	0.0
0.05853236980705891	0.0035345105477380023	0.0
0.0600331998021117	0.0037145369760417826	0.0
0.06153402979716449	0.0038989963399296214	0.0
0.06303485979221729	0.004087885007090452	0.0
0.06453568978727008	0.004281199258307877	0.0
0.06603651978232288	0.004478935287592778	0.0
0.06753734977737566	0.004681089202318111	0.0
0.06903817977242846	0.004887657023357984	0.0
0.07053900976748124	0.005098634685229925	0.0
0.07203983976253404	0.005314018036239668	0.0
0.07354066975758683	0.005533802838628671	0.0
0.07504149975263963	0.0057579847687244095	0.0
0.07654232974769241	0.005986559417092922	0.0
0.07804315974274521	0.006219522288693346	0.0
0.079543989737798	0.006456868803035326	0.0
0.0810448197328508	0.006698594294339401	0.0
0.08254564972790358	0.006944694011700119	0.0
0.08404647972295638	0.007195163119251323	0.0
0.08554730971800917	0.007449996696333929	0.0
0.08704813971306197	0.007708463051643842	0.0
0.08854896970811475	0.007972010470771743	0.0
0.09004979970316755	0.008239182114156671	0.0
0.09155062969822034	0.008511422686041619	0.0
0.09305145969327314	0.00878727864791423	0.0
0.09455228968832592	0.009068191011232843	0.0
0.09605311968337872	0.009352709651187119	0.0
0.09755394967843152	0.009642271775517823	0.0
0.0990547796734843	0.009936150309865584	0.0
0.1005556096685371	0.01023433949546403	0.0
0.10205643966358989	0.010536833490773617	0.0
0.10355726965864269	0.010843626371679595	0.0
0.10505809965369547	0.011154712131691648	0.0
0.10655892964874827	0.011470084682147847	0.0
0.10805975964380106	0.011789737852420181	0.0
0.10956058963885386	0.012113665390121894	0.0
0.11106141963390664	0.012441860961317535	0.0
0.11256224962895944	0.012774318150734758	0.0
0.11406307962401223	0.013111030461979404	0.0
0.11556390961906503	0.01345199131775204	0.0
0.11706473961411781	0.013797194060066754	0.0
0.11856556960917061	0.014146631950472539	0.0
0.1200663996042234	0.014500298170275714	0.0
0.1215672295992762	0.014858185820765243	0.0
0.12306805959432898	0.015220287923440757	0.0
0.12456888958938178	0.01558659742024221	0.0
0.12606971958443458	0.01595710717378159	0.0
0.12757054957948735	0.01633180996757526	0.0
0.12907137957454015	0.016710000724983305	0.0
0.13057220956959295	0.017093067637777987	0.0
0.13207303956464575	0.0174803054723158	0.0
0.13357386955969852	0.017871706698108666	0.0
0.13507469955475132	0.018266570912561533	0.0
0.13657552954980412	0.018666276021176712	0.0
0.13807635954485692	0.019070121466299942	0.0
0.1395771895399097	0.019478099407330304	0.0
0.1410780195349625	0.01988951432680364	0.0
0.1425788495300153	0.020305733433572472	0.0
0.1440796795250681	0.020726061057120142	0.0
0.1455805095201209	0.021150489050742887	0.0
0.14708133951517366	0.02157900919185011	0.0
0.14858216951022646	0.022011613182224842	0.0
0.15008299950527926	0.02244829264828484	0.0
0.15158382950033206	0.02288903914134445	0.0
0.15308465949538483	0.023333844137878482	0.0
0.15458548949043763	0.02378269903978815	0.0
0.15608631948549043	0.024235595174667786	0.0
0.15758714948054323	0.024692523796074336	0.0
0.159087979475596	0.025153476083798094	0.0
0.1605888094706488	0.025618443144133512	0.0
0.1620896394657016	0.026087416010151993	0.0
0.1635904694607544	0.026560385641977186	0.0
0.16509129945580717	0.027037342927060636	0.0
0.16659212945085997	0.027518278680459595	0.0
0.16809295944591277	0.028003183645116232	0.0
0.16959378944096556	0.028492048492136695	0.0
0.17109461943601834	0.028984863821072737	0.0
0.17259544943107114	0.029480963122502868	0.0
0.17409627942612393	0.029981650932080908	0.0
0.17559710942117673	0.030486260598694036	0.0
0.1770979394162295	0.030994782438515008	0.0
0.1785987694112823	0.03150655608585747	0.0
0.1800995994063351	0.03202287294331355	0.0
0.1816004294013879	0.03254307250580646	0.0
0.18310125939644067	0.03306714481072657	0.0
0.18460208939149347	0.03359443582709192	0.0
0.18610291938654627	0.03412622345636325	0.0
0.18760374938159907	0.0346618535305026	0.0
0.18910457937665184	0.03520131581279197	0.0
0.19060540937170464	0.03574396279488719	0.0
0.19210623936675744	0.0362910585153305	0.0
0.19360706936181024	0.03684195533108782	0.0
0.19510789935686304	0.037396642736066646	0.0
0.1966087293519158	0.03795511015757841	0.0
0.1981095593469686	0.03851734695663843	0.0
0.1996103893420214	0.039083342428266644	0.0
0.2011112193370742	0.03965308580179363	0.0
0.20261204933212698	0.040226566241160965	0.0
0.20411287932717978	0.040803772845221964	0.0
0.20561370932223258	0.04138469464805125	0.0
0.20711453931728538	0.041969320619249684	0.0
0.20861536931233815	0.04255763966424951	0.0
0.21011619930739095	0.04314964062462077	0.0
0.21161702930244375	0.043745312278379404	0.0
0.21311785929749655	0.04434464334029731	0.0
0.21461868929254932	0.04494762246220751	0.0
0.21611951928760212	0.04555423823331442	0.0
0.21762034928265492	0.04616447918050635	0.0
0.21912117927770772	0.046778333768663846	0.0
0.2206220092727605	0.047395790400972554	0.0
0.2221228392678133	0.04801683741923435	0.0
0.2236236692628661	0.04864146310417839	0.0
0.2251244992579189	0.049269655675775154	0.0
0.22662532925297166	0.04990140329354899	0.0
0.22812615924802446	0.0505366940568939	0.0
0.22962698924307726	0.051175516005386584	0.0
0.23112781923813006	0.05181785711909754	0.0
0.23262864923318283	0.05246370531890982	0.0
0.23412947922823563	0.053113048466834324	0.0
0.23563030922328843	0.05376587436632473	0.0
0.23713113921834122	0.05442217076259341	0.0
0.238631969213394	0.05508192534292659	0.0
0.2401327992084468	0.055745125737003236	0.0
0.2416336292034996	0.05641175951720978	0.0
0.2431344591985524	0.057081814198956395	0.0
0.2446352891936052	0.05775527724099557	0.0
0.24613611918865796	0.05843213604573771	0.0
0.24763694918371076	0.05911237795956882	0.0
0.24913777917876356	0.059795990273171444	0.0
0.25063860917381636	0.06048296022184449	0.0
0.25213943916886916	0.06117327498582168	0.0
0.25364026916392196	0.06186692169059185	0.0
0.2551410991589747	0.06256388740722255	0.0
0.2566419291540275	0.06326360787354801	0.0
0.2581427591490803	0.06396717261349748	0.0
0.2596435891441331	0.06467401725766131	0.0
0.2611444191391859	0.06538412866262032	0.0
0.2626452491342387	0.06609749363213739	0.0
0.2641460791292915	0.06681409891747886	0.0
0.2656469091243443	0.06753393121773349	0.0
0.26714773911939704	0.06825697718013382	0.0
0.26864856911444984	0.06898268974135273	0.0
0.27014939910950264	0.06971212276632811	0.0
0.27165022910455544	0.07044472908963004	0.0
0.27315105909960824	0.0711804951542837	0.0
0.27465188909466104	0.07191940735306591	0.0
0.27615271908971384	0.07266145202882796	0.0
0.27765354908476664	0.07340661547481488	0.0
0.2791543790798194	0.07415488393498834	0.0
0.2806552090748722	0.07490572811217751	0.0
0.282156039069925	0.07566016513941902	0.0
0.2836568690649778	0.07641766562258395	0.0
0.2851576990600306	0.07717821561172157	0.0
0.2866585290550834	0.0779418011092086	0.0
0.2881593590501362	0.07870840807006996	0.0
0.289660189045189	0.07947802240230085	0.0
0.2911610190402418	0.08025062996719202	0.0
0.2926618490352945	0.08102621657964691	0.0
0.2941626790303473	0.08180427357342755	0.0
0.2956635090254001	0.08258577554401003	0.0
0.2971643390204529	0.08337021373399445	0.0
0.2986651690155057	0.08415757377595846	0.0
0.3001659990105585	0.08494784125770315	0.0
0.3016668290056113	0.08574100172257357	0.0
0.3031676590006641	0.0865370406697809	0.0
0.30466848899571686	0.08733594355472278	0.0
0.30616931899076966	0.08813722059174225	0.0
0.30767014898582246	0.08894180754684872	0.0
0.30917097898087526	0.08974921454836618	0.0
0.31067180897592805	0.09055942687965826	0.0
0.31217263897098085	0.0913724297818819	0.0
0.31367346896603365	0.09218820845431024	0.0
0.31517429896108645	0.09300674805465102	0.0
0.3166751289561392	0.0938280336993672	0.0
0.318175958951192	0.09465159496489554	0.0
0.3196767889462448	0.09547832788644454	0.0
0.3211776189412976	0.09630776195956534	0.0
0.3226784489363504	0.09713988213895547	0.0
0.3241792789314032	0.0979746733396744	0.0
0.325680108926456	0.09881212043746146	0.0
0.3271809389215088	0.09965220826905542	0.0
0.32868176891656153	0.10049492163251338	0.0
0.33018259891161433	0.10133980992044016	0.0
0.33168342890666713	0.10218772859064353	0.0
0.33318425890171993	0.1030382269599711	0.0
0.33468508889677273	0.10389128967496025	0.0
0.33618591889182553	0.10474690134506671	0.0
0.33768674888687833	0.10560504654298632	0.0
0.33918757888193113	0.10646570980497368	0.0
0.34068840887698393	0.10732887563115873	0.0
0.34218923887203667	0.10819452848586628	0.0
0.34369006886708947	0.109062240563609	0.0
0.34519089886214227	0.10993282072857241	0.0
0.34669172885719507	0.11080584110525588	0.0
0.34819255885224787	0.11168128601795821	0.0
0.34969338884730067	0.11255913975676489	0.0
0.35119421884235347	0.11343938657787037	0.0
0.35269504883740627	0.11432201070389686	0.0
0.354195878832459	0.11520699632421186	0.0
0.3556967088275118	0.11609393632358975	0.0
0.3571975388225646	0.11698359737091371	0.0
0.3586983688176174	0.1178755722860361	0.0
0.3601991988126702	0.11876984512848426	0.0
0.361700028807723	0.11966639992612144	0.0
0.3632008588027758	0.12056522067545862	0.0
0.3647016887978286	0.12146629134197766	0.0
0.36620251879288135	0.12236959586044706	0.0
0.36770334878793415	0.12327474817465378	0.0
0.36920417878298695	0.12418247208173655	0.0
0.37070500877803975	0.12509238146564183	0.0
0.37220583877309255	0.12600446014145958	0.0
0.37370666876814534	0.12691869189515448	0.0
0.37520749876319814	0.12783506048388227	0.0
0.37670832875825094	0.12875354963630678	0.0
0.3782091587533037	0.12967414305291414	0.0
0.3797099887483565	0.1305964760781033	0.0
0.3812108187434093	0.1315212290149926	0.0
0.3827116487384621	0.13244803715321446	0.0
0.3842124787335149	0.133376884083721	0.0
0.3857133087285677	0.1343077533708763	0.0
0.3872141387236205	0.13524062855276844	0.0
0.3887149687186733	0.13617549314152638	0.0
0.3902157987137261	0.13711233062363853	0.0
0.3917166287087788	0.13805112446026363	0.0
0.3932174587038316	0.1389918580875561	0.0
0.3947182886988844	0.13993451491698092	0.0
0.3962191186939372	0.14087907833562113	0.0
0.39771994868899	0.14182553170649972	0.0
0.3992207786840428	0.14277385836890405	0.0
0.4007216086790956	0.1437240416386897	0.0
0.4022224386741484	0.14467606480859557	0.0
0.40372326866920116	0.14562991114856996	0.0
0.40522409866425396	0.14658556390608019	0.0
0.40672492865930676	0.1475430063064286	0.0
0.40822575865435956	0.1485022215530673	0.0
0.40972658864941236	0.14946319282791587	0.0
0.41122741864446516	0.15042590329168273	0.0
0.41272824863951796	0.1513903360841702	0.0
0.41422907863457076	0.1523564743245966	0.0
0.4157299086296235	0.15332430111191472	0.0
0.4172307386246763	0.1542937995251181	0.0
0.4187315686197291	0.15526495262356443	0.0
0.4202323986147819	0.15623774344729266	0.0
0.4217332286098347	0.15721215501733668	0.0
0.4232340586048875	0.15818817033603993	0.0
0.4247348885999403	0.15916577238737428	0.0
0.4262357185949931	0.16014494413725325	0.0
0.42773654859004584	0.16112566853384866	0.0
0.42923737858509864	0.16210792850790923	0.0
0.43073820858015144	0.1630917069730689	0.0
0.43223903857520424	0.16407698682617078	0.0
0.43373986857025704	0.16506375094758366	0.0
0.43524069856530984	0.1660519822015144	0.0
0.43674152856036264	0.1670416634363233	0.0
0.43824235855541543	0.16803277748483927	0.0
0.43974318855046823	0.16902530716468483	0.0
0.441244018545521	0.1700192352785891	0.0
0.4427448485405738	0.17101454461469448	0.0
0.4442456785356266	0.1720112179468746	0.0
0.4457465085306794	0.1730092380350614	0.0
0.4472473385257322	0.1740085876255594	0.0
0.448748168520785	0.1750092494513538	0.0
0.4502489985158378	0.17601120623243277	0.0
0.45174982851089057	0.17701444067610456	0.0
0.4532506585059433	0.17801893547731268	0.0
0.4547514885009961	0.1790246733189495	0.0
0.4562523184960489	0.18003163687217516	0.0
0.4577531484911017	0.18103980879673776	0.0
0.4592539784861545	0.18204917174128002	0.0
0.4607548084812073	0.1830597083436684	0.0
0.4622556384762601	0.18407140123130347	0.0
0.4637564684713129	0.1850842330214346	0.0
0.46525729846636565	0.18609818632148253	0.0
0.46675812846141845	0.18711324372934748	0.0
0.46825895845647125	0.18812938783373573	0.0
0.46975978845152405	0.18914660121447338	0.0
0.47126061844657685	0.19016486644282096	0.0
0.47276144844162965	0.19118416608179278	0.0
0.47426227843668245	0.19220448268646972	0.0
0.47576310843173525	0.19322579880432209	0.0
0.477263938426788	0.19424809697552456	0.0
0.4787647684218408	0.19527135973326956	0.0
0.4802655984168936	0.19629556960408936	0.0
0.4817664284119464	0.19732070910817173	0.0
0.4832672584069992	0.19834676075967822	0.0
0.484768088402052	0.19937370706705693	0.0
0.4862689183971048	0.20040153053336116	0.0
0.4877697483921576	0.20143021365657265	0.0
0.4892705783872104	0.20245973892991348	0.0
0.49077140838226313	0.20349008884216324	0.0
0.49227223837731593	0.20452124587797804	0.0
0.49377306837236873	0.20555319251820606	0.0
0.49527389836742153	0.20658591124020637	0.0
0.4967747283624743	0.2076193845181607	0.0
0.4982755583575271	0.20865359482339646	0.0
0.4997763883525799	0.2096885246247071	0.0
0.5012772183476327	0.2107241563886638	0.0
0.5027780483426855	0.21176047257993222	0.0
0.5042788783377383	0.21279718731010794	0.0
0.5057797083327911	0.21383481974517082	0.0
0.5072805383278439	0.21487281993103874	0.0
0.5087813683228967	0.21591169845603747	0.0
0.5102821983179494	0.21695091393958033	0.0
0.5117830283130023	0.21799061387241547	0.0
0.513283858308055	0.21903122998808836	0.0
0.5147846883031079	0.22007213687195945	0.0
0.5162855182981606	0.22111382368917082	0.0
0.5177863482932135	0.2221557704815896	0.0
0.5192871782882662	0.22319845785516118	0.0
0.520788008283319	0.22424137441455053	0.0
0.5222888382783718	0.2252846731285146	0.0
0.5237896682734245	0.22632872984732308	0.0
0.5252904982684774	0.2273729695803402	0.0
0.5267913282635301	0.22841785156615538	0.0
0.528292158258583	0.2294628857954548	0.0
0.5297929882536357	0.2305085229738277	0.0
0.5312938182486886	0.23155428163630373	0.0
0.5327946482437413	0.23260060396436172	0.0
0.5342954782387941	0.23364701703069024	0.0
0.5357963082338469	0.23469368089129614	0.0
0.5372971382288997	0.23574089969602854	0.0
0.5387979682239525	0.2367881631512517	0.0
0.5402987982190053	0.23783589217130044	0.0
0.5417996282140581	0.23888363513953426	0.0
0.5433004582091109	0.23993180448231838	0.0
0.5448012882041637	0.24097995709225908	0.0
0.5463021181992165	0.24202849691949416	0.0
0.5478029481942692	0.24307698935632494	0.0
0.5493037781893221	0.24412560158660218	0.0
0.5508046081843748	0.24517456632560378	0.0
0.5523054381794277	0.24622343773723407	0.0
0.5538062681744804	0.24727259863650253	0.0
0.5553070981695333	0.2483216356191113	0.0
0.556807928164586	0.24937092306984474	0.0
0.5583087581596388	0.25042005604577916	0.0
0.5598095881546916	0.25146920729651046	0.0
0.5613104181497444	0.2525185542280488	0.0
0.5628112481447972	0.253567700911198	0.0
0.56431207813985	0.2546170007201583	0.0
0.5658129081349028	0.25566606981000517	0.0
0.5673137381299556	0.25671525317833177	0.0
0.5688145681250084	0.2577641753955944	0.0
0.5703153981200612	0.25881317309948554	0.0
0.5718162281151139	0.25986187926130805	0.0
0.5733170581101668	0.2609104738067903	0.0
0.5748178881052195	0.26195906343826236	0.0
0.5763187181002724	0.2630073160229513	0.0
0.5778195480953251	0.2640555473759511	0.0
0.579320378090378	0.2651034114029937	0.0
0.5808212080854307	0.26615121562258853	0.0
0.5823220380804836	0.2671986222855575	0.0
0.5838228680755363	0.26824593063329705	0.0
0.585323698070589	0.2692928112443929	0.0
0.5868245280656419	0.270339451234412	0.0
0.5883253580606946	0.2713858871568941	0.0
0.5898261880557475	0.2724318501724825	0.0
0.5913270180508002	0.27347761891890726	0.0
0.5928278480458531	0.2745228847143942	0.0
0.5943286780409058	0.27556791799245417	0.0
0.5958295080359586	0.276612418333649	0.0
0.5973303380310114	0.2776565784489375	0.0
0.5988311680260642	0.2787003807806151	0.0
0.600331998021117	0.2797436053101469	0.0
0.6018328280161698	0.2807865020587957	0.0
0.6033336580112226	0.28182879117391224	0.0
0.6048344880062754	0.282870714552739	0.0
0.6063353180013282	0.28391200053214033	0.0
0.607836147996381	0.2849528829096021	0.0
0.6093369779914337	0.28599309818933805	0.0
0.6108378079864866	0.2870328462726384	0.0
0.6123386379815393	0.2880720406901988	0.0
0.6138394679765922	0.2891105235936992	0.0
0.6153402979716449	0.29014850864114516	0.0
0.6168411279666978	0.29118575265428404	0.0
0.6183419579617505	0.2922224612808332	0.0
0.6198427879568033	0.2932583994276606	0.0
0.6213436179518561	0.29429377257998646	0.0
0.6228444479469089	0.29532844124224683	0.0
0.6243452779419617	0.29636229540120335	0.0
0.6258461079370145	0.2973955207976196	0.0
0.6273469379320673	0.2984279024413706	0.0
0.62884776792712	0.2994596181594381	0.0
0.6303485979221729	0.300490460957443	0.0
0.6318494279172256	0.3015206007774623	0.0
0.6333502579122784	0.30254983859402085	0.0
0.6348510879073312	0.3035783870527562	0.0
0.636351917902384	0.304606039296476	0.0
0.6378527478974368	0.3056327460730762	0.0
0.6393535778924896	0.30665865774221307	0.0
0.6408544078875424	0.3076835950795612	0.0
0.6423552378825952	0.3087077006652294	0.0
0.643856067877648	0.309730803145403	0.0
0.6453568978727008	0.31075303735196225	0.0
0.6468577278677535	0.311774239772251	0.0
0.6483585578628064	0.31279463018222076	0.0
0.6498593878578591	0.3138139353678731	0.0
0.651360217852912	0.31483216592403596	0.0
0.6528610478479647	0.3158494374527354	0.0
0.6543618778430176	0.31686560591202567	0.0
0.6558627078380703	0.3178807792696553	0.0
0.6573635378331231	0.318894821217678	0.0
0.6588643678281759	0.31990795705098485	0.0
0.6603651978232287	0.32091986269873807	0.0
0.6618660278182815	0.3219305946170595	0.0
0.6633668578133343	0.32294024183681996	0.0
0.6648676878083871	0.32394868724459436	0.0
0.6663685178034399	0.3249560123573873	0.0
0.6678693477984927	0.32596210768199985	0.0
0.6693701777935455	0.3269670472571252	0.0
0.6708710077885982	0.3279707291760958	0.0
0.6723718377836511	0.3289733857872511	0.0
0.6738726677787038	0.3299746286760601	0.0
0.6753734977737567	0.3309745723128932	0.0
0.6768743277688094	0.33197327219958306	0.0
0.6783751577638623	0.3329706452449557	0.0
0.679875987758915	0.3339667396009764	0.0
0.6813768177539679	0.334961479641	0.0
0.6828776477490206	0.3359549062049194	0.0
0.6843784777440733	0.33694695109459916	0.0
0.6858793077391262	0.33793785365563783	0.0
0.6873801377341789	0.33892716238459647	0.0
0.6888809677292318	0.3399150486232394	0.0
0.6903817977242845	0.34090153509989396	0.0
0.6918826277193374	0.341886572026918	0.0
0.6933834577143901	0.34287017495669525	0.0
0.6948842877094429	0.34385230140017053	0.0
0.6963851177044957	0.34483319610056096	0.0
0.6978859476995485	0.3458123594066825	0.0
0.6993867776946013	0.34679000605416627	0.0
0.7008876076896541	0.34776613383136423	0.0
0.7023884376847069	0.34874071832744474	0.0
0.7038892676797597	0.3497137502966804	0.0
0.7053900976748125	0.35068521249097734	0.0
0.7068909276698653	0.3516550886720587	0.0
0.708391757664918	0.35262336871469885	0.0
0.7098925876599709	0.3535903042368749	0.0
0.7113934176550236	0.35455533493478686	0.0
0.7128942476500765	0.35551873019583535	0.0
0.7143950776451292	0.3564804564851314	0.0
0.7158959076401821	0.3574405213071994	0.0
0.7173967376352348	0.35839888428352284	0.0
0.7188975676302876	0.3593555598983449	0.0
0.7203983976253404	0.36031080506089364	0.0
0.7218992276203932	0.36126401331232516	0.0
0.723400057615446	0.36221549561823796	0.0
0.7249008876104988	0.3631651946823401	0.0
0.7264017176055516	0.3641131422539344	0.0
0.7279025476006044	0.3650592743472345	0.0
0.7294033775956572	0.3660036295426993	0.0
0.73090420759071	0.3669461372100081	0.0
0.7324050375857627	0.3678868427173999	0.0
0.7339058675808156	0.3688260096981131	0.0
0.7354066975758683	0.36976297372331435	0.0
0.7369075275709212	0.3706980979659159	0.0
0.7384083575659739	0.37163129538359013	0.0
0.7399091875610267	0.37256262812133095	0.0
0.7414100175560795	0.3734920026527979	0.0
0.7429108475511323	0.37441948775555633	0.0
0.7444116775461851	0.375344983465947	0.0
0.7459125075412378	0.37626856514885343	0.0
0.7474133375362907	0.37719050306468344	0.0
0.7489141675313434	0.37811007642420785	0.0
0.7504149975263963	0.3790276991410001	0.0
0.751915827521449	0.3799432553650628	0.0
0.7534166575165019	0.38085683672905246	0.0
0.7549174875115546	0.38176832111216974	0.0
0.7564183175066074	0.3826778065729296	0.0
0.7579191475016602	0.3835855684539132	0.0
0.759419977496713	0.38449084328620026	0.0
0.7609208074917658	0.38539408339486503	0.0
0.7624216374868186	0.386295151194588	0.0
0.7639224674818714	0.387194160602214	0.0
0.7654232974769242	0.3880909679325186	0.0
0.766924127471977	0.38898569336217603	0.0
0.7684249574670298	0.38987818715566913	0.0
0.7699257874620825	0.39076850439684163	0.0
0.7714266174571354	0.3916567047774927	0.0
0.7729274474521881	0.39254262958041625	0.0
0.774428277447241	0.3934263385916587	0.0
0.7759291074422937	0.3943078188260981	0.0
0.7774299374373466	0.3951870573462011	0.0
0.7789307674323993	0.3960640412621946	0.0
0.7804315974274522	0.39693875773224446	0.0
0.7819324274225049	0.3978111939626493	0.0
0.7834332574175576	0.398681337208013	0.0
0.7849340874126105	0.39954926093562154	0.0
0.7864349174076632	0.40041478016840976	0.0
0.7879357474027161	0.40127796847114255	0.0
0.7894365773977688	0.4021388132933941	0.0
0.7909374073928217	0.4029973021339093	0.0
0.7924382373878744	0.403853422540779	0.0
0.7939390673829272	0.40470716211162056	0.0
0.79543989737798	0.4055586046805574	0.0
0.7969407273730328	0.40640754557063763	0.0
0.7984415573680856	0.4072541677078257	0.0
0.7999423873631384	0.40809826090510354	0.0
0.8014432173581912	0.40893991200214197	0.0
0.802944047353244	0.40977910889716646	0.0
0.8044448773482968	0.41061583953908193	0.0
0.8059457073433496	0.4114500919276156	0.0
0.8074465373384023	0.4122818541135081	0.0
0.8089473673334552	0.4131112228008994	0.0
0.8104481973285079	0.41393796893802903	0.0
0.8119490273235608	0.41476218933181597	0.0
0.8134498573186135	0.4155838722385803	0.0
0.8149506873136664	0.4164030059664162	0.0
0.8164515173087191	0.4172195788753625	0.0
0.817952347303772	0.4180335793775502	0.0
0.8194531772988247	0.4188449959373497	0.0
0.8209540072938775	0.41965381707151944	0.0
0.8224548372889303	0.42046015182531193	0.0
0.8239556672839831	0.42126374786830634	0.0
0.8254564972790359	0.42206471435129284	0.0
0.8269573272740887	0.4228630400021066	0.0
0.8284581572691415	0.4236587136017058	0.0
0.8299589872641943	0.42445172398433295	0.0
0.831459817259247	0.425242060037665	0.0
0.8329606472542999	0.4260298400316631	0.0
0.8344614772493526	0.4268147943031956	0.0
0.8359623072444055	0.4275971730256017	0.0
0.8374631372394582	0.42837670170945	0.0
0.838963967234511	0.42915350130746444	0.0
0.8404647972295638	0.4299275610308136	0.0
0.8419656272246167	0.4306988701450689	0.0
0.8434664572196694	0.4314674179703528	0.0
0.8449672872147221	0.4322331938814559	0.0
0.846468117209775	0.4329963275179487	0.0
0.8479689472048277	0.4337565279437937	0.0
0.8494697771998806	0.4345139249085971	0.0
0.8509706071949333	0.43526850800718514	0.0
0.8524714371899862	0.4360202668897183	0.0
0.8539722671850389	0.436769191261838	0.0
0.8554730971800917	0.4375152708847862	0.0
0.8569739271751445	0.4382586438527647	0.0
0.8584747571701973	0.43899900348344384	0.0
0.8599755871652501	0.43973663850066186	0.0
0.8614764171603029	0.440471237853075	0.0
0.8629772471553557	0.4412029420996043	0.0
0.8644780771504085	0.4419317413377506	0.0
0.8659789071454613	0.44265762572149253	0.0
0.8674797371405141	0.44338058546140163	0.0
0.8689805671355668	0.44410061082478586	0.0
0.8704813971306197	0.4448178502679003	0.0
0.8719822271256724	0.4455319779069703	0.0
0.8734830571207253	0.4462431423122723	0.0
0.874983887115778	0.44695133397920517	0.0
0.8764847171108309	0.4476565434605013	0.0
0.8779855471058836	0.4483587613663272	0.0
0.8794863771009365	0.4490579783643978	0.0
0.8809872070959892	0.44975418518010624	0.0
0.882488037091042	0.45044737259662976	0.0
0.8839888670860948	0.45113769885118027	0.0
0.8854896970811476	0.4518248200497971	0.0
0.8869905270762004	0.4525088945458289	0.0
0.8884913570712532	0.4531899133547189	0.0
0.889992187066306	0.45386786755025754	0.0
0.8914930170613588	0.4545427482646985	0.0
0.8929938470564115	0.45521454668886235	0.0
0.8944946770514643	0.4558834282595644	0.0
0.8959955070465171	0.45654903590966	0.0
0.89749633704157	0.4572117112540833	0.0
0.8989971670366227	0.4578710935973223	0.0
0.9004979970316755	0.4585273504850954	0.0
0.9019988270267283	0.4591804734618836	0.0
0.9034996570217811	0.4598304541314985	0.0
0.9050004870168339	0.4604772841571617	0.0
0.9065013170118866	0.46112095526160407	0.0
0.9080021470069395	0.46176164160650496	0.0
0.9095029770019922	0.4623989702745451	0.0
0.9110038069970451	0.46303311554693516	0.0
0.9125046369920978	0.4636640693855304	0.0
0.9140054669871507	0.46429182381222295	0.0
0.9155062969822034	0.4649163709090295	0.0
0.9170071269772563	0.46553770281819423	0.0
0.918507956972309	0.46615581174229076	0.0
0.9200087869673618	0.4667706899443122	0.0
0.9215096169624146	0.4673825197046505	0.0
0.9230104469574674	0.4679909134928257	0.0
0.9245112769525202	0.46859605371056856	0.0
0.926012106947573	0.46919793286353273	0.0
0.9275129369426258	0.4697965435182641	0.0
0.9290137669376786	0.47039187830231993	0.0
0.9305145969327313	0.4709839299043479	0.0
0.9320154269277842	0.47157288649504464	0.0
0.9335162569228369	0.47215835004289275	0.0
0.9350170869178898	0.47274070575361765	0.0
0.9365179169129425	0.47331955273545295	0.0
0.9380187469079954	0.4738950808962741	0.0
0.9395195769030481	0.4744672832931857	0.0
0.941020406898101	0.47503615304502705	0.0
0.9425212368931537	0.47560168333243086	0.0
0.9440220668882064	0.47616386739793115	0.0
0.9455228968832593	0.47672290043360355	0.0
0.947023726878312	0.4772783720300715	0.0
0.9485245568733649	0.4778304775036335	0.0
0.9500253868684176	0.4783792103453039	0.0
0.9515262168634705	0.4789245641084299	0.0
0.9530270468585232	0.4794665324087606	0.0
0.954527876853576	0.48000510892455905	0.0
0.9560287068486288	0.48054049387538206	0.0
0.9575295368436816	0.48107226810637316	0.0
0.9590303668387344	0.4816008396819968	0.0
0.9605311968337872	0.4821257870913684	0.0
0.96203202682884	0.4826473120459705	0.0
0.9635328568238928	0.48316540860078006	0.0
0.9650336868189456	0.4836800708738225	0.0
0.9665345168139984	0.48419129304627645	0.0
0.9680353468090511	0.4846990693625504	0.0
0.969536176804104	0.48520360594276957	0.0
0.9710370067991567	0.48570447353219615	0.0
0.9725378367942096	0.48620187837778983	0.0
0.9740386667892623	0.48669581497761116	0.0
0.9755394967843152	0.4871862778933277	0.0
0.9770403267793679	0.4876732617502841	0.0
0.9785411567744208	0.4881567612375761	0.0
0.9800419867694735	0.48863677110813486	0.0
0.9815428167645263	0.48911328617876226	0.0
0.9830436467595791	0.48958651783014484	0.0
0.9845444767546319	0.4900560280063278	0.0
0.9860453067496847	0.49052202821617025	0.0
0.9875461367447375	0.49098451353279027	0.0
0.9890469667397903	0.4914434790935696	0.0
0.9905477967348431	0.4918989201001962	0.0
0.9920486267298958	0.49235083181873945	0.0
0.9935494567249487	0.4927994292748528	0.0
0.9950502867200014	0.4932442684723836	0.0
0.9965511167150543	0.4936857851012657	0.0
0.998051946710107	0.4941235336144492	0.0
0.9995527767051599	0.49455773013612647	0.0
1.0010536067002127	0.4949883703200887	0.0
1.0025544366952654	0.49541544988498903	0.0
1.0040552666903182	0.4958389646143729	0.0
1.005556096685371	0.49625891035674397	0.0
1.0070569266804237	0.4966755062448739	0.0
1.0085577566754766	0.49708912151215623	0.0
1.0100585866705294	0.497498336029523	0.0
1.0115594166655821	0.49790396560016426	0.0
1.0130602466606349	0.49830600639834166	0.0
1.0145610766556878	0.4987046795550297	0.0
1.0160619066507406	0.4990995315914215	0.0
1.0175627366457933	0.4994907837693123	0.0
1.019063566640846	0.4998784325246035	0.0
1.0205643966358988	0.5002627004402249	0.0
1.0220652266309518	0.5006439599573885	0.0
1.0235660566260045	0.5010207777102931	0.0
1.0250668866210573	0.5013939784354816	0.0
1.02656771661611	0.5017635588971291	0.0
1.028068546611163	0.5021297433090477	0.0
1.0295693766062157	0.5024920737983876	0.0
1.0310702066012685	0.5028507747107318	0.0
1.0325710365963212	0.5032058430737691	0.0
1.034071866591374	0.5035575042582743	0.0
1.035572696586427	0.5039061336975614	0.0
1.0370735265814797	0.504250287233333	0.0
1.0385743565765324	0.5045907969863097	0.0
1.0400751865715852	0.5049276603146527	0.0
1.041576016566638	0.5052611038499614	0.0
1.0430768465616909	0.5055915045940305	0.0
1.0445776765567436	0.505917413454107	0.0
1.0460785065517963	0.5062396659800883	0.0
1.047579336546849	0.5065582598616969	0.0
1.049080166541902	0.5068734227847013	0.0
1.0505809965369548	0.5071846927114125	0.0
1.0520818265320075	0.507492297460558	0.0
1.0535826565270603	0.5077962349877697	0.0
1.055083486522113	0.5080967336728661	0.0
1.056584316517166	0.5083941731697972	0.0
1.0580851465122187	0.5086870974250788	0.0
1.0595859765072715	0.5089763469422084	0.0
1.0610868065023242	0.509261920010016	0.0
1.0625876364973772	0.5095440456887342	0.0
1.06408846649243	0.5098222609902715	0.0
1.0655892964874827	0.5100967951084152	0.0
1.0670901264825354	0.5103676465990861	0.0
1.0685909564775882	0.5106350449167896	0.0
1.0700917864726411	0.510899372146719	0.0
1.0715926164676939	0.5111591677530647	0.0
1.0730934464627466	0.511415275619363	0.0
1.0745942764577994	0.5116676946359606	0.0
1.0760951064528523	0.5119166545621715	0.0
1.077595936447905	0.512161692817198	0.0
1.0790967664429578	0.5124030392942924	0.0
1.0805975964380106	0.5126406931516954	0.0
1.0820984264330633	0.5128748842418601	0.0
1.0835992564281163	0.5131059968588227	0.0
1.085100086423169	0.5133325684710995	0.0
1.0866009164182218	0.5135554447622245	0.0
1.0881017464132745	0.5137746252256804	0.0
1.0896025764083275	0.5139903396416049	0.0
1.0911034064033802	0.514202127197479	0.0
1.092604236398433	0.5144102178076293	0.0
1.0941050663934857	0.5146146112339187	0.0
1.0956058963885384	0.5148155370475023	0.0
1.0971067263835914	0.5150133815275932	0.0
1.0986075563786442	0.5152066826387446	0.0
1.100108386373697	0.5153962862797838	0.0
1.1016092163687496	0.5155821925481596	0.0
1.1031100463638024	0.5157646305646294	0.0
1.1046108763588554	0.5159439876145067	0.0
1.106111706353908	0.516118803014762	0.0
1.1076125363489608	0.516289922098375	0.0
1.1091133663440136	0.5164573452983293	0.0
1.1106141963390666	0.5166213010747296	0.0
1.1121150263341193	0.5167813340736458	0.0
1.113615856329172	0.516937672889315	0.0
1.1151166863242248	0.5170903182230134	0.0
1.1166175163192775	0.5172394978548621	0.0
1.1181183463143305	0.5173856007055853	0.0
1.1196191763093832	0.5175271704656398	0.0
1.121120006304436	0.5176650502143573	0.0
1.1226208362994887	0.5177992409880927	0.0
1.1241216662945417	0.5179299695277194	0.0
1.1256224962895944	0.5180567857273587	0.0
1.1271233262846472	0.5181799164617306	0.0
1.1286241562797	0.5182993630348928	0.0
1.1301249862747527	0.5184153512050196	0.0
1.1316258162698056	0.5185282713026145	0.0
1.1331266462648584	0.5186366738792549	0.0
1.1346274762599111	0.5187413981745357	0.0
1.1361283062549639	0.5188424458265568	0.0
1.1376291362500168	0.5189400411761258	0.0
1.1391299662450696	0.5190337407217462	0.0
1.1406307962401223	0.51912376893757	0.0
1.142131626235175	0.5192101277283463	0.0
1.1436324562302278	0.5192930401500823	0.0
1.1451332862252808	0.5193728977172096	0.0
1.1466341162203335	0.519448260321107	0.0
1.1481349462153863	0.5195199617794823	0.0
1.149635776210439	0.519588004329522	0.0
1.151136606205492	0.5196526092329129	0.0
1.1526374362005447	0.5197133409421779	0.0
1.1541382661955975	0.5197704208515455	0.0
1.1556390961906502	0.519823851463301	0.0
1.157139926185703	0.5198738524534008	0.0
1.158640756180756	0.5199208162943451	0.0
1.1601415861758086	0.5199633146825108	0.0
1.1616424161708614	0.5200021744384241	0.0
1.1631432461659141	0.5200373983945584	0.0
1.164644076160967	0.5200692040574025	0.0
1.1661449061560198	0.5200971651737756	0.0
1.1676457361510726	0.5201214993816915	0.0
1.1691465661461253	0.5201422097766818	0.0
1.170647396141178	0.520159511980349	0.0
1.172148226136231	0.520173799197735	0.0
1.1736490561312838	0.5201836573771791	0.0
1.1751498861263365	0.5201899047764849	0.0
1.1766507161213893	0.520192544818469	0.0
1.178151546116442	0.5201917905827127	0.0
1.179652376111495	0.5201880355842684	0.0
1.1811532061065477	0.5201798747377574	0.0
1.1826540361016005	0.5201681208722707	0.0
1.1841548660966532	0.5201527777360548	0.0
1.1856556960917062	0.520134055661117	0.0
1.187156526086759	0.5201115454865357	0.0
1.1886573560818117	0.5200854576737253	0.0
1.1901581860768644	0.5200557962297744	0.0
1.1916590160719172	0.5200227691414067	0.0
1.1931598460669701	0.5199867703067121	0.0
1.1946606760620229	0.5199464126508648	0.0
1.1961615060570756	0.5199024980316793	0.0
1.1976623360521284	0.5198550307777575	0.0
1.1991631660471813	0.5198042157612783	0.0
1.200663996042234	0.5197496564787285	0.0
1.2021648260372868	0.5196915579300131	0.0
1.2036656560323395	0.5196299246991808	0.0
1.2051664860273923	0.5195649590213371	0.0
1.2066673160224453	0.5194970549542705	0.0
1.208168146017498	0.5194248458115877	0.0
1.2096689760125507	0.5193491209535358	0.0
1.2111698060076035	0.5192698852810955	0.0
1.2126706360026565	0.5191873375525126	0.0
1.2141714659977092	0.519101095205485	0.0
1.215672295992762	0.5190113571240087	0.0
1.2171731259878147	0.5189181284605932	0.0
1.2186739559828674	0.5188216050486436	0.0
1.2201747859779204	0.5187221808836764	0.0
1.2216756159729731	0.5186185120095136	0.0
1.2231764459680259	0.5185113737837288	0.0
1.2246772759630786	0.5184007716705212	0.0
1.2261781059581316	0.5182868976695841	0.0
1.2276789359531843	0.5181693844209759	0.0
1.229179765948237	0.5180484240479405	0.0
1.2306805959432898	0.5179240222617301	0.0
1.2321814259383426	0.517796367854159	0.0
1.2336822559333955	0.5176658545382261	0.0
1.2351830859284483	0.5175311633886048	0.0
1.236683915923501	0.5173930542795558	0.0
1.2381847459185538	0.5172515332281202	0.0
1.2396855759136065	0.5171067848418761	0.0
1.2411864059086595	0.5169592025826565	0.0
1.2426872359037122	0.5168074824079719	0.0
1.244188065898765	0.5166523749608026	0.0
1.2456888958938177	0.5164938865604017	0.0
1.2471897258888707	0.5163321974383811	0.0
1.2486905558839234	0.5161669663283706	0.0
1.2501913858789762	0.5159983735815136	0.0
1.251692215874029	0.5158264257561554	0.0
1.2531930458690816	0.5156512994466573	0.0
1.2546938758641346	0.5154733874938903	0.0
1.2561947058591874	0.5152914143713034	0.0
1.25769553585424	0.5151061129917718	0.0
1.2591963658492928	0.5149174902089521	0.0
1.2606971958443458	0.5147257179021343	0.0
1.2621980258393986	0.5145304731071194	0.0
1.2636988558344513	0.5143319278198476	0.0
1.265199685829504	0.5141300891272854	0.0
1.2667005158245568	0.5139251250034605	0.0
1.2682013458196097	0.5137174274538685	0.0
1.2697021758146625	0.5135057516407794	0.0
1.2712030058097152	0.5132908113436888	0.0
1.272703835804768	0.5130726139373567	0.0
1.274204665799821	0.5128513223499856	0.0
1.2757054957948737	0.5126266330767186	0.0
1.2772063257899264	0.5123987091593002	0.0
1.2787071557849792	0.5121675581995571	0.0
1.280207985780032	0.5119333389594187	0.0
1.2817088157750849	0.5116964423975093	0.0
1.2832096457701376	0.5114556564794754	0.0
1.2847104757651904	0.5112116744839221	0.0
1.2862113057602431	0.5109645042923723	0.0
1.287712135755296	0.5107142992993279	0.0
1.2892129657503488	0.5104607765810563	0.0
1.2907137957454016	0.5102040896422327	0.0
1.2922146257404543	0.5099442465847586	0.0
1.293715455735507	0.5096813963834108	0.0
1.29521628573056	0.5094159287416639	0.0
1.2967171157256128	0.509146666480418	0.0
1.2982179457206655	0.508874281048588	0.0
1.2997187757157183	0.5085987808191407	0.0
1.3012196057107712	0.508320309087633	0.0
1.302720435705824	0.508038604595477	0.0
1.3042212657008767	0.5077538107448686	0.0
1.3057220956959295	0.5074659361220248	0.0
1.3072229256909822	0.5071749893659547	0.0
1.3087237556860352	0.5068811079242762	0.0
1.310224585681088	0.5065840430283758	0.0
1.3117254156761406	0.5062839322304559	0.0
1.3132262456711934	0.5059807843786444	0.0
1.3147270756662461	0.5056747321229741	0.0
1.316227905661299	0.5053661628086609	0.0
1.3177287356563518	0.5050539573966206	0.0
1.3192295656514046	0.5047387508353425	0.0
1.3207303956464573	0.5044205522296229	0.0
1.3222312256415103	0.5040994880863642	0.0
1.323732055636563	0.5037753329081635	0.0
1.3252328856316158	0.5034482133026409	0.0
1.3267337156266685	0.5031181385760414	0.0
1.3282345456217213	0.5027852302060163	0.0
1.3297353756167742	0.5024498737672376	0.0
1.331236205611827	0.5021109900081074	0.0
1.3327370356068797	0.5017691888455392	0.0
1.3342378656019325	0.5014244798325983	0.0
1.3357386955969854	0.5010769780199953	0.0
1.3372395255920382	0.5007264821596327	0.0
1.338740355587091	0.500373107398929	0.0
1.3402411855821437	0.500016863484387	0.0
1.3417420155771964	0.4996578602151298	0.0
1.3432428455722494	0.4992964812011718	0.0
1.3447436755673021	0.49893168877736543	0.0
1.3462445055623549	0.49856406665828057	0.0
1.3477453355574076	0.49819362482706264	0.0
1.3492461655524606	0.4978204663839599	0.0
1.3507469955475133	0.4974444152637894	0.0
1.352247825542566	0.49706557465937384	0.0
1.3537486555376188	0.496683954738981	0.0
1.3552494855326715	0.49629965313863006	0.0
1.3567503155277245	0.4959130513142771	0.0
1.3582511455227773	0.49552315490822485	0.0
1.35975197551783	0.4951305203110888	0.0
1.3612528055128827	0.494735157917278	0.0
1.3627536355079357	0.4943371584043475	0.0
1.3642544655029885	0.49393637177784255	0.0
1.3657552954980412	0.4935328888036185	0.0
1.367256125493094	0.49312672005270153	0.0
1.3687569554881467	0.49271795053575645	0.0
1.3702577854831997	0.4923069593702591	0.0
1.3717586154782524	0.49189279714664164	0.0
1.3732594454733051	0.491475991860819	0.0
1.3747602754683579	0.4910565542991399	0.0
1.3762611054634106	0.49063456226685753	0.0
1.3777619354584636	0.490210393504758	0.0
1.3792627654535163	0.48978312425293036	0.0
1.380763595448569	0.4893532662890407	0.0
1.3822644254436218	0.4889208306086813	0.0
1.3837652554386748	0.48848588768008155	0.0
1.3852660854337275	0.4880483297175135	0.0
1.3867669154287803	0.48760822727069514	0.0
1.388267745423833	0.4871655914981993	0.0
1.3897685754188858	0.486720486906603	0.0
1.3912694054139387	0.486273288622132	0.0
1.3927702354089915	0.4858231202214475	0.0
1.3942710654040442	0.48537046352578006	0.0
1.395771895399097	0.48491532989185215	0.0
1.39727272539415	0.4844577762624878	0.0
1.3987735553892027	0.48399772297722643	0.0
1.4002743853842554	0.48353522705593516	0.0
1.4017752153793082	0.4830703000093462	0.0
1.403276045374361	0.4826029926425348	0.0
1.4047768753694139	0.48213367729702	0.0
1.4062777053644666	0.4816615263142165	0.0
1.4077785353595194	0.4811869906232355	0.0
1.409279365354572	0.4807100819217165	0.0
1.410780195349625	0.4802308432375386	0.0
1.4122810253446778	0.4797492237539735	0.0
1.4137818553397306	0.47926526657139773	0.0
1.4152826853347833	0.4787789835324434	0.0
1.416783515329836	0.4782904113617691	0.0
1.418284345324889	0.47779991945206557	0.0
1.4197851753199418	0.4773067302526045	0.0
1.4212860053149945	0.4768112629189895	0.0
1.4227868353100472	0.47631352946940475	0.0
1.4242876653051002	0.475813558651168	0.0
1.425788495300153	0.47531132916130253	0.0
1.4272893252952057	0.47480686981507203	0.0
1.4287901552902584	0.47430019276656904	0.0
1.4302909852853112	0.47379132030513665	0.0
1.4317918152803641	0.4732806187168103	0.0
1.4332926452754169	0.47276736181632906	0.0
1.4347934752704696	0.4722519361590558	0.0
1.4362943052655224	0.4717343540632298	0.0
1.4377951352605751	0.4712146296540622	0.0
1.439295965255628	0.47069312742603436	0.0
1.4407967952506808	0.4701691502418849	0.0
1.4422976252457336	0.46964306620876906	0.0
1.4437984552407863	0.46911488780277066	0.0
1.4452992852358393	0.46858462088699704	0.0
1.446800115230892	0.4680522912864522	0.0
1.4483009452259448	0.4675179049251	0.0
1.4498017752209975	0.466981474400724	0.0
1.4513026052160503	0.4664429988989565	0.0
1.4528034352111032	0.46590283957524736	0.0
1.454304265206156	0.46536035244380075	0.0
1.4558050952012087	0.46481587183444006	0.0
1.4573059251962615	0.4642694104913687	0.0
1.4588067551913144	0.4637209591720881	0.0
1.4603075851863672	0.4631705747081649	0.0
1.46180841518142	0.46261824791339157	0.0
1.4633092451764727	0.4620639916445581	0.0
1.4648100751715254	0.46150778985417074	0.0
1.4663109051665784	0.46095000021797006	0.0
1.467811735161631	0.46039003294055514	0.0
1.4693125651566838	0.4598281878877074	0.0
1.4708133951517366	0.45926447805127374	0.0
1.4723142251467896	0.45869887880283644	0.0
1.4738150551418423	0.45813147847969227	0.0
1.475315885136895	0.457562252505186	0.0
1.4768167151319478	0.4569912139746678	0.0
1.4783175451270005	0.4564183313377434	0.0
1.4798183751220535	0.4558439586568322	0.0
1.4813192051171062	0.45526756128086876	0.0
1.482820035112159	0.45468940397933993	0.0
1.4843208651072117	0.45410949997134403	0.0
1.4858216951022647	0.45352780898587125	0.0
1.4873225250973174	0.4529444513181382	0.0
1.4888233550923702	0.4523593867443848	0.0
1.490324185087423	0.45177262857816514	0.0
1.4918250150824757	0.45118412951996684	0.0
1.4933258450775286	0.4505942398924769	0.0
1.4948266750725814	0.45000248105854673	0.0
1.4963275050676341	0.44940908211317326	0.0
1.4978283350626869	0.44881405648240613	0.0
1.4993291650577398	0.4482173480193866	0.0
1.5008299950527926	0.44761910938305005	0.0
1.5023308250478453	0.4470192844692852	0.0
1.503831655042898	0.44641788678965344	0.0
1.5053324850379508	0.4458148530725137	0.0
1.5068333150330038	0.4452105297817564	0.0
1.5083341450280565	0.44460449508008215	0.0
1.5098349750231093	0.44399694186341454	0.0
1.511335805018162	0.44338788374463056	0.0
1.5128366350132147	0.44277724849080097	0.0
1.5143374650082677	0.44216538037340986	0.0
1.5158382950033205	0.44155188941954954	0.0
1.5173391249983732	0.4409369482074995	0.0
1.518839954993426	0.4403205704452807	0.0
1.520340784988479	0.4397026748808281	0.0
1.5218416149835317	0.4390834652156893	0.0
1.5233424449785844	0.43846286023364883	0.0
1.5248432749736371	0.43784087371442265	0.0
1.5263441049686899	0.43721741715157686	0.0
1.5278449349637429	0.4365928307875507	0.0
1.5293457649587956	0.43596678250736676	0.0
1.5308465949538483	0.43533940797946663	0.0
1.532347424948901	0.4347107210676786	0.0
1.533848254943954	0.4340806241520073	0.0
1.5353490849390068	0.43344935412858326	0.0
1.5368499149340595	0.4328168134088588	0.0
1.5383507449291123	0.4321830159195686	0.0
1.539851574924165	0.4315479756025712	0.0
1.541352404919218	0.4309117064145982	0.0
1.5428532349142707	0.4302742223270147	0.0
1.5443540649093235	0.42963553732557963	0.0
1.5458548949043762	0.428995665410198	0.0
1.5473557248994292	0.42835462059467805	0.0
1.548856554894482	0.42771241690649553	0.0
1.5503573848895347	0.427069068386547	0.0
1.5518582148845874	0.42642458908891895	0.0
1.5533590448796402	0.4257789930806355	0.0
1.5548598748746931	0.42513229444141304	0.0
1.5563607048697459	0.42448450726342857	0.0
1.5578615348647986	0.4238356456510788	0.0
1.5593623648598514	0.42318572372074653	0.0
1.5608631948549043	0.4225347556005514	0.0
1.562364024849957	0.4218827554300928	0.0
1.5638648548450098	0.42122973736023256	0.0
1.5653656848400626	0.42057571555285395	0.0
1.5668665148351153	0.4199207041806142	0.0
1.5683673448301683	0.41926471742670685	0.0
1.569868174825221	0.418607769484617	0.0
1.5713690048202738	0.4179498745578999	0.0
1.5728698348153265	0.4172910468599374	0.0
1.5743706648103792	0.4166313006136783	0.0
1.5758714948054322	0.415970650051398	0.0
1.577372324800485	0.41530910941449123	0.0
1.5788731547955377	0.41464669295321976	0.0
1.5803739847905904	0.413983414926458	0.0
1.5818748147856434	0.4133192896014624	0.0
1.5833756447806961	0.41265433125364354	0.0
1.584876474775749	0.41198855416632585	0.0
1.5863773047708016	0.4113219726304937	0.0
1.5878781347658544	0.4106546009445691	0.0
1.5893789647609073	0.4099864534141648	0.0
1.59087979475596	0.40931754435184753	0.0
1.5923806247510128	0.40864788807690383	0.0
1.5938814547460656	0.4079774989150946	0.0
1.5953822847411185	0.40730639119842343	0.0
1.5968831147361713	0.4066345792649023	0.0
1.598383944731224	0.4059620774583104	0.0
1.5998847747262768	0.4052889001279521	0.0
1.6013856047213295	0.40461506162842265	0.0
1.6028864347163825	0.40394057631936475	0.0
1.6043872647114352	0.40326545856523033	0.0
1.605888094706488	0.40258972273505983	0.0
1.6073889247015407	0.4019133832022355	0.0
1.6088897546965937	0.4012364543442359	0.0
1.6103905846916464	0.4005589505424031	0.0
1.6118914146866992	0.3998808861816932	0.0
1.613392244681752	0.39920227565046495	0.0
1.6148930746768047	0.39852313334024186	0.0
1.6163939046718576	0.3978434736454487	0.0
1.6178947346669104	0.3971633109631727	0.0
1.619395564661963	0.3964826596929539	0.0
1.6208963946570158	0.3958015342365326	0.0
1.6223972246520688	0.3951199489976046	0.0
1.6238980546471216	0.39443791838160114	0.0
1.6253988846421743	0.3937554567954433	0.0
1.626899714637227	0.3930725786472931	0.0
1.6284005446322798	0.39238929834632064	0.0
1.6299013746273328	0.39170563030247735	0.0
1.6314022046223855	0.39102158892624866	0.0
1.6329030346174382	0.3903371886284253	0.0
1.634403864612491	0.3896524438198531	0.0
1.635904694607544	0.38896736891119443	0.0
1.6374055246025967	0.3882819783127045	0.0
1.6389063545976494	0.38759628643398364	0.0
1.6404071845927022	0.38691030768373086	0.0
1.641908014587755	0.38622405646951774	0.0
1.643408844582808	0.3855375471975608	0.0
1.6449096745778606	0.3848507942724566	0.0
1.6464105045729134	0.38416381209695444	0.0
1.6479113345679661	0.383476615071721	0.0
1.6494121645630189	0.38278921759509094	0.0
1.6509129945580718	0.3821016340628425	0.0
1.6524138245531246	0.381413878867961	0.0
1.6539146545481773	0.38072596640038997	0.0
1.65541548454323	0.38003791104678036	0.0
1.656916314538283	0.37934972719026955	0.0
1.6584171445333358	0.3786614292102446	0.0
1.6599179745283885	0.3779730314820915	0.0
1.6614188045234413	0.3772845483769517	0.0
1.662919634518494	0.3765959942614914	0.0
1.664420464513547	0.37590738349766156	0.0
1.6659212945085997	0.37521873044245563	0.0
1.6674221245036525	0.3745300494476667	0.0
1.6689229544987052	0.37384135485965453	0.0
1.6704237844937582	0.37315266101910655	0.0
1.671924614488811	0.37246398226078514	0.0
1.6734254444838637	0.3717753329132965	0.0
1.6749262744789164	0.37108672729885056	0.0
1.6764271044739691	0.37039817973301375	0.0
1.677927934469022	0.36970970452447466	0.0
1.6794287644640749	0.3690213159747946	0.0
1.6809295944591276	0.36833302837817256	0.0
1.6824304244541803	0.36764485602120484	0.0
1.6839312544492333	0.3669568131826406	0.0
1.685432084444286	0.36626891413314183	0.0
1.6869329144393388	0.3655811731350425	0.0
1.6884337444343915	0.36489360444211344	0.0
1.6899345744294443	0.3642062222993074	0.0
1.6914354044244972	0.36351904094252346	0.0
1.69293623441955	0.3628320745983553	0.0
1.6944370644146027	0.36214533748386396	0.0
1.6959378944096555	0.36145884380633025	0.0
1.6974387244047084	0.36077260776299996	0.0
1.6989395543997612	0.3600866435408637	0.0
1.700440384394814	0.3594009653164033	0.0
1.7019412143898667	0.35871558725534436	0.0
1.7034420443849194	0.3580305235124162	0.0
1.7049428743799724	0.3573457882311091	0.0
1.7064437043750251	0.35666139554343074	0.0
1.7079445343700779	0.3559773595696653	0.0
1.7094453643651306	0.35529369441812364	0.0
1.7109461943601834	0.35461041418491424	0.0
1.7124470243552363	0.35392753295368595	0.0
1.713947854350289	0.3532450647953774	0.0
1.7154486843453418	0.3525630237679922	0.0
1.7169495143403946	0.3518814239163415	0.0
1.7184503443354475	0.3512002792718147	0.0
1.7199511743305003	0.3505196038521248	0.0
1.721452004325553	0.34983941166105775	0.0
1.7229528343206058	0.3491597166882356	0.0
1.7244536643156585	0.34848053290886877	0.0
1.7259544943107115	0.3478018742835198	0.0
1.7274553243057642	0.34712375475785334	0.0
1.728956154300817	0.3464461882623939	0.0
1.7304569842958697	0.3457691887122779	0.0
1.7319578142909227	0.34509277000700267	0.0
1.7334586442859754	0.3444169460302004	0.0
1.7349594742810281	0.34374173064938146	0.0
1.736460304276081	0.34306713771568537	0.0
1.7379611342711336	0.3423931810636459	0.0
1.7394619642661866	0.3417198745109349	0.0
1.7409627942612393	0.3410472318581238	0.0
1.742463624256292	0.34037526688844905	0.0
1.7439644542513448	0.3397039933675542	0.0
1.7454652842463978	0.339033425043246	0.0
1.7469661142414505	0.3383635756452518	0.0
1.7484669442365033	0.3376944588849746	0.0
1.749967774231556	0.3370260884552496	0.0
1.7514686042266088	0.3363584780300952	0.0
1.7529694342216617	0.33569164126446355	0.0
1.7544702642167145	0.33502559179401326	0.0
1.7559710942117672	0.3343603432348633	0.0
1.75747192420682	0.33369590918332664	0.0
1.758972754201873	0.33303230321568394	0.0
1.7604735841969257	0.3323695388879301	0.0
1.7619744141919784	0.3317076297355354	0.0
1.7634752441870312	0.33104658927320724	0.0
1.764976074182084	0.3303864309946316	0.0
1.7664769041771369	0.32972716837223687	0.0
1.7679777341721896	0.32906881485694744	0.0
1.7694785641672424	0.32841138387794006	0.0
1.770979394162295	0.32775488884240483	0.0
1.7724802241573479	0.3270993431352945	0.0
1.7739810541524008	0.32644476011908646	0.0
1.7754818841474536	0.32579115313354295	0.0
1.7769827141425063	0.325138535495453	0.0
1.778483544137559	0.3244869204984008	0.0
1.779984374132612	0.32383632141252344	0.0
1.7814852041276648	0.3231867514842633	0.0
1.7829860341227175	0.3225382239361334	0.0
1.7844868641177702	0.3218907519664641	0.0
1.785987694112823	0.32124434874917207	0.0
1.787488524107876	0.3205990274335131	0.0
1.7889893541029287	0.3199548011438374	0.0
1.7904901840979814	0.31931168297935314	0.0
1.7919910140930342	0.3186696860138867	0.0
1.7934918440880872	0.31802882329564314	0.0
1.79499267408314	0.3173891078469591	0.0
1.7964935040781926	0.3167505526640672	0.0
1.7979943340732454	0.3161131707168503	0.0
1.7994951640682981	0.3154769749486088	0.0
1.800995994063351	0.3148419782758246	0.0
1.8024968240584038	0.3142081935879101	0.0
1.8039976540534566	0.31357563374697434	0.0
1.8054984840485093	0.3129443115876003	0.0
1.8069993140435623	0.3123142399165908	0.0
1.808500144038615	0.31168543151273187	0.0
1.8100009740336678	0.3110578991265627	0.0
1.8115018040287205	0.3104316554801249	0.0
1.8130026340237733	0.3098067132667413	0.0
1.8145034640188262	0.30918308515078935	0.0
1.816004294013879	0.30856078376743895	0.0
1.8175051240089317	0.3079398217224171	0.0
1.8190059540039845	0.3073202115918048	0.0
1.8205067839990374	0.3067019659217877	0.0
1.8220076139940902	0.30608509722841254	0.0
1.823508443989143	0.30546961799736116	0.0
1.8250092739841957	0.30485554068372445	0.0
1.8265101039792484	0.3042428777117687	0.0
1.8280109339743014	0.3036316414746978	0.0
1.829511763969354	0.3030218443344229	0.0
1.8310125939644069	0.30241349862132294	0.0
1.8325134239594596	0.3018066166340373	0.0
1.8340142539545126	0.301201210639241	0.0
1.8355150839495653	0.30059729287138043	0.0
1.837015913944618	0.29999487553246384	0.0
1.8385167439396708	0.29939397079184865	0.0
1.8400175739347235	0.2987945907859982	0.0
1.8415184039297765	0.29819674761825904	0.0
1.8430192339248292	0.2976004533586361	0.0
1.844520063919882	0.29700572004357123	0.0
1.8460208939149347	0.2964125596757147	0.0
1.8475217239099875	0.29582098422369657	0.0
1.8490225539050404	0.29523100562191784	0.0
1.8505233839000932	0.29464263577032246	0.0
1.852024213895146	0.2940558865341721	0.0
1.8535250438901987	0.2934707697438238	0.0
1.8550258738852516	0.2928872971945143	0.0
1.8565267038803044	0.29230548064614603	0.0
1.8580275338753571	0.29172533182305965	0.0
1.8595283638704099	0.2911468624138222	0.0
1.8610291938654626	0.2905700840710136	0.0
1.8625300238605156	0.28999500841100123	0.0
1.8640308538555683	0.2894216470137272	0.0
1.865531683850621	0.28885001142250005	0.0
1.8670325138456738	0.2882801131437795	0.0
1.8685333438407268	0.2877119636469524	0.0
1.8700341738357795	0.28714557436413346	0.0
1.8715350038308323	0.2865809566899578	0.0
1.873035833825885	0.2860181219813575	0.0
1.8745366638209378	0.28545708155735705	0.0
1.8760374938159907	0.28489784669887014	0.0
1.8775383238110435	0.2843404286484966	0.0
1.8790391538060962	0.2837848386102963	0.0
1.880539983801149	0.2832310877495962	0.0
1.882040813796202	0.2826791871927909	0.0
1.8835416437912547	0.28212914802712846	0.0
1.8850424737863074	0.2815809813005211	0.0
1.8865433037813601	0.2810346980213275	0.0
1.888044133776413	0.2804903091581502	0.0
1.8895449637714659	0.2799478256396518	0.0
1.8910457937665186	0.27940725835435587	0.0
1.8925466237615713	0.2788686181504431	0.0
1.894047453756624	0.278331915835545	0.0
1.895548283751677	0.27779716217655465	0.0
1.8970491137467298	0.2772643678994389	0.0
1.8985499437417825	0.2767335436890424	0.0
1.9000507737368353	0.2762047001888874	0.0
1.901551603731888	0.27567784800099066	0.0
1.903052433726941	0.27515299768567136	0.0
1.9045532637219937	0.27463015976134764	0.0
1.9060540937170465	0.2741093447043702	0.0
1.9075549237120992	0.2735905629488294	0.0
1.909055753707152	0.27307382488635545	0.0
1.910556583702205	0.2725591408659403	0.0
1.9120574136972577	0.27204652119376116	0.0
1.9135582436923104	0.2715359761329968	0.0
1.9150590736873632	0.2710275159036386	0.0
1.9165599036824161	0.2705211506823085	0.0
1.9180607336774689	0.27001689060208345	0.0
1.9195615636725216	0.26951474575232454	0.0
1.9210623936675744	0.2690147261784973	0.0
1.922563223662627	0.2685168418819818	0.0
1.92406405365768	0.2680211028199052	0.0
1.9255648836527328	0.26752751890498166	0.0
1.9270657136477856	0.2670361000053241	0.0
1.9285665436428383	0.26654685594427663	0.0
1.9300673736378913	0.26605979650024614	0.0
1.931568203632944	0.2655749314065296	0.0
1.9330690336279968	0.2650922703511556	0.0
1.9345698636230495	0.2646118229767157	0.0
1.9360706936181022	0.26413359888019444	0.0
1.9375715236131552	0.26365760761280493	0.0
1.939072353608208	0.26318385867983274	0.0
1.9405731836032607	0.2627123615404719	0.0
1.9420740135983134	0.2622431256076563	0.0
1.9435748435933664	0.26177616024790556	0.0
1.9450756735884192	0.261311474781175	0.0
1.946576503583472	0.2608490784806978	0.0
1.9480773335785246	0.26038898057282045	0.0
1.9495781635735774	0.25993119023685424	0.0
1.9510789935686303	0.2594757166049279	0.0
1.952579823563683	0.25902256876183094	0.0
1.9540806535587358	0.25857175574486335	0.0
1.9555814835537886	0.2581232865436858	0.0
1.9570823135488415	0.25767717010016983	0.0
1.9585831435438943	0.2572334153082622	0.0
1.960083973538947	0.25679203101383646	0.0
1.9615848035339998	0.256353026014543	0.0
1.9630856335290525	0.2559164090596665	0.0
1.9645864635241055	0.25548218884999124	0.0
1.9660872935191582	0.25505037403766445	0.0
1.967588123514211	0.25462097322605115	0.0
1.9690889535092637	0.25419399496959333	0.0
1.9705897835043167	0.2537694477736782	0.0
1.9720906134993694	0.25334734009451443	0.0
1.9735914434944222	0.25292768033898155	0.0
1.975092273489475	0.25251047686450806	0.0
1.9765931034845277	0.25209573797894325	0.0
1.9780939334795806	0.251683471940422	0.0
1.9795947634746334	0.2512736869572397	0.0
1.9810955934696861	0.250866391187715	0.0
1.9825964234647389	0.2504615927400772	0.0
1.9840972534597916	0.2500592996723507	0.0
1.9855980834548446	0.24965951999221456	0.0
1.9870989134498973	0.24926226165688414	0.0
1.98859974344495	0.24886753257300026	0.0
1.9901005734400028	0.2484753405964992	0.0
1.9916014034350558	0.2480856935324996	0.0
1.9931022334301085	0.2476985991351932	0.0
1.9946030634251612	0.24731406510772405	0.0
1.996103893420214	0.24693209910207792	0.0
1.9976047234152667	0.24655270871896465	0.0
1.9991055534103197	0.2461759015077096	0.0
2.0006063834053722	0.2458016849661458	0.0
2.0021072134004254	0.245429015317123	0.0
2.003608043395478	0.2450600024066631	0.0
2.005108873390531	0.24469360235409954	0.0
2.0066097033855836	0.24432982245022236	0.0
2.0081105333806364	0.24396866993380387	0.0
2.009611363375689	0.2436101519914892	0.0
2.011112193370742	0.24325427575770464	0.0
2.0126130233657946	0.24290104831455936	0.0
2.0141138533608474	0.24254985093377743	0.0
2.0156146833559005	0.2422008718082405	0.0
2.0171155133509533	0.2418556327154017	0.0
2.018616343346006	0.2415130702240867	0.0
2.020117173341059	0.2411731911533428	0.0
2.0216180033361115	0.24083600226933172	0.0
2.0231188333311643	0.24050151028523264	0.0
2.024619663326217	0.24016972186115274	0.0
2.0261204933212698	0.23984064360404264	0.0
2.0276213233163225	0.23951364850840795	0.0
2.0291221533113757	0.23918892207215164	0.0
2.0306229833064284	0.2388680134353952	0.0
2.032123813301481	0.23854984086787995	0.0
2.033624643296534	0.2382344107094976	0.0
2.0351254732915867	0.23792172924648528	0.0
2.0366263032866394	0.23761180271133864	0.0
2.038127133281692	0.23730463728273854	0.0
2.039627963276745	0.2370002390854794	0.0
2.0411287932717976	0.23669797338520226	0.0
2.042629623266851	0.23639802314432448	0.0
2.0441304532619036	0.2361019628605653	0.0
2.0456312832569563	0.23580869377478525	0.0
2.047132113252009	0.235518221741216	0.0
2.048632943247062	0.23523055255976066	0.0
2.0501337732421145	0.23494569197593324	0.0
2.0516346032371673	0.23466364568079257	0.0
2.05313543323222	0.23438441931086726	0.0
2.0546362632272728	0.23410737095823234	0.0
2.056137093222326	0.23383268121350104	0.0
2.0576379232173787	0.23356194790302826	0.0
2.0591387532124314	0.23329405652529392	0.0
2.060639583207484	0.23302901244325314	0.0
2.062140413202537	0.23276682096496035	0.0
2.0636412431975897	0.2325074873435112	0.0
2.0651420731926424	0.23225101677699078	0.0
2.066642903187695	0.2319974144084157	0.0
2.068143733182748	0.2317460317174939	0.0
2.069644563177801	0.23149704709060148	0.0
2.071145393172854	0.23125207963348046	0.0
2.0726462231679066	0.23101000040268077	0.0
2.0741470531629593	0.23077081426509202	0.0
2.075647883158012	0.23053452603222313	0.0
2.077148713153065	0.2303011404601541	0.0
2.0786495431481176	0.23007066224949427	0.0
2.0801503731431703	0.2298430960453372	0.0
2.081651203138223	0.22961844643720974	0.0
2.083152033133276	0.22939605822182038	0.0
2.084652863128329	0.22917610753742662	0.0
2.0861536931233817	0.22896023470938753	0.0
2.0876545231184345	0.2287472962871419	0.0
2.089155353113487	0.22853729658176064	0.0
2.09065618310854	0.22833023984850465	0.0
2.0921570131035927	0.22812613028679624	0.0
2.0936578430986454	0.2279249720401728	0.0
2.095158673093698	0.2277267691962446	0.0
2.096659503088751	0.2275308611388943	0.0
2.098160333083804	0.22733742216730707	0.0
2.099661163078857	0.22714810950862085	0.0
2.1011619930739096	0.226961768051412	0.0
2.1026628230689623	0.22677840160318632	0.0
2.104163653064015	0.22659801391533865	0.0
2.105664483059068	0.22642060868312275	0.0
2.1071653130541206	0.22624618954562295	0.0
2.1086661430491733	0.22607476008572114	0.0
2.110166973044226	0.22590565484771474	0.0
2.1116678030392793	0.22573904646944606	0.0
2.113168633034332	0.2255766069885741	0.0
2.1146694630293847	0.22541717096263175	0.0
2.1161702930244375	0.22526074169313465	0.0
2.1176711230194902	0.22510732242526768	0.0
2.119171953014543	0.22495691634785475	0.0
2.1206727830095957	0.22480952659332962	0.0
2.1221736130046485	0.22466515623773206	0.0
2.123674442999701	0.22452313556110803	0.0
2.1251752729947544	0.2243836357202913	0.0
2.126676102989807	0.22424834146480688	0.0
2.12817693298486	0.22411607835639205	0.0
2.1296777629799126	0.22398684918882855	0.0
2.1311785929749654	0.22386065669940272	0.0
2.132679422970018	0.2237375035688904	0.0
2.134180252965071	0.2236173924215502	0.0
2.1356810829601236	0.22350032582510784	0.0
2.1371819129551763	0.22338563037200387	0.0
2.1386827429502295	0.22327347592073407	0.0
2.1401835729452823	0.22316555782928585	0.0
2.141684402940335	0.2230606940025022	0.0
2.1431852329353878	0.22295888672529643	0.0
2.1446860629304405	0.22286013822600706	0.0
2.1461868929254933	0.222764450676382	0.0
2.147687722920546	0.22267182619157483	0.0
2.1491885529155987	0.22258226683014795	0.0
2.1506893829106515	0.22249509607422743	0.0
2.1521902129057047	0.2224104826686299	0.0
2.1536910429007574	0.22233013047410602	0.0
2.15519187289581	0.22225285107955756	0.0
2.156692702890863	0.22217864626050832	0.0
2.1581935328859156	0.2221075177358751	0.0
2.1596943628809684	0.22203946716797351	0.0
2.161195192876021	0.2219744961625102	0.0
2.162696022871074	0.22191260626858708	0.0
2.1641968528661266	0.2218531184353241	0.0
2.16569768286118	0.22179620048021928	0.0
2.1671985128562326	0.22174356266109266	0.0
2.1686993428512853	0.2216940115924267	0.0
2.170200172846338	0.2216475485403776	0.0
2.171701002841391	0.22160417471452942	0.0
2.1732018328364435	0.2215638912678988	0.0
2.1747026628314963	0.2215266992969509	0.0
2.176203492826549	0.22149259984160183	0.0
2.1777043228216018	0.2214609118946659	0.0
2.179205152816655	0.22143180253408215	0.0
2.1807059828117077	0.22140698631124514	0.0
2.1822068128067604	0.22138526620687143	0.0
2.183707642801813	0.22136664297829842	0.0
2.185208472796866	0.2213511173263889	0.0
2.1867093027919187	0.22133868989554056	0.0
2.1882101327869714	0.2213293612736945	0.0
2.189710962782024	0.22132313199236514	0.0
2.191211792777077	0.221319319663688	0.0
2.19271262277213	0.22131809081486645	0.0
2.194213452767183	0.22132116219158676	0.0
2.1957142827622356	0.22132733447931316	0.0
2.1972151127572883	0.22133660792762777	0.0
2.198715942752341	0.2213489827297908	0.0
2.200216772747394	0.22136445902274673	0.0
2.2017176027424465	0.2213830368871478	0.0
2.2032184327374993	0.22140471634738212	0.0
2.204719262732552	0.22142881420891242	0.0
2.2062200927276048	0.22145549663785943	0.0
2.207720922722658	0.22148528043784194	0.0
2.2092217527177107	0.22151936542612868	0.0
2.2107225827127635	0.2215565513028286	0.0
2.212223412707816	0.22159683775519934	0.0
2.213724242702869	0.22164022441439957	0.0
2.2152250726979217	0.22168671085551303	0.0
2.2167259026929744	0.22173629659757607	0.0
2.218226732688027	0.22178898110359857	0.0
2.21972756268308	0.2218440809534204	0.0
2.221228392678133	0.2219017621342596	0.0
2.222729222673186	0.22196373916203196	0.0
2.2242300526682386	0.22202881225468543	0.0
2.2257308826632913	0.22209698059557328	0.0
2.227231712658344	0.22216824331221388	0.0
2.228732542653397	0.22224259947631766	0.0
2.2302333726484496	0.2223200481038258	0.0
2.2317342026435023	0.22240058815494163	0.0
2.233235032638555	0.22248353660727102	0.0
2.2347358626336082	0.22256905948865396	0.0
2.236236692628661	0.2226588670264553	0.0
2.2377375226237137	0.22275176128044066	0.0
2.2392383526187665	0.22284774093264575	0.0
2.240739182613819	0.2229468046095913	0.0
2.242240012608872	0.22304895088231186	0.0
2.2437408426039247	0.223154178266392	0.0
2.2452416725989774	0.22326248522202174	0.0
2.24674250259403	0.2233731896906372	0.0
2.2482433325890834	0.2234864579310427	0.0
2.249744162584136	0.22360399382053012	0.0
2.251244992579189	0.2237246025775512	0.0
2.2527458225742416	0.2238482823858972	0.0
2.2542466525692944	0.22397503137421587	0.0
2.255747482564347	0.224104847616055	0.0
2.2572483125594	0.2242377291298952	0.0
2.2587491425544526	0.22437367387921628	0.0
2.2602499725495053	0.22451200133185686	0.0
2.2617508025445585	0.22465287816759116	0.0
2.2632516325396113	0.22479799986626692	0.0
2.264752462534664	0.22494617611357537	0.0
2.2662532925297167	0.2250974045986551	0.0
2.2677541225247695	0.22525168295592712	0.0
2.2692549525198222	0.22540900876514317	0.0
2.270755782514875	0.2255693795514496	0.0
2.2722566125099277	0.2257327927854311	0.0
2.2737574425049805	0.2258985700199286	0.0
2.2752582725000337	0.2260668785451119	0.0
2.2767591024950864	0.22623940341221	0.0
2.278259932490139	0.22641496007315637	0.0
2.279760762485192	0.22659354572654838	0.0
2.2812615924802446	0.226775157516756	0.0
2.2827624224752974	0.22695979253398713	0.0
2.28426325247035	0.2271474478143355	0.0
2.285764082465403	0.2273381203398473	0.0
2.2872649124604556	0.22753113430250205	0.0
2.288765742455509	0.22772665779143933	0.0
2.2902665724505615	0.22792636341649247	0.0
2.2917674024456143	0.22812907368395224	0.0
2.293268232440667	0.2283347853065507	0.0
2.2947690624357198	0.22854349494334433	0.0
2.2962698924307725	0.2287551991997839	0.0
2.2977707224258253	0.2289698946277757	0.0
2.299271552420878	0.2291875777257603	0.0
2.3007723824159307	0.2294075758739487	0.0
2.302273212410984	0.22963005814795132	0.0
2.3037740424060367	0.22985668272411755	0.0
2.3052748724010894	0.23008628043893864	0.0
2.306775702396142	0.23031884752453105	0.0
2.308276532391195	0.23055438015995527	0.0
2.3097773623862476	0.23079287447129407	0.0
2.3112781923813004	0.23103432653173067	0.0
2.312779022376353	0.2312787323616231	0.0
2.314279852371406	0.23152542307289678	0.0
2.315780682366459	0.23177456891380782	0.0
2.317281512361512	0.23202781165823225	0.0
2.3187823423565646	0.23228399173497416	0.0
2.3202831723516173	0.23254310490140162	0.0
2.32178400234667	0.23280514686252488	0.0
2.323284832341723	0.23307011327107507	0.0
2.3247856623367755	0.23333799972758779	0.0
2.3262864923318283	0.23360880178049337	0.0
2.327787322326881	0.23388185481067303	0.0
2.329288152321934	0.23415733042365036	0.0
2.330788982316987	0.23443685204752768	0.0
2.3322898123120397	0.23471927095019732	0.0
2.3337906423070924	0.23500458242081101	0.0
2.335291472302145	0.23529278169692297	0.0
2.336792302297198	0.23558386396458197	0.0
2.3382931322922507	0.23587782435842372	0.0
2.3397939622873034	0.23617465796176726	0.0
2.341294792282356	0.2364737049547304	0.0
2.342795622277409	0.23677513848293838	0.0
2.344296452272462	0.2370794316379069	0.0
2.345797282267515	0.23738770791344688	0.0
2.3472981122625676	0.23769883206169887	0.0
2.3487989422576203	0.2380127988600417	0.0
2.350299772252673	0.23832960303520492	0.0
2.351800602247726	0.23864923926336512	0.0
2.3533014322427785	0.23897170217025615	0.0
2.3548022622378313	0.23929698633125923	0.0
2.356303092232884	0.23962443787152854	0.0
2.357803922227937	0.23995423185917344	0.0
2.35930475222299	0.2402879467437385	0.0
2.3608055822180427	0.24062446069049312	0.0
2.3623064122130955	0.24096376802464023	0.0
2.363807242208148	0.24130586302166612	0.0
2.365308072203201	0.24165073990746078	0.0
2.3668089021982537	0.24199839285841357	0.0
2.3683097321933064	0.24234881600152433	0.0
2.369810562188359	0.24270136135445078	0.0
2.3713113921834124	0.2430562059044699	0.0
2.372812222178465	0.24341490390468085	0.0
2.374313052173518	0.24377634812133678	0.0
2.3758138821685706	0.24414053243621844	0.0
2.3773147121636233	0.24450745068240914	0.0
2.378815542158676	0.24487709664441973	0.0
2.380316372153729	0.2452494640583097	0.0
2.3818172021487816	0.2456245466117927	0.0
2.3833180321438343	0.24600170271866864	0.0
2.3848188621388875	0.24638111146119862	0.0
2.3863196921339402	0.24676430108882408	0.0
2.387820522128993	0.24715018013373807	0.0
2.3893213521240457	0.24753874204381826	0.0
2.3908221821190985	0.24792998021935736	0.0
2.392323012114151	0.2483238880131843	0.0
2.393823842109204	0.24872045873079832	0.0
2.3953246721042567	0.2491196856304987	0.0
2.3968255020993094	0.24952093401556072	0.0
2.3983263320943626	0.2499243852363194	0.0
2.3998271620894154	0.2503315397724912	0.0
2.401327992084468	0.25074132306221075	0.0
2.402828822079521	0.2511537281297648	0.0
2.4043296520745736	0.2515687479530456	0.0
2.4058304820696264	0.251986375463691	0.0
2.407331312064679	0.2524066035472206	0.0
2.408832142059732	0.25282942504318157	0.0
2.4103329720547846	0.2532542126263653	0.0
2.4118338020498378	0.253681150085323	0.0
2.4133346320448905	0.254111708408514	0.0
2.4148354620399433	0.254544831052912	0.0
2.416336292034996	0.25498051063031973	0.0
2.4178371220300487	0.2554187397074356	0.0
2.4193379520251015	0.2558595108060003	0.0
2.4208387820201542	0.2563028164029379	0.0
2.422339612015207	0.25674864893050275	0.0
2.4238404420102597	0.25719638890478486	0.0
2.425341272005313	0.2576462227195351	0.0
2.4268421020003657	0.25809959019832146	0.0
2.4283429319954184	0.2585554539005854	0.0
2.429843761990471	0.25901380603756974	0.0
2.431344591985524	0.2594746387767787	0.0
2.4328454219805766	0.25993794424213945	0.0
2.4343462519756294	0.2604037145141567	0.0
2.435847081970682	0.2608719416300717	0.0
2.437347911965735	0.2613420144038509	0.0
2.438848741960788	0.26181412199802623	0.0
2.440349571955841	0.262289671448927	0.0
2.4418504019508935	0.2627676454706239	0.0
2.4433512319459463	0.2632480358865114	0.0
2.444852061940999	0.2637308344777005	0.0
2.4463528919360518	0.2642160329831959	0.0
2.4478537219311045	0.2647036231000657	0.0
2.4493545519261573	0.265193596483608	0.0
2.45085538192121	0.2656853506880146	0.0
2.452356211916263	0.2661790778045413	0.0
2.453857041911316	0.26667615051458143	0.0
2.4553578719063687	0.2671755727053596	0.0
2.4568587019014214	0.26767733582591025	0.0
2.458359531896474	0.26818143128454325	0.0
2.459860361891527	0.2686878504490216	0.0
2.4613611918865796	0.26919658464673135	0.0
2.4628620218816324	0.269707625164869	0.0
2.464362851876685	0.27022037872500154	0.0
2.4658636818717383	0.27073504050320774	0.0
2.467364511866791	0.2712529473161644	0.0
2.468865341861844	0.27177312520697755	0.0
2.4703661718568966	0.27229556526459425	0.0
2.4718670018519493	0.27282025853886505	0.0
2.473367831847002	0.2733471960407288	0.0
2.474868661842055	0.27387636874239396	0.0
2.4763694918371075	0.2744077675775323	0.0
2.4778703218321603	0.27494080884610206	0.0
2.479371151827213	0.27547569096102825	0.0
2.480871981822266	0.27601277444832206	0.0
2.482372811817319	0.2765529864105002	0.0
2.4838736418123717	0.2770953786141855	0.0
2.4853744718074244	0.2776399417658306	0.0
2.486875301802477	0.27818666653469665	0.0
2.48837613179753	0.2787355435530365	0.0
2.4898769617925827	0.2792865634163105	0.0
2.4913777917876354	0.27983971668338303	0.0
2.492878621782688	0.28039443075809917	0.0
2.4943794517777413	0.2809509078223214	0.0
2.495880281772794	0.2815104042999783	0.0
2.497381111767847	0.2820719960613975	0.0
2.4988819417628996	0.2826356734853905	0.0
2.5003827717579523	0.2832014269153655	0.0
2.501883601753005	0.28376924665952163	0.0
2.503384431748058	0.2843391229910573	0.0
2.5048852617431105	0.2849110461483848	0.0
2.5063860917381633	0.2854844539242867	0.0
2.5078869217332165	0.28605955204396644	0.0
2.5093877517282692	0.2866375567732916	0.0
2.510888581723322	0.28721756894473705	0.0
2.5123894117183747	0.28779957862584654	0.0
2.5138902417134275	0.2883835758506154	0.0
2.51539107170848	0.2889695506197001	0.0
2.516891901703533	0.289557492900627	0.0
2.5183927316985857	0.2901473926280067	0.0
2.5198935616936384	0.2907386983386332	0.0
2.5213943916886916	0.2913316194389005	0.0
2.5228952216837444	0.2919273307961133	0.0
2.524396051678797	0.29252495901964887	0.0
2.52589688167385	0.2931244938827405	0.0
2.5273977116689026	0.2937259251269864	0.0
2.5288985416639553	0.29432924246255976	0.0
2.530399371659008	0.29493443556844234	0.0
2.531900201654061	0.2955414940926429	0.0
2.5334010316491136	0.29614987765147116	0.0
2.5349018616441668	0.29675979946535536	0.0
2.5364026916392195	0.29737239183450337	0.0
2.5379035216342722	0.2979868079146786	0.0
2.539404351629325	0.298603037202253	0.0
2.5409051816243777	0.29922106916393637	0.0
2.5424060116194305	0.2998408932369996	0.0
2.543906841614483	0.3004624988294995	0.0
2.545407671609536	0.3010858753204862	0.0
2.5469085016045887	0.3017104937210568	0.0
2.548409331599642	0.3023365711933166	0.0
2.5499101615946946	0.3029651963757669	0.0
2.5514109915897474	0.30359554969338576	0.0
2.5529118215848	0.3042276203835943	0.0
2.554412651579853	0.3048613976561687	0.0
2.5559134815749056	0.3054968706934528	0.0
2.5574143115699584	0.30613402865059797	0.0
2.558915141565011	0.3067728606557794	0.0
2.560415971560064	0.30741284940937497	0.0
2.561916801555117	0.30805421613734824	0.0
2.5634176315501698	0.30869800479747905	0.0
2.5649184615452225	0.309343423758985	0.0
2.5664192915402753	0.30999046201860214	0.0
2.567920121535328	0.3106391085474607	0.0
2.5694209515303807	0.31128935229132343	0.0
2.5709217815254335	0.31194118217081157	0.0
2.5724226115204862	0.31259458708162957	0.0
2.573923441515539	0.3132490616866708	0.0
2.575424271510592	0.3139048313922957	0.0
2.576925101505645	0.31456289453350966	0.0
2.5784259315006977	0.31522248804997666	0.0
2.5799267614957504	0.3158836007163065	0.0
2.581427591490803	0.3165462212835831	0.0
2.582928421485856	0.31721033847959007	0.0
2.5844292514809086	0.31787594100905425	0.0
2.5859300814759614	0.3185430175538713	0.0
2.587430911471014	0.3192110749910616	0.0
2.5889317414660673	0.3198803430181151	0.0
2.59043257146112	0.3205517734831802	0.0
2.591933401456173	0.3212246324729906	0.0
2.5934342314512255	0.32189890855879616	0.0
2.5949350614462783	0.32257459029041763	0.0
2.596435891441331	0.3232516661964797	0.0
2.5979367214363838	0.32393012478465066	0.0
2.5994375514314365	0.32460995454186886	0.0
2.6009383814264893	0.32529067478903767	0.0
2.6024392114215424	0.32597251961947404	0.0
2.603940041416595	0.32665639360902243	0.0
2.605440871411648	0.32734159251800143	0.0
2.6069417014067007	0.3280281047332244	0.0
2.6084425314017534	0.32871591862217847	0.0
2.609943361396806	0.32940502253326664	0.0
2.611444191391859	0.3300954047960491	0.0
2.6129450213869116	0.3307870537214562	0.0
2.6144458513819644	0.33147995760203197	0.0
2.615946681377017	0.33217364982789543	0.0
2.6174475113720703	0.3328683694919924	0.0
2.618948341367123	0.333564967820131	0.0
2.620449171362176	0.33426277409951477	0.0
2.6219500013572286	0.33496177653428805	0.0
2.6234508313522813	0.3356619633116228	0.0
2.624951661347334	0.3363633226019535	0.0
2.626452491342387	0.3370658425592104	0.0
2.6279533213374395	0.3377695113210458	0.0
2.6294541513324923	0.33847387513410937	0.0
2.6309549813275455	0.3391791776877206	0.0
2.632455811322598	0.3398862215368206	0.0
2.633956641317651	0.3405943665878916	0.0
2.6354574713127037	0.3413036009007355	0.0
2.6369583013077564	0.34201391252028696	0.0
2.638459131302809	0.34272528947683867	0.0
2.639959961297862	0.34343771978628435	0.0
2.6414607912929147	0.3441511914503472	0.0
2.6429616212879674	0.34486526373337306	0.0
2.6444624512830206	0.3455801850060146	0.0
2.6459632812780733	0.3462967086126523	0.0
2.647464111273126	0.34701422544839766	0.0
2.648964941268179	0.3477327234476337	0.0
2.6504657712632316	0.3484521905319778	0.0
2.6519666012582843	0.3491726146104828	0.0
2.653467431253337	0.34989398357989543	0.0
2.65496826124839	0.35061628532489947	0.0
2.6564690912434425	0.35133909226679844	0.0
2.6579699212384957	0.3520626575359085	0.0
2.6594707512335485	0.3527876848047313	0.0
2.6609715812286012	0.3535135962761312	0.0
2.662472411223654	0.35424037977786205	0.0
2.6639732412187067	0.3549680231269837	0.0
2.6654740712137595	0.3556965141300952	0.0
2.666974901208812	0.3564258405835777	0.0
2.668475731203865	0.35715599027380296	0.0
2.6699765611989177	0.35788654889659727	0.0
2.671477391193971	0.35861777441356424	0.0
2.6729782211890236	0.3593503204416352	0.0
2.6744790511840764	0.36008364076066984	0.0
2.675979881179129	0.3608177231104591	0.0
2.677480711174182	0.36155255522215907	0.0
2.6789815411692346	0.3622881248185104	0.0
2.6804823711642873	0.36302441961408055	0.0
2.68198320115934	0.3637614273154854	0.0
2.683484031154393	0.3644987469892306	0.0
2.684984861149446	0.3652366414929786	0.0
2.6864856911444988	0.36597571408120266	0.0
2.6879865211395515	0.3667154503307455	0.0
2.6894873511346042	0.36745583791185393	0.0
2.690988181129657	0.36819686448817507	0.0
2.6924890111247097	0.3689385177169856	0.0
2.6939898411197625	0.36968078524940773	0.0
2.695490671114815	0.3704236547306497	0.0
2.696991501109868	0.3711667386729604	0.0
2.698492331104921	0.3719103048879475	0.0
2.699993161099974	0.3726549060364611	0.0
2.7014939910950266	0.37340005966361656	0.0
2.7029948210900794	0.3741457533883375	0.0
2.704495651085132	0.37489197482495484	0.0
2.705996481080185	0.37563871158343565	0.0
2.7074973110752376	0.3763859512695955	0.0
2.7089981410702904	0.37713368148531556	0.0
2.710498971065343	0.3778815282429117	0.0
2.7119998010603963	0.37862976435886286	0.0
2.713500631055449	0.3793788917438506	0.0
2.7150014610505018	0.3801284600346745	0.0
2.7165022910455545	0.38087845681688265	0.0
2.7180031210406073	0.3816288696734105	0.0
2.71950395103566	0.38237968618479806	0.0
2.7210047810307127	0.3831308939294068	0.0
2.7225056110257655	0.3838824804836492	0.0
2.7240064410208182	0.3846340853939107	0.0
2.7255072710158714	0.38538598652546524	0.0
2.727008101010924	0.3861386349556948	0.0
2.728508931005977	0.3868916124893371	0.0
2.7300097610010297	0.3876449066962544	0.0
2.7315105909960824	0.388398505145637	0.0
2.733011420991135	0.3891523954062403	0.0
2.734512250986188	0.38990656504659327	0.0
2.7360130809812406	0.39066100163518086	0.0
2.7375139109762934	0.39141535826651713	0.0
2.7390147409713466	0.39216991789159805	0.0
2.7405155709663993	0.39292508074358	0.0
2.742016400961452	0.39368046082504726	0.0
2.743517230956505	0.3944360457075907	0.0
2.7450180609515575	0.39519182296406363	0.0
2.7465188909466103	0.395947780168786	0.0
2.748019720941663	0.3967039048977582	0.0
2.7495205509367158	0.39746018472886857	0.0
2.7510213809317685	0.3982166072421068	0.0
2.7525222109268213	0.3989728405782658	0.0
2.7540230409218744	0.3997291733739245	0.0
2.755523870916927	0.40048594944199484	0.0
2.75702470091198	0.4012428185402876	0.0
2.7585255309070327	0.4019997682624292	0.0
2.7600263609020854	0.40275678620540467	0.0
2.761527190897138	0.40351385996976025	0.0
2.763028020892191	0.40427097715981036	0.0
2.7645288508872436	0.40502812538384436	0.0
2.7660296808822964	0.40578498629692733	0.0
2.7675305108773496	0.40654185367621076	0.0
2.7690313408724023	0.4072990206989504	0.0
2.770532170867455	0.4080561692355049	0.0
2.772033000862508	0.40881328691714536	0.0
2.7735338308575606	0.40957036138035663	0.0
2.7750346608526133	0.4103273802670517	0.0
2.776535490847666	0.41108433122476373	0.0
2.778036320842719	0.41184120190684503	0.0
2.7795371508377715	0.4125976874372898	0.0
2.7810379808328247	0.41335408674892316	0.0
2.7825388108278775	0.4141106425894895	0.0
2.78403964082293	0.41486706883277025	0.0
2.785540470817983	0.415623353164322	0.0
2.7870413008130357	0.41637948327675567	0.0
2.7885421308080884	0.41713544686992404	0.0
2.790042960803141	0.41789123165113473	0.0
2.791543790798194	0.4186468253353529	0.0
2.7930446207932467	0.41940193645181933	0.0
2.7945454507883	0.42015686909716016	0.0
2.7960462807833526	0.42091181586332643	0.0
2.7975471107784053	0.4216665224752581	0.0
2.799047940773458	0.42242097668921585	0.0
2.800548770768511	0.4231751662703168	0.0
2.8020496007635636	0.42392907899272914	0.0
2.8035504307586163	0.42468270263989144	0.0
2.805051260753669	0.4254360250047054	0.0
2.806552090748722	0.4261887679399288	0.0
2.808052920743775	0.4269412407072518	0.0
2.8095537507388277	0.4276935860832918	0.0
2.8110545807338805	0.42844558144927375	0.0
2.8125554107289332	0.4291972146483805	0.0
2.814056240723986	0.42994847353444604	0.0
2.8155570707190387	0.4306993459721543	0.0
2.8170579007140915	0.43144981983724107	0.0
2.818558730709144	0.432199883016688	0.0
2.820059560704197	0.432949270587281	0.0
2.82156039069925	0.433698296970172	0.0
2.823061220694303	0.43444705553303387	0.0
2.8245620506893556	0.4351953550765047	0.0
2.8260628806844084	0.4359431835467635	0.0
2.827563710679461	0.4366905289024039	0.0
2.829064540674514	0.4374373791146416	0.0
2.8305653706695666	0.4381837221675136	0.0
2.8320662006646193	0.4389295460580739	0.0
2.833567030659672	0.439674598970096	0.0
2.8350678606547253	0.4404192004718414	0.0
2.836568690649778	0.44116339499378027	0.0
2.8380695206448308	0.44190702247748564	0.0
2.8395703506398835	0.44265007098802717	0.0
2.8410711806349362	0.443392528604672	0.0
2.842572010629989	0.4441343834210739	0.0
2.8440728406250417	0.4448756235454754	0.0
2.8455736706200945	0.4456162371008881	0.0
2.847074500615147	0.44635598524360776	0.0
2.8485753306102004	0.44709519266994063	0.0
2.850076160605253	0.44783385540967446	0.0
2.851576990600306	0.44857184422563745	0.0
2.8530778205953586	0.44930914731763816	0.0
2.8545786505904114	0.4500457529014218	0.0
2.856079480585464	0.45078164920885955	0.0
2.857580310580517	0.45151682448815084	0.0
2.8590811405755696	0.45225126700402946	0.0
2.8605819705706224	0.4529847507336176	0.0
2.8620828005656755	0.4537176054755866	0.0
2.8635836305607283	0.4544497794600372	0.0
2.865084460555781	0.4551811739104407	0.0
2.8665852905508338	0.4559117771770403	0.0
2.8680861205458865	0.45664157762776036	0.0
2.8695869505409393	0.4573705636484034	0.0
2.871087780535992	0.4580987236428345	0.0
2.8725886105310448	0.45882604603318644	0.0
2.8740894405260975	0.45955231744848934	0.0
2.8755902705211502	0.46027787275762083	0.0
2.8770911005162034	0.4610025591358681	0.0
2.878591930511256	0.46172641570669565	0.0
2.880092760506309	0.4624493770661973	0.0
2.8815935905013617	0.463171431750118	0.0
2.8830944204964144	0.46389256831381	0.0
2.884595250491467	0.4646127753324354	0.0
2.88609608048652	0.4653320414011494	0.0
2.8875969104815726	0.46605035513529575	0.0
2.8890977404766254	0.4667675170026189	0.0
2.8905985704716786	0.4674838674599906	0.0
2.8920994004667313	0.4681992560890669	0.0
2.893600230461784	0.4689136470516241	0.0
2.895101060456837	0.4696270290668098	0.0
2.8966018904518895	0.4703393908751212	0.0
2.8981027204469423	0.4710507212385886	0.0
2.899603550441995	0.47176100894095113	0.0
2.9011043804370478	0.4724702427878679	0.0
2.9026052104321005	0.4731782354860647	0.0
2.9041060404271537	0.47388533247372666	0.0
2.9056068704222064	0.4745913378118438	0.0
2.907107700417259	0.4752962447408818	0.0
2.908608530412312	0.4760000421789334	0.0
2.9101093604073647	0.476702719067154	0.0
2.9116101904024174	0.4774042643699521	0.0
2.91311102039747	0.4781046670751774	0.0
2.914611850392523	0.47880391619431134	0.0
2.9161126803875757	0.4795018364507375	0.0
2.917613510382629	0.4801987782121465	0.0
2.9191143403776816	0.48089450088244023	0.0
2.9206151703727343	0.48158902625332206	0.0
2.922116000367787	0.4822823434573036	0.0
2.92361683036284	0.4829744416516673	0.0
2.9251176603578926	0.4836653100186637	0.0
2.9266184903529453	0.48435493776570804	0.0
2.928119320347998	0.4850433141255592	0.0
2.929620150343051	0.4857302755987452	0.0
2.931120980338104	0.486416177424537	0.0
2.9326218103331567	0.4871007352768021	0.0
2.9341226403282095	0.48778399893060653	0.0
2.935623470323262	0.4884659577482899	0.0
2.937124300318315	0.489146601118677	0.0
2.9386251303133677	0.4898259184572702	0.0
2.9401259603084204	0.49050389920645104	0.0
2.941626790303473	0.4911805328356405	0.0
2.943127620298526	0.49185566736571507	0.0
2.944628450293579	0.49252966284362726	0.0
2.946129280288632	0.49320219220359585	0.0
2.9476301102836846	0.4938733325957912	0.0
2.9491309402787373	0.49454307362773836	0.0
2.95063177027379	0.4952114049351578	0.0
2.952132600268843	0.49587831618210865	0.0
2.9536334302638956	0.4965437970611971	0.0
2.9551342602589483	0.4972078372938084	0.0
2.956635090254001	0.4978702961471538	0.0
2.9581359202490543	0.4985315384060619	0.0
2.959636750244107	0.49919119531851425	0.0
2.9611375802391597	0.49984937076132213	0.0
2.9626384102342125	0.5005060546024006	0.0
2.9641392402292652	0.5011612367395359	0.0
2.965640070224318	0.5018149071005759	0.0
2.9671409002193707	0.5024670556436168	0.0
2.9686417302144235	0.5031176723571726	0.0
2.970142560209476	0.5037666274634209	0.0
2.9716433902045294	0.5044142904094993	0.0
2.973144220199582	0.5050602518731748	0.0
2.974645050194635	0.505704641769305	0.0
2.9761458801896876	0.5063474502413202	0.0
2.9776467101847404	0.5069886674641845	0.0
2.979147540179793	0.5076282836445852	0.0
2.980648370174846	0.5082662890210996	0.0
2.9821492001698986	0.5089026738643943	0.0
2.9836500301649513	0.5095373190430744	0.0
2.9851508601600045	0.5101705985853424	0.0
2.9866516901550573	0.5108020637768961	0.0
2.98815252015011	0.5114318698422041	0.0
2.9896533501451628	0.5120600072151112	0.0
2.9911541801402155	0.5126864663626477	0.0
2.9926550101352682	0.5133112377851965	0.0
2.994155840130321	0.5139343120166887	0.0
2.9956566701253737	0.51455567962478	0.0
2.9971575001204265	0.5151752317987738	0.0
2.9986583301154797	0.51579334706114	0.0
3.0001591601105324	0.5164095393168345	0.0
