0.0	0.003001682684740256	-0.0
0.0015008299950527925	0.006003256582466878	0.0
0.003001659990105585	0.009004803046696546	0.0
0.004502489985158378	0.012006240255427075	0.0
0.00600331998021117	0.015007526778108354	0.0
0.0075041499752639615	0.01800862064762939	0.0
0.009004979970316756	0.021009479687756308	0.0
0.010505809965369548	0.02401006189119329	0.0
0.01200663996042234	0.02701032541114245	0.0
0.01350746995547513	0.030010227477258337	0.0
0.015008299950527923	0.03300972430839798	0.0
0.016509129945580715	0.036008772345405886	0.0
0.01800995994063351	0.039007327324201924	0.0
0.019510789935686303	0.042005343758755614	0.0
0.021011619930739096	0.04500277566875377	0.0
0.022512449925791888	0.04799957547338007	0.0
0.02401327992084468	0.05099569173201649	0.0
0.02551410991589747	0.05399106872571573	0.0
0.02701493991095026	0.05698564780381948	0.0
0.028515769906003054	0.05997937169748621	0.0
0.030016599901055846	0.06297218940636579	0.0
0.03151742989610864	0.06596405431848289	0.0
0.03301825989116143	0.06895492050318767	0.0
0.03451908988621422	0.07194474208983499	0.0
0.03601991988126702	0.07493347324810012	0.0
0.037520749876319814	0.07792106817842127	0.0
0.03902157987137261	0.0809074811233488	0.0
0.0405224098664254	0.08389266638441972	0.0
0.04202323986147819	0.08687657831909056	0.0
0.043524069856530984	0.08985917133305663	0.0
0.045024899851583776	0.09284039988613929	0.0
0.04652572984663657	0.09582021849851084	0.0
0.04802655984168936	0.09879858174730265	0.0
0.04952738983674215	0.10177544426578541	0.0
0.05102821983179494	0.10475076074604354	0.0
0.05252904982684774	0.10772448593724739	0.0
0.05402987982190052	0.11069657464439275	0.0
0.05553070981695332	0.11366698173368249	0.0
0.05703153981200611	0.11663566213739428	0.0
0.05853236980705891	0.11960257085345338	0.0
0.06003319980211169	0.12256766294495233	0.0
0.06153402979716449	0.12553089354097507	0.0
0.06303485979221728	0.12849221783779932	0.0
0.06453568978727008	0.1314515910999409	0.0
0.06603651978232286	0.13440896866085783	0.0
0.06753734977737566	0.13736430592545204	0.0
0.06903817977242845	0.14031755837184298	0.0
0.07053900976748124	0.14326868155255162	0.0
0.07203983976253404	0.14621763109584912	0.0
0.07354066975758683	0.14916436270719996	0.0
0.07504149975263963	0.15210883217036736	0.0
0.07654232974769241	0.1550509953481699	0.0
0.07804315974274521	0.1579908081839129	0.0
0.079543989737798	0.16092822670294912	0.0
0.0810448197328508	0.16386320701410265	0.0
0.08254564972790358	0.1667957053106682	0.0
0.08404647972295638	0.1697256778714474	0.0
0.08554730971800917	0.17265308106274382	0.0
0.08704813971306197	0.17557787133919345	0.0
0.08854896970811475	0.178500005245452	0.0
0.09004979970316755	0.18141943941722882	0.0
0.09155062969822034	0.18433613058238552	0.0
0.09305145969327314	0.18725003556287959	0.0
0.09455228968832592	0.19016111127471555	0.0
0.09605311968337872	0.1930693147298148	0.0
0.0975539496784315	0.19597460303777864	0.0
0.0990547796734843	0.19887693340634965	0.0
0.10055560966853709	0.20177626314310934	0.0
0.10205643966358988	0.20467254965618953	0.0
0.10355726965864268	0.2075657504545387	0.0
0.10505809965369547	0.21045582315072622	0.0
0.10655892964874826	0.21334272546154748	0.0
0.10805975964380105	0.21622641520864436	0.0
0.10956058963885383	0.2191068503200582	0.0
0.11106141963390664	0.22198398883070009	0.0
0.11256224962895943	0.2248577888843739	0.0
0.11406307962401221	0.2277282087342239	0.0
0.115563909619065	0.23059520674371595	0.0
0.11706473961411781	0.23345874138818398	0.0
0.1185655696091706	0.23631877125484693	0.0
0.12006639960422338	0.2391752550443058	0.0
0.1215672295992762	0.24202815157207622	0.0
0.12306805959432898	0.2448774197691564	0.0
0.12456888958938177	0.2477230186832251	0.0
0.12606971958443455	0.25056490747825927	0.0
0.12757054957948735	0.253403045436458	0.0
0.12907137957454015	0.2562373919603957	0.0
0.13057220956959295	0.25906790657154916	0.0
0.13207303956464572	0.2618945489123101	0.0
0.13357386955969852	0.26471727874751716	0.0
0.13507469955475132	0.2675360559636034	0.0
0.1365755295498041	0.2703508405702889	0.0
0.1380763595448569	0.273161592702052	0.0
0.1395771895399097	0.2759682726184585	0.0
0.1410780195349625	0.27877084070472674	0.0
0.14257884953001526	0.28156925747282213	0.0
0.1440796795250681	0.2843634835609303	0.0
0.14558050952012086	0.28715347973518107	0.0
0.14708133951517366	0.28993920689129565	0.0
0.14858216951022643	0.29272062605462995	0.0
0.15008299950527926	0.29549769838015116	0.0
0.15158382950033203	0.2982703851533087	0.0
0.15308465949538483	0.30103864779125167	0.0
0.1545854894904376	0.3038024478426651	0.0
0.15608631948549043	0.30656174698936856	0.0
0.1575871494805432	0.3093165070469821	0.0
0.159087979475596	0.3120666899643317	0.0
0.16058880947064877	0.3148122578242563	0.0
0.1620896394657016	0.3175531728452288	0.0
0.16359046946075437	0.3202893973809569	0.0
0.16509129945580717	0.3230208939214788	0.0
0.16659212945085994	0.32574762509400107	0.0
0.16809295944591277	0.32846955366202635	0.0
0.16959378944096554	0.33118664252688373	0.0
0.17109461943601834	0.3338988547280007	0.0
0.17259544943107114	0.33660615344281514	0.0
0.17409627942612393	0.33930850198819745	0.0
0.1755971094211767	0.3420058638213166	0.0
0.1770979394162295	0.34469820253766736	0.0
0.1785987694112823	0.3473854818740364	0.0
0.1800995994063351	0.3500676657080663	0.0
0.18160042940138788	0.352744718056043	0.0
0.18310125939644067	0.35541660307825906	0.0
0.18460208939149347	0.3580832850761305	0.0
0.18610291938654627	0.36074472849261235	0.0
0.18760374938159904	0.3634008979135896	0.0
0.18910457937665184	0.36605175806776163	0.0
0.19060540937170464	0.36869727382572676	0.0
0.19210623936675744	0.37133741020100736	0.0
0.1936070693618102	0.37397213235245624	0.0
0.195107899356863	0.3766014055820901	0.0
0.1966087293519158	0.37922519533563426	0.0
0.1981095593469686	0.38184346720177903	0.0
0.19961038934202138	0.3844561869169212	0.0
0.20111121933707418	0.38706332036056385	0.0
0.20261204933212695	0.38966483355368386	0.0
0.20411287932717975	0.39226069266623	0.0
0.20561370932223258	0.3948508640130555	0.0
0.20711453931728535	0.3974353140536249	0.0
0.20861536931233815	0.40001400939246007	0.0
0.21011619930739095	0.40258691677972724	0.0
0.21161702930244372	0.40515400311335387	0.0
0.21311785929749652	0.407715235434115	0.0
0.2146186892925493	0.41027058092884044	0.0
0.2161195192876021	0.41282000693269477	0.0
0.21762034928265492	0.4153634809247945	0.0
0.21912117927770766	0.41790097053170744	0.0
0.2206220092727605	0.4204324435259078	0.0
0.2221228392678133	0.42295786782484185	0.0
0.22362366926286606	0.4254772114933415	0.0
0.22512449925791886	0.4279904427415705	0.0
0.22662532925297169	0.43049752992760204	0.0
0.22812615924802443	0.43299844155550954	0.0
0.22962698924307726	0.4354931462721805	0.0
0.23112781923813	0.43798161287366416	0.0
0.23262864923318283	0.4404638103021837	0.0
0.23412947922823563	0.44293970764539076	0.0
0.2356303092232884	0.44540927413704345	0.0
0.2371311392183412	0.44787247915546313	0.0
0.238631969213394	0.45032929222685575	0.0
0.24013279920844677	0.45277968302153543	0.0
0.2416336292034996	0.4552236213544578	0.0
0.2431344591985524	0.4576610771872517	0.0
0.24463528919360517	0.4600920206253329	0.0
0.24613611918865796	0.46251642191876574	0.0
0.24763694918371074	0.46493425146468476	0.0
0.24913777917876354	0.467345479806407	0.0
0.25063860917381636	0.4697500776318711	0.0
0.2521394391688691	0.4721480157741961	0.0
0.2536402691639219	0.47453926521462253	0.0
0.2551410991589747	0.4769237970794492	0.0
0.2566419291540275	0.47930158263789013	0.0
0.2581427591490803	0.4816725933059806	0.0
0.25964358914413305	0.4840368006430494	0.0
0.2611444191391859	0.48639417635469256	0.0
0.2626452491342387	0.48874469229144357	0.0
0.26414607912929144	0.491088320446229	0.0
0.26564690912434424	0.49342503295619594	0.0
0.26714773911939704	0.49575480210146183	0.0
0.26864856911444984	0.49807760030769077	0.0
0.27014939910950264	0.5003934001431923	0.0
0.27165022910455544	0.5027021743199998	0.0
0.2731510590996082	0.5050038956921842	0.0
0.27465188909466104	0.507298537257866	0.0
0.2761527190897138	0.5095860721558376	0.0
0.2776535490847666	0.5118664736673524	0.0
0.2791543790798194	0.5141397152195105	0.0
0.2806552090748722	0.516405770378763	0.0
0.282156039069925	0.5186646128522816	0.0
0.2836568690649778	0.5209162164885688	0.0
0.2851576990600305	0.5231605552794187	0.0
0.2866585290550834	0.5253976033567868	0.0
0.2881593590501362	0.5276273349930773	0.0
0.2896601890451889	0.5298497246046232	0.0
0.2911610190402417	0.5320647467446696	0.0
0.2926618490352945	0.5342723761055446	0.0
0.2941626790303473	0.5364725875233991	0.0
0.2956635090254001	0.5386653559707577	0.0
0.29716433902045286	0.5408506565614603	0.0
0.2986651690155057	0.5430284645484795	0.0
0.3001659990105585	0.5451987553228427	0.0
0.30166682900561126	0.5473615044150218	0.0
0.30316765900066406	0.5495166874924978	0.0
0.30466848899571686	0.551664280363965	0.0
0.30616931899076966	0.5538042589734782	0.0
0.30767014898582246	0.5559365994036872	0.0
0.3091709789808752	0.5580612778760952	0.0
0.31067180897592805	0.560178270747547	0.0
0.31217263897098085	0.5622875545137895	0.0
0.3136734689660336	0.5643891058055343	0.0
0.3151742989610864	0.5664829013890071	0.0
0.3166751289561392	0.5685689181708564	0.0
0.318175958951192	0.5706471331925481	0.0
0.3196767889462448	0.5727175236276589	0.0
0.32117761894129754	0.5747800667877938	0.0
0.3226784489363504	0.5768347401219814	0.0
0.3241792789314032	0.5788815212125226	0.0
0.32568010892645594	0.5809203877763965	0.0
0.32718093892150873	0.5829513176640079	0.0
0.32868176891656153	0.5849742888614028	0.0
0.33018259891161433	0.5869892794917939	0.0
0.33168342890666713	0.58899626780969	0.0
0.3331842589017199	0.5909952322015519	0.0
0.3346850888967727	0.5929861511884474	0.0
0.33618591889182553	0.5949690034265595	0.0
0.3376867488868783	0.596943767705111	0.0
0.3391875788819311	0.5989104229440022	0.0
0.3406884088769839	0.6008689481958269	0.0
0.34218923887203667	0.6028193226472496	0.0
0.34369006886708947	0.6047615256154889	0.0
0.34519089886214227	0.6066955365516441	0.0
0.346691728857195	0.6086213350386956	0.0
0.34819255885224787	0.6105389007876937	0.0
0.3496933888473006	0.6124482136440752	0.0
0.3511942188423534	0.6143492535848794	0.0
0.3526950488374062	0.6162420007177405	0.0
0.354195878832459	0.6181264352804161	0.0
0.3556967088275118	0.6200025376405978	0.0
0.3571975388225646	0.6218702882965618	0.0
0.35869836881761735	0.6237296678794548	0.0
0.3601991988126702	0.6255806571505179	0.0
0.361700028807723	0.627423236995406	0.0
0.36320085880277575	0.6292573884341264	0.0
0.36470168879782855	0.6310830926148958	0.0
0.36620251879288135	0.6329003308156552	0.0
0.36770334878793415	0.634709084446785	0.0
0.36920417878298695	0.6365093350410521	0.0
0.3707050087780397	0.6383010642639814	0.0
0.37220583877309255	0.6400842539107846	0.0
0.37370666876814534	0.6418588859046367	0.0
0.3752074987631981	0.6436249422978898	0.0
0.3767083287582509	0.6453824052685011	0.0
0.3782091587533037	0.6471312571258522	0.0
0.3797099887483565	0.6488714803075776	0.0
0.3812108187434093	0.6506030573777937	0.0
0.38271164873846203	0.6523259710267242	0.0
0.3842124787335149	0.6540402040776991	0.0
0.3857133087285677	0.655745739478251	0.0
0.3872141387236204	0.657442560303215	0.0
0.38871496871867317	0.6591306497577498	0.0
0.390215798713726	0.6608099911686063	0.0
0.3917166287087788	0.662480567996899	0.0
0.3932174587038316	0.6641423638313766	0.0
0.3947182886988844	0.6657953623802451	0.0
0.3962191186939372	0.6674395474816142	0.0
0.39771994868898997	0.6690749031089724	0.0
0.39922077868404277	0.6707014133533906	0.0
0.40072160867909556	0.6723190624300178	0.0
0.40222243867414836	0.6739278346898417	0.0
0.4037232686692012	0.6755277146052466	0.0
0.4052240986642539	0.6771186867754525	0.0
0.4067249286593067	0.678700735925106	0.0
0.4082257586543595	0.6802738469055088	0.0
0.40972658864941236	0.6818380047006284	0.0
0.41122741864446516	0.6833931944112053	0.0
0.41272824863951796	0.6849394012684722	0.0
0.4142290786345707	0.6864766106339111	0.0
0.4157299086296235	0.6880048079861605	0.0
0.4172307386246763	0.6895239789361001	0.0
0.4187315686197291	0.6910341092218338	0.0
0.4202323986147819	0.6925351847063407	0.0
0.42173322860983464	0.6940271913771039	0.0
0.42323405860488744	0.6955101153505253	0.0
0.42473488859994024	0.6969839428671033	0.0
0.42623571859499304	0.6984486602932336	0.0
0.42773654859004584	0.6999042541250656	0.0
0.4292373785850986	0.701350710977575	0.0
0.4307382085801514	0.7027880175979584	0.0
0.4322390385752042	0.7042161608606465	0.0
0.43373986857025704	0.7056351277633104	0.0
0.43524069856530984	0.7070449054296466	0.0
0.43674152856036264	0.7084454811074672	0.0
0.4382423585554153	0.7098368421780105	0.0
0.4397431885504682	0.7112189761478295	0.0
0.441244018545521	0.7125918706422958	0.0
0.4427448485405738	0.7139555134125646	0.0
0.4442456785356266	0.7153098923450795	0.0
0.4457465085306793	0.7166549954523894	0.0
0.4472473385257321	0.7179908108661045	0.0
0.4487481685207849	0.7193173268489488	0.0
0.4502489985158377	0.7206345317907358	0.0
0.4517498285108905	0.7219424142075159	0.0
0.45325065850594337	0.7232409627394158	0.0
0.45475148850099606	0.724530166154229	0.0
0.45625231849604886	0.7258100133514079	0.0
0.45775314849110166	0.7270804933472217	0.0
0.4592539784861545	0.7283415952955261	0.0
0.4607548084812073	0.7295933084729076	0.0
0.46225563847626	0.7308356222797986	0.0
0.46375646847131285	0.7320685262503702	0.0
0.46525729846636565	0.733292010037184	0.0
0.46675812846141845	0.7345060634283114	0.0
0.46825895845647125	0.7357106763371575	0.0
0.46975978845152405	0.7369058388020809	0.0
0.4712606184465768	0.7380915409917305	0.0
0.4727614484416296	0.7392677731979639	0.0
0.4742622784366824	0.7404345258451193	0.0
0.4757631084317352	0.7415917894844183	0.0
0.477263938426788	0.7427395547909611	0.0
0.47876476842184074	0.7438778125721073	0.0
0.48026559841689354	0.7450065537616355	0.0
0.48176642841194633	0.7461257694230334	0.0
0.4832672584069992	0.7472354507443661	0.0
0.484768088402052	0.7483355890420225	0.0
0.4862689183971048	0.7494261757663314	0.0
0.4877697483921575	0.750507202491824	0.0
0.48927057838721033	0.7515786609211894	0.0
0.49077140838226313	0.7526405428874396	0.0
0.49227223837731593	0.7536928403504648	0.0
0.49377306837236873	0.7547355454012099	0.0
0.4952738983674215	0.7557686502543024	0.0
0.49677472836247427	0.7567921472572638	0.0
0.49827555835752707	0.7578060288900049	0.0
0.49977638835257987	0.7588102877572102	0.0
0.5012772183476327	0.7598049165924428	0.0
0.5027780483426855	0.7607899082587913	0.0
0.5042788783377382	0.7617652557483551	0.0
0.5057797083327911	0.762730952184172	0.0
0.5072805383278438	0.7636869908227677	0.0
0.5087813683228967	0.764633365044049	0.0
0.5102821983179494	0.765570068352813	0.0
0.5117830283130022	0.7664970943956626	0.0
0.513283858308055	0.7674144369460429	0.0
0.5147846883031078	0.7683220898966665	0.0
0.5162855182981606	0.7692200472827244	0.0
0.5177863482932135	0.7701083032708298	0.0
0.5192871782882661	0.7709868521426931	0.0
0.520788008283319	0.7718556883209475	0.0
0.5222888382783718	0.7727148063610664	0.0
0.5237896682734245	0.7735642009461878	0.0
0.5252904982684774	0.7744038668837911	0.0
0.5267913282635301	0.775233799116567	0.0
0.5282921582585829	0.7760539927226672	0.0
0.5297929882536357	0.7768644428978322	0.0
0.5312938182486885	0.7776651449773464	0.0
0.5327946482437413	0.7784560944304034	0.0
0.5342954782387941	0.7792372868534002	0.0
0.5357963082338468	0.7800087179684126	0.0
0.5372971382288997	0.7807703836328785	0.0
0.5387979682239524	0.7815222798365518	0.0
0.5402987982190053	0.7822644026928816	0.0
0.5417996282140581	0.7829967484555637	0.0
0.5433004582091109	0.7837193135091656	0.0
0.5448012882041636	0.7844320943628053	0.0
0.5463021181992164	0.785135087659109	0.0
0.5478029481942692	0.7858282901692145	0.0
0.5493037781893221	0.7865116987988763	0.0
0.5508046081843748	0.7871853105843332	0.0
0.5523054381794276	0.7878491226902155	0.0
0.5538062681744804	0.7885031324159212	0.0
0.5553070981695332	0.789147337191585	0.0
0.556807928164586	0.7897817345763771	0.0
0.5583087581596388	0.7904063222621693	0.0
0.5598095881546916	0.7910210980710428	0.0
0.5613104181497444	0.791626059951986	0.0
0.5628112481447971	0.7922212059904273	0.0
0.56431207813985	0.792806534406241	0.0
0.5658129081349027	0.7933820435417294	0.0
0.5673137381299556	0.7939477318748152	0.0
0.5688145681250083	0.794503598011079	0.0
0.570315398120061	0.7950496406923313	0.0
0.5718162281151139	0.7955858587861212	0.0
0.5733170581101668	0.7961122512852865	0.0
0.5748178881052195	0.7966288173336395	0.0
0.5763187181002724	0.7971355561922342	0.0
0.5778195480953251	0.7976324672454513	0.0
0.5793203780903778	0.7981195500200509	0.0
0.5808212080854307	0.7985968041706769	0.0
0.5823220380804834	0.7990642294803835	0.0
0.5838228680755363	0.7995218258631216	0.0
0.585323698070589	0.7999695933574803	0.0
0.5868245280656418	0.8004075321449904	0.0
0.5883253580606946	0.8008356425306646	0.0
0.5898261880557474	0.8012539249405367	0.0
0.5913270180508002	0.8016623799467937	0.0
0.592827848045853	0.8020610082425532	0.0
0.5943286780409057	0.8024498106459168	0.0
0.5958295080359586	0.8028287881160466	0.0
0.5973303380310114	0.8031979417344578	0.0
0.5988311680260642	0.803557272710187	0.0
0.600331998021117	0.8039067823879782	0.0
0.6018328280161698	0.8042464722320404	0.0
0.6033336580112225	0.80457634384167	0.0
0.6048344880062754	0.8048963989466824	0.0
0.6063353180013281	0.8052066394041384	0.0
0.607836147996381	0.8055070671982902	0.0
0.6093369779914337	0.8057976844335029	0.0
0.6108378079864865	0.8060784933560268	0.0
0.6123386379815393	0.8063494963369724	0.0
0.6138394679765921	0.8066106958679545	0.0
0.6153402979716449	0.8068620945747718	0.0
0.6168411279666978	0.8071036952084665	0.0
0.6183419579617504	0.8073355006393673	0.0
0.6198427879568033	0.8075575138732873	0.0
0.6213436179518561	0.8077697380507101	0.0
0.6228444479469089	0.8079721764219717	0.0
0.6243452779419617	0.808164832372177	0.0
0.6258461079370145	0.8083477094146564	0.0
0.6273469379320672	0.8085208111757337	0.0
0.62884776792712	0.808684141423605	0.0
0.6303485979221728	0.808837704049039	0.0
0.6318494279172256	0.8089815030548686	0.0
0.6333502579122784	0.8091155425794349	0.0
0.6348510879073311	0.8092398268867824	0.0
0.636351917902384	0.8093543603573193	0.0
0.6378527478974367	0.8094591475027415	0.0
0.6393535778924896	0.8095541929593029	0.0
0.6408544078875424	0.8096395014853051	0.0
0.6423552378825951	0.8097150779536125	0.0
0.6438560678776479	0.8097809273640684	0.0
0.6453568978727008	0.8098370548542484	0.0
0.6468577278677535	0.8098834656692535	0.0
0.6483585578628064	0.8099201651711166	0.0
0.6498593878578591	0.8099471588559038	0.0
0.6513602178529119	0.809964452339583	0.0
0.6528610478479647	0.8099720513525118	0.0
0.6543618778430175	0.8099699617512911	0.0
0.6558627078380703	0.8099581895137193	0.0
0.6573635378331231	0.8099367407391284	0.0
0.6588643678281758	0.8099056216376814	0.0
0.6603651978232287	0.809864838545507	0.0
0.6618660278182814	0.8098143979208791	0.0
0.6633668578133343	0.8097543063343893	0.0
0.6648676878083871	0.8096845704823107	0.0
0.6663685178034398	0.8096051971723882	0.0
0.6678693477984926	0.8095161933319923	0.0
0.6693701777935454	0.8094175660088926	0.0
0.6708710077885982	0.8093093223659864	0.0
0.6723718377836511	0.8091914696852206	0.0
0.6738726677787038	0.8090640153610845	0.0
0.6753734977737565	0.8089269669054036	0.0
0.6768743277688094	0.808780331945033	0.0
0.6783751577638621	0.8086241182280237	0.0
0.679875987758915	0.8084583336169178	0.0
0.6813768177539677	0.8082829860748871	0.0
0.6828776477490205	0.8080980836948375	0.0
0.6843784777440733	0.8079036346763219	0.0
0.6858793077391261	0.8076996473351158	0.0
0.6873801377341789	0.8074861301017183	0.0
0.6888809677292317	0.8072630915135459	0.0
0.6903817977242845	0.8070305402255855	0.0
0.6918826277193373	0.8067884849988931	0.0
0.69338345771439	0.8065369347116196	0.0
0.6948842877094429	0.806275898353727	0.0
0.6963851177044957	0.8060053850175253	0.0
0.6978859476995485	0.8057254039100156	0.0
0.6993867776946012	0.8054359643562652	0.0
0.7008876076896541	0.8051370757834768	0.0
0.7023884376847068	0.8048287477295447	0.0
0.7038892676797597	0.8045109898374262	0.0
0.7053900976748124	0.8041838118512195	0.0
0.7068909276698653	0.8038472236353367	0.0
0.708391757664918	0.8035012351712502	0.0
0.7098925876599708	0.8031458565292338	0.0
0.7113934176550236	0.8027810978771481	0.0
0.7128942476500764	0.8024069695154354	0.0
0.7143950776451292	0.8020234818462558	0.0
0.715895907640182	0.8016306453581461	0.0
0.7173967376352347	0.8012284706570935	0.0
0.7188975676302876	0.8008169684468126	0.0
0.7203983976253404	0.8003961495444563	0.0
0.7218992276203932	0.7999660248711578	0.0
0.723400057615446	0.7995266054394111	0.0
0.7249008876104988	0.7990779023802346	0.0
0.7264017176055515	0.7986199269131139	0.0
0.7279025476006044	0.7981526903562455	0.0
0.7294033775956571	0.7976762041467123	0.0
0.73090420759071	0.7971904798178655	0.0
0.7324050375857627	0.7966955289904685	0.0
0.7339058675808154	0.796191363396703	0.0
0.7354066975758683	0.795677994871167	0.0
0.736907527570921	0.7951554353352536	0.0
0.7384083575659739	0.7946236968196614	0.0
0.7399091875610266	0.7940827914609466	0.0
0.7414100175560794	0.7935327314768222	0.0
0.7429108475511322	0.7929735291851436	0.0
0.7444116775461851	0.792405197005545	0.0
0.7459125075412378	0.7918277474576234	0.0
0.7474133375362907	0.7912411931631131	0.0
0.7489141675313434	0.7906455468190485	0.0
0.7504149975263962	0.7900408212314391	0.0
0.751915827521449	0.789427029311659	0.0
0.7534166575165018	0.7888041840437889	0.0
0.7549174875115546	0.7881722985148156	0.0
0.7564183175066074	0.7875313859159273	0.0
0.7579191475016601	0.7868814595206216	0.0
0.759419977496713	0.7862225326957852	0.0
0.7609208074917657	0.7855546189103364	0.0
0.7624216374868186	0.784877731716422	0.0
0.7639224674818714	0.784191884759837	0.0
0.7654232974769241	0.7834970917866897	0.0
0.7669241274719769	0.7827933666200173	0.0
0.7684249574670298	0.7820807231801182	0.0
0.7699257874620825	0.7813591754821428	0.0
0.7714266174571354	0.7806287376271901	0.0
0.772927447452188	0.7798894238054666	0.0
0.7744282774472409	0.7791412482968524	0.0
0.7759291074422937	0.7783842254753197	0.0
0.7774299374373463	0.7776183697965207	0.0
0.7789307674323993	0.7768436958003571	0.0
0.780431597427452	0.7760602181271421	0.0
0.7819324274225049	0.7752679515009202	0.0
0.7834332574175576	0.7744669107302453	0.0
0.7849340874126104	0.7736571107065744	0.0
0.7864349174076632	0.772838566410095	0.0
0.787935747402716	0.7720112929179598	0.0
0.7894365773977688	0.7711753053806947	0.0
0.7909374073928216	0.7703306190355923	0.0
0.7924382373878744	0.769477249215764	0.0
0.7939390673829272	0.7686152113256602	0.0
0.7954398973779799	0.7677445208502537	0.0
0.7969407273730328	0.7668651933730045	0.0
0.7984415573680855	0.7659772445641461	0.0
0.7999423873631384	0.7650806901597813	0.0
0.8014432173581911	0.764175545993608	0.0
0.8029440473532439	0.7632618279821766	0.0
0.8044448773482967	0.7623395521048923	0.0
0.8059457073433495	0.761408734448137	0.0
0.8074465373384024	0.7604693911798	0.0
0.8089473673334551	0.759521538520426	0.0
0.8104481973285078	0.7585651928001911	0.0
0.8119490273235607	0.757600370429387	0.0
0.8134498573186134	0.75662708788283	0.0
0.8149506873136664	0.7556453617298583	0.0
0.816451517308719	0.7546552086167827	0.0
0.8179523473037718	0.7536566452667774	0.0
0.8194531772988247	0.7526496884788844	0.0
0.8209540072938774	0.7516343551439761	0.0
0.8224548372889303	0.7506106622276539	0.0
0.8239556672839831	0.7495786267743939	0.0
0.8254564972790359	0.7485382659074991	0.0
0.8269573272740887	0.747489596818949	0.0
0.8284581572691414	0.7464326367901601	0.0
0.8299589872641943	0.745367403191546	0.0
0.831459817259247	0.7442939134430627	0.0
0.8329606472542999	0.7432121850554376	0.0
0.8344614772493526	0.7421222356303832	0.0
0.8359623072444053	0.7410240828369705	0.0
0.8374631372394582	0.7399177444267518	0.0
0.8389639672345109	0.7388032382136662	0.0
0.8404647972295638	0.737680582095043	0.0
0.8419656272246165	0.736549794057087	0.0
0.8434664572196693	0.7354108921485384	0.0
0.8449672872147221	0.7342638944914875	0.0
0.8464681172097749	0.7331088192994542	0.0
0.8479689472048277	0.7319456848591319	0.0
0.8494697771998805	0.7307745095203433	0.0
0.8509706071949332	0.7295953117104597	0.0
0.8524714371899861	0.7284081099469755	0.0
0.8539722671850388	0.7272129228173477	0.0
0.8554730971800917	0.7260097689723557	0.0
0.8569739271751444	0.7247986671528032	0.0
0.8584747571701972	0.7235796361739848	0.0
0.85997558716525	0.7223526949142731	0.0
0.8614764171603028	0.7211178623278452	0.0
0.8629772471553557	0.7198751574570155	0.0
0.8644780771504084	0.7186245994110076	0.0
0.8659789071454613	0.7173662073641985	0.0
0.8674797371405141	0.716100000582419	0.0
0.8689805671355667	0.7148259984087514	0.0
0.8704813971306197	0.7135442202430984	0.0
0.8719822271256723	0.7122546855520776	0.0
0.8734830571207253	0.7109574138960286	0.0
0.874983887115778	0.7096524249143664	0.0
0.8764847171108306	0.7083397383079822	0.0
0.8779855471058836	0.7070193738478459	0.0
0.8794863771009364	0.7056913513911186	0.0
0.8809872070959892	0.704355690863053	0.0
0.882488037091042	0.7030124122566284	0.0
0.8839888670860947	0.7016615356424298	0.0
0.8854896970811476	0.700303081167216	0.0
0.8869905270762003	0.6989370690516827	0.0
0.8884913570712532	0.6975635195874947	0.0
0.8899921870663059	0.6961824531457612	0.0
0.8914930170613586	0.6947938901654656	0.0
0.8929938470564115	0.693397851163145	0.0
0.8944946770514642	0.6919943567175291	0.0
0.8959955070465171	0.6905834274906866	0.0
0.8974963370415698	0.6891650842252015	0.0
0.8989971670366227	0.6877393477194746	0.0
0.9004979970316754	0.6863062388518675	0.0
0.9019988270267282	0.6848657785896939	0.0
0.903499657021781	0.6834179879561479	0.0
0.9050004870168338	0.6819628880377437	0.0
0.9065013170118867	0.6805005000273792	0.0
0.9080021470069394	0.6790308451733187	0.0
0.9095029770019921	0.6775539447782426	0.0
0.911003806997045	0.6760698202476518	0.0
0.9125046369920977	0.6745784930564233	0.0
0.9140054669871507	0.6730799847428278	0.0
0.9155062969822033	0.6715743169212788	0.0
0.9170071269772561	0.6700615112839903	0.0
0.918507956972309	0.6685415895903875	0.0
0.9200087869673617	0.6670145736752722	0.0
0.9215096169624146	0.6654804854515333	0.0
0.9230104469574674	0.6639393469068445	0.0
0.92451127695252	0.662391180096074	0.0
0.926012106947573	0.6608360071402017	0.0
0.9275129369426257	0.6592738502563077	0.0
0.9290137669376786	0.6577047317240332	0.0
0.9305145969327313	0.6561286738976498	0.0
0.932015426927784	0.6545456991992974	0.0
0.9335162569228369	0.652955830120919	0.0
0.9350170869178897	0.6513590892541921	0.0
0.9365179169129425	0.6497554992443397	0.0
0.9380187469079952	0.6481450828110015	0.0
0.9395195769030481	0.646527862762464	0.0
0.9410204068981008	0.6449038619553544	0.0
0.9425212368931536	0.643273103333335	0.0
0.9440220668882064	0.6416356099300381	0.0
0.9455228968832592	0.6399914048382964	0.0
0.947023726878312	0.6383405112200877	0.0
0.9485245568733648	0.6366829523245702	0.0
0.9500253868684175	0.6350187514743699	0.0
0.9515262168634704	0.6333479320501108	0.0
0.9530270468585231	0.6316705175307169	0.0
0.954527876853576	0.6299865314650355	0.0
0.9560287068486287	0.6282959974525535	0.0
0.9575295368436815	0.6265989391957618	0.0
0.9590303668387343	0.6248953804543131	0.0
0.9605311968337871	0.6231853450695564	0.0
0.96203202682884	0.6214688569729905	0.0
0.9635328568238927	0.6197459401413139	0.0
0.9650336868189454	0.6180166186467897	0.0
0.9665345168139984	0.616280916637943	0.0
0.968035346809051	0.614538858326694	0.0
0.969536176804104	0.6127904679951341	0.0
0.9710370067991567	0.6110357700222881	0.0
0.9725378367942096	0.6092747888480408	0.0
0.9740386667892623	0.607507548992944	0.0
0.975539496784315	0.6057340750499032	0.0
0.9770403267793679	0.6039543916843058	0.0
0.9785411567744207	0.6021685236525374	0.0
0.9800419867694735	0.6003764957525373	0.0
0.9815428167645263	0.5985783328791094	0.0
0.983043646759579	0.5967740600219096	0.0
0.9845444767546319	0.5949637022261516	0.0
0.9860453067496846	0.5931472846011134	0.0
0.9875461367447375	0.5913248323557924	0.0
0.9890469667397902	0.5894963707535261	0.0
0.990547796734843	0.5876619251345125	0.0
0.9920486267298958	0.5858215209375449	0.0
0.9935494567249485	0.5839751836583769	0.0
0.9950502867200014	0.5821229388671463	0.0
0.9965511167150541	0.5802648122221672	0.0
0.9980519467101069	0.578400829442391	0.0
0.9995527767051597	0.5765310163240491	0.0
1.0010536067002125	0.5746553987594542	0.0
1.0025544366952654	0.5727740026909538	0.0
1.0040552666903182	0.5708868541342939	0.0
1.005556096685371	0.568993979208323	0.0
1.0070569266804237	0.5670954040910929	0.0
1.0085577566754764	0.5651911550320303	0.0
1.0100585866705294	0.5632812583612805	0.0
1.0115594166655821	0.5613657404785553	0.0
1.0130602466606349	0.5594446278639194	0.0
1.0145610766556876	0.5575179470766223	0.0
1.0160619066507404	0.5555857247429736	0.0
1.0175627366457933	0.5536479875631205	0.0
1.019063566640846	0.5517047623298114	0.0
1.0205643966358988	0.5497560758820543	0.0
1.0220652266309516	0.5478019551474789	0.0
1.0235660566260043	0.5458424271422491	0.0
1.0250668866210573	0.5438775189404967	0.0
1.02656771661611	0.5419072576884977	0.0
1.0280685466111628	0.5399316706187838	0.0
1.0295693766062155	0.5379507850329635	0.0
1.0310702066012682	0.5359646282927275	0.0
1.0325710365963212	0.5339732278527778	0.0
1.034071866591374	0.5319766112431031	0.0
1.035572696586427	0.529974806060004	0.0
1.0370735265814794	0.5279678399720719	0.0
1.0385743565765322	0.5259557407146165	0.0
1.0400751865715852	0.5239385361008597	0.0
1.041576016566638	0.521916254034633	0.0
1.0430768465616909	0.5198889224717453	0.0
1.0445776765567436	0.517856569441042	0.0
1.0460785065517963	0.5158192230647651	0.0
1.047579336546849	0.5137769115179864	0.0
1.0490801665419018	0.5117296630458237	0.0
1.0505809965369548	0.5096775059741786	0.0
1.0520818265320075	0.5076204686915472	0.0
1.0535826565270603	0.5055585796752573	0.0
1.055083486522113	0.5034918674669527	0.0
1.0565843165171658	0.5014203606594725	0.0
1.0580851465122187	0.49934408794616314	0.0
1.0595859765072715	0.4972630780793107	0.0
1.0610868065023242	0.4951773598681494	0.0
1.062587636497377	0.493086962212305	0.0
1.0640884664924297	0.4909919140705783	0.0
1.0655892964874827	0.4888922444776699	0.0
1.0670901264825354	0.4867879825281656	0.0
1.0685909564775882	0.48467915738334244	0.0
1.070091786472641	0.4825657982900342	0.0
1.0715926164676937	0.48044793454319956	0.0
1.0730934464627466	0.47832559552409026	0.0
1.0745942764577994	0.4761988106769498	0.0
1.0760951064528521	0.4740676095070452	0.0
1.0775959364479049	0.47193202158003755	0.0
1.0790967664429576	0.469792076528633	0.0
1.0805975964380106	0.4676478040860871	0.0
1.0820984264330633	0.46549923401270227	0.0
1.0835992564281163	0.4633463961425753	0.0
1.0851000864231688	0.46118932040289146	0.0
1.0866009164182218	0.4590280367404208	0.0
1.0881017464132745	0.4568625751874196	0.0
1.0896025764083273	0.45469296584845176	0.0
1.0911034064033802	0.4525192388781772	0.0
1.0926042363984327	0.4503414245034978	0.0
1.0941050663934857	0.4481595530154788	0.0
1.0956058963885384	0.4459736547691787	0.0
1.0971067263835912	0.44378376016003956	0.0
1.0986075563786442	0.44158989966843565	0.0
1.100108386373697	0.43939210383686517	0.0
1.1016092163687496	0.4371904032410872	0.0
1.1031100463638024	0.43498482853887643	0.0
1.1046108763588551	0.43277541045299395	0.0
1.106111706353908	0.4305621797405669	0.0
1.1076125363489608	0.42834516724329696	0.0
1.1091133663440136	0.42612440385669437	0.0
1.1106141963390663	0.4238999205166965	0.0
1.112115026334119	0.42167174822194436	0.0
1.113615856329172	0.41943991803463954	0.0
1.1151166863242248	0.41720446107888315	0.0
1.1166175163192775	0.4149654085299916	0.0
1.1181183463143303	0.41272279160480985	0.0
1.1196191763093832	0.4104766415886383	0.0
1.121120006304436	0.40822698981570577	0.0
1.1226208362994887	0.4059738676693148	0.0
1.1241216662945415	0.40371730660033417	0.0
1.1256224962895942	0.4014573380872874	0.0
1.1271233262846472	0.39919399367743824	0.0
1.1286241562797	0.3969273049798721	0.0
1.1301249862747527	0.3946573036290154	0.0
1.1316258162698054	0.39238402131141026	0.0
1.1331266462648582	0.3901074897928126	0.0
1.1346274762599111	0.3878277408542331	0.0
1.1361283062549639	0.3855448063242497	0.0
1.1376291362500166	0.3832587181106212	0.0
1.1391299662450696	0.38096950814486025	0.0
1.140630796240122	0.3786772083998661	0.0
1.142131626235175	0.3763818509078796	0.0
1.1436324562302278	0.37408346774067397	0.0
1.1451332862252805	0.3717820909967064	0.0
1.1466341162203335	0.36947775283800205	0.0
1.1481349462153863	0.36717048548118636	0.0
1.149635776210439	0.3648603211609132	0.0
1.1511366062054917	0.3625472921613923	0.0
1.1526374362005447	0.3602314307955714	0.0
1.1541382661955975	0.3579127694379574	0.0
1.1556390961906502	0.3555913405000233	0.0
1.157139926185703	0.3532671764110907	0.0
1.1586407561807557	0.35094030964774214	0.0
1.1601415861758086	0.3486107727262391	0.0
1.1616424161708614	0.3462785982130288	0.0
1.1631432461659141	0.3439438186905286	0.0
1.1646440761609669	0.34160646677562206	0.0
1.1661449061560196	0.3392665751249414	0.0
1.1676457361510726	0.3369241764386737	0.0
1.1691465661461253	0.3345793034470188	0.0
1.170647396141178	0.33223198888562105	0.0
1.1721482261362308	0.3298822655464169	0.0
1.1736490561312836	0.3275301662574691	0.0
1.1751498861263365	0.32517572385058946	0.0
1.1766507161213893	0.32281897120792713	0.0
1.178151546116442	0.32045994124228055	0.0
1.1796523761114948	0.3180986668758833	0.0
1.1811532061065475	0.315735181056996	0.0
1.1826540361016005	0.3133695167779346	0.0
1.1841548660966532	0.3110017070504174	0.0
1.185655696091706	0.3086317849060967	0.0
1.187156526086759	0.30625978338943094	0.0
1.1886573560818114	0.30388573558680765	0.0
1.1901581860768644	0.3015096746032109	0.0
1.1916590160719172	0.29913163354880895	0.0
1.1931598460669701	0.2967516455706131	0.0
1.1946606760620229	0.29436974382955666	0.0
1.1961615060570754	0.2919859615071918	0.0
1.1976623360521284	0.28960033179681166	0.0
1.199163166047181	0.28721288791262617	0.0
1.200663996042234	0.2848236630847274	0.0
1.2021648260372868	0.28243269055960785	0.0
1.2036656560323395	0.28004000360421977	0.0
1.2051664860273923	0.2776456354851846	0.0
1.206667316022445	0.2752496194924907	0.0
1.208168146017498	0.27285198892983575	0.0
1.2096689760125507	0.2704527770976306	0.0
1.2111698060076035	0.2680520173256513	0.0
1.2126706360026562	0.26564974293817883	0.0
1.214171465997709	0.2632459872707776	0.0
1.215672295992762	0.2608407836804087	0.0
1.2171731259878147	0.2584341655177095	0.0
1.2186739559828674	0.25602616614298607	0.0
1.2201747859779202	0.2536168189224897	0.0
1.221675615972973	0.25120615723501355	0.0
1.2231764459680259	0.2487942144546324	0.0
1.2246772759630786	0.24638102394948802	0.0
1.2261781059581316	0.2439666191062066	0.0
1.2276789359531841	0.24155103331736577	0.0
1.2291797659482369	0.2391342999569412	0.0
1.2306805959432898	0.23671645240097947	0.0
1.2321814259383426	0.23429752404265553	0.0
1.2336822559333955	0.23187754826338164	0.0
1.235183085928448	0.22945655843117516	0.0
1.2366839159235008	0.22703458792647266	0.0
1.2381847459185538	0.22461167012307412	0.0
1.2396855759136065	0.22218783837803321	0.0
1.2411864059086595	0.21976312605480397	0.0
1.2426872359037122	0.21733756650421493	0.0
1.2441880658987647	0.21491119306681972	0.0
1.2456888958938177	0.21248403909082644	0.0
1.2471897258888704	0.21005613790022626	0.0
1.2486905558839234	0.20762752280912725	0.0
1.2501913858789762	0.20519822713405073	0.0
1.251692215874029	0.20276828416672027	0.0
1.2531930458690816	0.20033772719415954	0.0
1.2546938758641344	0.19790658948693624	0.0
1.2561947058591874	0.19547490429780656	0.0
1.25769553585424	0.19304270487429223	0.0
1.2591963658492928	0.1906100244472227	0.0
1.2606971958443456	0.18817689623054776	0.0
1.2621980258393983	0.1857433534143169	0.0
1.2636988558344513	0.1833094291783585	0.0
1.265199685829504	0.18087515668658022	0.0
1.2667005158245568	0.17844056906514577	0.0
1.2682013458196095	0.17600569944533084	0.0
1.2697021758146623	0.1735705809334834	0.0
1.2712030058097152	0.1711352465998451	0.0
1.272703835804768	0.16869972949773018	0.0
1.2742046657998207	0.16626406267453425	0.0
1.2757054957948735	0.16382827913810055	0.0
1.2772063257899262	0.16139241187319237	0.0
1.2787071557849792	0.1589564938443982	0.0
1.280207985780032	0.15652055797443315	0.0
1.2817088157750849	0.15408463718887136	0.0
1.2832096457701374	0.15164876437395258	0.0
1.2847104757651902	0.1492129723713383	0.0
1.2862113057602431	0.14677729402165637	0.0
1.2877121357552959	0.14434176211734343	0.0
1.2892129657503488	0.14190640942425167	0.0
1.2907137957454016	0.13947126869070903	0.0
1.292214625740454	0.13703637261475035	0.0
1.293715455735507	0.13460175387196321	0.0
1.2952162857305598	0.13216744510668393	0.0
1.2967171157256128	0.1297334789390519	0.0
1.2982179457206655	0.12729988794373562	0.0
1.2997187757157183	0.12486670465299118	0.0
1.301219605710771	0.12243396157850858	0.0
1.3027204357058237	0.12000169119800935	0.0
1.3042212657008767	0.11756992594931087	0.0
1.3057220956959295	0.11513869822509018	0.0
1.3072229256909822	0.11270804038233978	0.0
1.308723755686035	0.11027798475657499	0.0
1.3102245856810877	0.10784856364010717	0.0
1.3117254156761406	0.10541980925955774	0.0
1.3132262456711934	0.10299175382417941	0.0
1.3147270756662461	0.10056442952019784	0.0
1.3162279056612989	0.09813786846628592	0.0
1.3177287356563516	0.09571210274452546	0.0
1.3192295656514046	0.09328716439522461	0.0
1.3207303956464573	0.0908630854248752	0.0
1.32223122564151	0.0884398977868367	0.0
1.3237320556365628	0.08601763339656865	0.0
1.3252328856316156	0.08359632413155368	0.0
1.3267337156266685	0.08117600181016371	0.0
1.3282345456217213	0.07875669820766432	0.0
1.3297353756167742	0.0763384450731785	0.0
1.3312362056118268	0.07392127409468116	0.0
1.3327370356068795	0.07150521690375147	0.0
1.3342378656019325	0.06909030510980341	0.0
1.3357386955969852	0.0666765702596546	0.0
1.3372395255920382	0.06426404385231463	0.0
1.3387403555870907	0.061852757341310904	0.0
1.3402411855821437	0.05944274213356407	0.0
1.3417420155771964	0.05703402957739512	0.0
1.3432428455722492	0.05462665097937755	0.0
1.3447436755673021	0.052220637605857045	0.0
1.3462445055623549	0.04981602065807317	0.0
1.3477453355574076	0.04741283128484933	0.0
1.3492461655524604	0.04501110059658703	0.0
1.350746995547513	0.042610859645247245	0.0
1.352247825542566	0.04021213941813262	0.0
1.3537486555376188	0.037814970871107745	0.0
1.3552494855326715	0.03541938491316188	0.0
1.3567503155277243	0.03302541237823231	0.0
1.358251145522777	0.030633084041384706	0.0
1.35975197551783	0.02824243064947879	0.0
1.3612528055128827	0.025853482889205415	0.0
1.3627536355079355	0.023466271365356395	0.0
1.3642544655029882	0.021080826663025687	0.0
1.365755295498041	0.0186971793092493	0.0
1.367256125493094	0.016315359756995385	0.0
1.3687569554881467	0.013935398407326272	0.0
1.3702577854831994	0.011557325612117975	0.0
1.3717586154782522	0.009181171673068977	0.0
1.3732594454733051	0.006806966820459781	0.0
1.3747602754683579	0.004434741235407824	0.0
1.3762611054634106	0.0020645250451020725	0.0
1.3777619354584634	-0.0003036516829352798	0.0
1.3792627654535161	-0.0026697589433701263	0.0
1.380763595448569	-0.0050337667883002535	0.0
1.3822644254436218	-0.007395645325398659	0.0
1.3837652554386746	-0.009755364709386649	0.0
1.3852660854337275	-0.012112895171272176	0.0
1.38676691542878	-0.014468206991106236	0.0
1.388267745423833	-0.016821270501339747	0.0
1.3897685754188858	-0.019172056112677027	0.0
1.3912694054139385	-0.021520534290973004	0.0
1.3927702354089915	-0.023866675541372506	0.0
1.3942710654040442	-0.02621045043622744	0.0
1.395771895399097	-0.028551829634534454	0.0
1.3972727253941497	-0.030890783822230816	0.0
1.3987735553892024	-0.0332272837447285	0.0
1.4002743853842554	-0.03556130023883364	0.0
1.4017752153793082	-0.03789280418446633	0.0
1.403276045374361	-0.04022176650640452	0.0
1.4047768753694136	-0.04254815820678809	0.0
1.4062777053644664	-0.044871950352736945	0.0
1.4077785353595194	-0.047193114063621144	0.0
1.409279365354572	-0.049511620517960764	0.0
1.4107801953496248	-0.051827440966254024	0.0
1.4122810253446776	-0.05414054670586799	0.0
1.4137818553397306	-0.056450909102898406	0.0
1.4152826853347833	-0.05875849959593443	0.0
1.416783515329836	-0.06106328965968133	0.0
1.4182843453248888	-0.06336525084732947	0.0
1.4197851753199415	-0.06566435477447036	0.0
1.4212860053149945	-0.06796057311979997	0.0
1.4227868353100472	-0.07025387761466328	0.0
1.4242876653051	-0.07254424005391347	0.0
1.4257884953001527	-0.07483163230198053	0.0
1.4272893252952055	-0.07711602627241904	0.0
1.4287901552902584	-0.07939739395312256	0.0
1.4302909852853112	-0.08167570740498437	0.0
1.431791815280364	-0.08395093872092341	0.0
1.4332926452754169	-0.08622306005989222	0.0
1.4347934752704694	-0.08849204367634816	0.0
1.4362943052655224	-0.09075786186564794	0.0
1.4377951352605751	-0.09302048697284337	0.0
1.4392959652556279	-0.09527989141865612	0.0
1.4407967952506808	-0.0975360476880891	0.0
1.4422976252457334	-0.09978892832135289	0.0
1.4437984552407863	-0.10203850592994906	0.0
1.445299285235839	-0.104284753189541	0.0
1.446800115230892	-0.10652764282175503	0.0
1.4483009452259448	-0.10876714761827327	0.0
1.4498017752209975	-0.11100324044050272	0.0
1.4513026052160503	-0.11323589420272892	0.0
1.452803435211103	-0.11546508188708116	0.0
1.454304265206156	-0.11769077654161794	0.0
1.4558050952012087	-0.1199129512697753	0.0
1.4573059251962615	-0.12213157923611115	0.0
1.4588067551913142	-0.12434663367264215	0.0
1.460307585186367	-0.12655808787166664	0.0
1.46180841518142	-0.12876591518951777	0.0
1.4633092451764727	-0.1309700890435515	0.0
1.4648100751715254	-0.13317058291395928	0.0
1.4663109051665781	-0.1353673703375274	0.0
1.4678117351616309	-0.1375604249235089	0.0
1.4693125651566838	-0.13974972033345942	0.0
1.4708133951517366	-0.14193523029524782	0.0
1.4723142251467893	-0.1441169286088605	0.0
1.473815055141842	-0.14629478911140895	0.0
1.4753158851368948	-0.14846878572504638	0.0
1.4768167151319478	-0.15063889243191456	0.0
1.4783175451270005	-0.15280508326123424	0.0
1.4798183751220533	-0.15496733232109106	0.0
1.481319205117106	-0.15712561376733303	0.0
1.4828200351121588	-0.15927990181407048	0.0
1.4843208651072117	-0.1614301707658865	0.0
1.4858216951022645	-0.16357639497106324	0.0
1.4873225250973174	-0.16571854882997683	0.0
1.4888233550923702	-0.16785660682476533	0.0
1.4903241850874227	-0.1699905434760175	0.0
1.4918250150824757	-0.1721203333753281	0.0
1.4933258450775284	-0.17424595119296446	0.0
1.4948266750725814	-0.17636737163872113	0.0
1.4963275050676341	-0.17848456949263758	0.0
1.4978283350626869	-0.18059751959315473	0.0
1.4993291650577396	-0.1827061968459333	0.0
1.5008299950527924	-0.18481057621890282	0.0
1.5023308250478453	-0.18691063273088568	0.0
1.503831655042898	-0.18900634147901385	0.0
1.5053324850379508	-0.19109767760553553	0.0
1.5068333150330036	-0.19318461631595074	0.0
1.5083341450280563	-0.19526713288617994	0.0
1.5098349750231093	-0.19734520264541258	0.0
1.511335805018162	-0.1994188009925114	0.0
1.5128366350132147	-0.20148790338715034	0.0
1.5143374650082675	-0.20355248533361853	0.0
1.5158382950033202	-0.20561252241126202	0.0
1.5173391249983732	-0.20766799026446633	0.0
1.518839954993426	-0.20971886459108785	0.0
1.5203407849884787	-0.2117651211555762	0.0
1.5218416149835314	-0.2138067357765581	0.0
1.5233424449785842	-0.21584368434260814	0.0
1.5248432749736371	-0.2178759427975828	0.0
1.5263441049686899	-0.21990348714157903	0.0
1.5278449349637429	-0.22192629344660492	0.0
1.5293457649587954	-0.22394433784311718	0.0
1.5308465949538481	-0.22595759652631797	0.0
1.532347424948901	-0.227966045743882	0.0
1.5338482549439538	-0.22996966179950137	0.0
1.5353490849390068	-0.2319684210778268	0.0
1.5368499149340595	-0.2339623000166869	0.0
1.538350744929112	-0.23595127510840105	0.0
1.539851574924165	-0.23793532291370495	0.0
1.5413524049192178	-0.23991442005300534	0.0
1.5428532349142707	-0.24188854320531564	0.0
1.5443540649093235	-0.24385766911534298	0.0
1.545854894904376	-0.2458217745914093	0.0
1.547355724899429	-0.24778083649736296	0.0
1.5488565548944817	-0.24973483176500036	0.0
1.5503573848895347	-0.25168373737795774	0.0
1.5518582148845874	-0.25362753038942376	0.0
1.5533590448796402	-0.25556618791972086	0.0
1.5548598748746927	-0.257499687143512	0.0
1.5563607048697456	-0.2594280052987542	0.0
1.5578615348647986	-0.2613511196795708	0.0
1.5593623648598514	-0.26326900764580297	0.0
1.560863194854904	-0.26518164663700106	0.0
1.5623640248499568	-0.2670890141366574	0.0
1.5638648548450098	-0.2689910876908054	0.0
1.5653656848400623	-0.27088784491443796	0.0
1.5668665148351153	-0.272779263482688	0.0
1.568367344830168	-0.2746653211403183	0.0
1.5698681748252208	-0.27654599568083216	0.0
1.5713690048202735	-0.27842126496134734	0.0
1.5728698348153265	-0.28029110691707143	0.0
1.5743706648103795	-0.28215549955341424	0.0
1.575871494805432	-0.2840144209120884	0.0
1.5773723248004847	-0.2858678491067774	0.0
1.5788731547955377	-0.2877157623283916	0.0
1.5803739847905902	-0.2895581388272216	0.0
1.5818748147856432	-0.29139495690946626	0.0
1.5833756447806961	-0.29322619494400703	0.0
1.584876474775749	-0.2950518313796169	0.0
1.5863773047708014	-0.29687184471552597	0.0
1.5878781347658544	-0.2986862135230006	0.0
1.5893789647609073	-0.3004949164378647	0.0
1.5908797947559599	-0.30229793215695	0.0
1.5923806247510128	-0.30409523944928185	0.0
1.5938814547460656	-0.3058868171452088	0.0
1.595382284741118	-0.30767264413762596	0.0
1.596883114736171	-0.309452699387438	0.0
1.598383944731224	-0.31122696192595206	0.0
1.5998847747262768	-0.31299541084723137	0.0
1.6013856047213293	-0.3147580253162626	0.0
1.6028864347163823	-0.31651478456815774	0.0
1.6043872647114352	-0.3182656678906747	0.0
1.6058880947064877	-0.3200106546445956	0.0
1.6073889247015407	-0.3217497242662275	0.0
1.6088897546965935	-0.3234828562529414	0.0
1.6103905846916464	-0.3252100301842442	0.0
1.611891414686699	-0.3269312256876087	0.0
1.613392244681752	-0.3286464224557197	0.0
1.6148930746768049	-0.33035560026964095	0.0
1.6163939046718574	-0.33205873898580673	0.0
1.6178947346669101	-0.3337558185055429	0.0
1.619395564661963	-0.3354468188103894	0.0
1.6208963946570156	-0.337131719960676	0.0
1.6223972246520686	-0.3388105020721866	0.0
1.6238980546471213	-0.3404831453357119	0.0
1.6253988846421743	-0.3421496300227898	0.0
1.6268997146372268	-0.3438099364740075	0.0
1.6284005446322798	-0.34546404509126294	0.0
1.6299013746273328	-0.34711193635765913	0.0
1.6314022046223853	-0.3487535908194307	0.0
1.632903034617438	-0.35038898910475236	0.0
1.634403864612491	-0.35201811191750243	0.0
1.6359046946075435	-0.3536409400224014	0.0
1.6374055246025965	-0.3552574542636525	0.0
1.6389063545976494	-0.3568676355675951	0.0
1.6404071845927022	-0.35847146492767595	0.0
1.6419080145877547	-0.3600689233990952	0.0
1.6434088445828077	-0.36165999213454925	0.0
1.6449096745778606	-0.3632446523545041	0.0
1.6464105045729132	-0.36482288535009766	0.0
1.6479113345679661	-0.36639467249959673	0.0
1.6494121645630189	-0.3679599952468899	0.0
1.6509129945580718	-0.36951883510949746	0.0
1.6524138245531244	-0.37107117368813686	0.0
1.6539146545481773	-0.37261699267292503	0.0
1.65541548454323	-0.3741562738184933	0.0
1.6569163145382828	-0.3756889989540582	0.0
1.6584171445333356	-0.3772151499960631	0.0
1.6599179745283885	-0.3787347089446442	0.0
1.661418804523441	-0.3802476578725086	0.0
1.662919634518494	-0.3817539789323897	0.0
1.6644204645135467	-0.38325365435878517	0.0
1.6659212945085997	-0.3847466664703797	0.0
1.6674221245036522	-0.38623299766208297	0.0
1.6689229544987052	-0.38771263040736165	0.0
1.6704237844937582	-0.3891855472730088	0.0
1.6719246144888107	-0.3906517309014886	0.0
1.6734254444838634	-0.39211116401637036	0.0
1.6749262744789164	-0.3935638294311974	0.0
1.676427104473969	-0.3950097100368162	0.0
1.6779279344690219	-0.39644878881592993	0.0
1.6794287644640746	-0.3978810488312811	0.0
1.6809295944591276	-0.3993064732297773	0.0
1.6824304244541801	-0.40072504524643415	0.0
1.683931254449233	-0.4021367482012176	0.0
1.685432084444286	-0.4035415655011984	0.0
1.6869329144393386	-0.4049394806330688	0.0
1.6884337444343913	-0.4063304771824812	0.0
1.6899345744294443	-0.40771453881589836	0.0
1.6914354044244972	-0.40909164929826936	0.0
1.6929362344195498	-0.41046179247087305	0.0
1.6944370644146027	-0.41182495226559185	0.0
1.6959378944096555	-0.4131811127178045	0.0
1.697438724404708	-0.41453025793330306	0.0
1.698939554399761	-0.4158723721163518	0.0
1.700440384394814	-0.4172074395663461	0.0
1.7019412143898665	-0.41853544467177206	0.0
1.7034420443849194	-0.41985637191275055	0.0
1.7049428743799722	-0.4211702058625083	0.0
1.7064437043750251	-0.4224769311838954	0.0
1.7079445343700776	-0.4237765326405336	0.0
1.7094453643651306	-0.4250689950765804	0.0
1.7109461943601834	-0.4263543034392916	0.0
1.712447024355236	-0.42763244277985385	0.0
1.7139478543502888	-0.42890339822634943	0.0
1.7154486843453418	-0.43016715501625374	0.0
1.7169495143403943	-0.43142369846932926	0.0
1.7184503443354473	-0.43267301400947367	0.0
1.7199511743305	-0.4339150871634896	0.0
1.721452004325553	-0.43514990354927807	0.0
1.7229528343206055	-0.4363774488862809	0.0
1.7244536643156585	-0.4375977089851377	0.0
1.7259544943107115	-0.4388106697595933	0.0
1.727455324305764	-0.4400163172210576	0.0
1.7289561543008167	-0.44121463748086315	0.0
1.7304569842958697	-0.44240561675949347	0.0
1.7319578142909227	-0.4435892413607158	0.0
1.7334586442859752	-0.444765497698029	0.0
1.7349594742810281	-0.44593437229158234	0.0
1.736460304276081	-0.4470958517534255	0.0
1.7379611342711334	-0.4482499228076013	0.0
1.7394619642661864	-0.4493965722776185	0.0
1.7409627942612393	-0.4505357870799346	0.0
1.7424636242562919	-0.45166755424486804	0.0
1.7439644542513446	-0.4527918609063859	0.0
1.7454652842463976	-0.4539086943008641	0.0
1.7469661142414505	-0.45501804176982263	0.0
1.748466944236503	-0.4561198907584301	0.0
1.749967774231556	-0.45721422881957363	0.0
1.7514686042266088	-0.4583010436185055	0.0
1.7529694342216613	-0.459380322913523	0.0
1.7544702642167143	-0.4604520545667569	0.0
1.7559710942117672	-0.46151622656820235	0.0
1.75747192420682	-0.4625728269991492	0.0
1.7589727542018727	-0.4636218440567528	0.0
1.7604735841969255	-0.4646632660434853	0.0
1.7619744141919784	-0.4656970813632861	0.0
1.763475244187031	-0.4667232785418647	0.0
1.764976074182084	-0.4677418462077594	0.0
1.7664769041771367	-0.4687527731011796	0.0
1.7679777341721894	-0.4697560480733026	0.0
1.7694785641672421	-0.4707516600808761	0.0
1.770979394162295	-0.47173959819794703	0.0
1.772480224157348	-0.47271985160639723	0.0
1.7739810541524006	-0.47369240959454534	0.0
1.7754818841474533	-0.4746572615759435	0.0
1.7769827141425063	-0.4756143970681553	0.0
1.7784835441375588	-0.4765638056993684	0.0
1.7799843741326118	-0.47750547721680414	0.0
1.7814852041276648	-0.47843940147243164	0.0
1.7829860341227173	-0.47936556844269945	0.0
1.78448686411777	-0.48028396820844543	0.0
1.785987694112823	-0.48119459096847184	0.0
1.787488524107876	-0.48209742703948766	0.0
1.7889893541029285	-0.48299246684917574	0.0
1.7904901840979814	-0.483879700939984	0.0
1.7919910140930342	-0.4847591199674296	0.0
1.7934918440880867	-0.4856307147090155	0.0
1.7949926740831397	-0.48649447605360174	0.0
1.7964935040781926	-0.4873503950117343	0.0
1.7979943340732454	-0.4881984627059416	0.0
1.7994951640682981	-0.4890386703711516	0.0
1.8009959940633509	-0.4898710093689792	0.0
1.8024968240584038	-0.49069547117752843	0.0
1.8039976540534564	-0.4915120473776847	0.0
1.8054984840485093	-0.49232072968057106	0.0
1.806999314043562	-0.4931215099165796	0.0
1.8085001440386146	-0.49391438002588073	0.0
1.8100009740336676	-0.49469933208013417	0.0
1.8115018040287205	-0.49547635826016634	0.0
1.8130026340237735	-0.4962454508538821	0.0
1.814503464018826	-0.49700660228861127	0.0
1.8160042940138788	-0.4977598051166513	0.0
1.8175051240089317	-0.49850505198229533	0.0
1.8190059540039842	-0.4992423356600093	0.0
1.8205067839990372	-0.49997164905299724	0.0
1.82200761399409	-0.5006929851794814	0.0
1.8235084439891427	-0.5014063371726618	0.0
1.8250092739841954	-0.5021116982859163	0.0
1.8265101039792484	-0.5028090618988807	0.0
1.8280109339743014	-0.5034984215085263	0.0
1.8295117639693539	-0.5041797707433197	0.0
1.8310125939644066	-0.5048531033360506	0.0
1.8325134239594596	-0.5055184131307822	0.0
1.8340142539545121	-0.5061756941231627	0.0
1.835515083949565	-0.50682494041811	0.0
1.837015913944618	-0.5074661462269261	0.0
1.8385167439396708	-0.5080993058958312	0.0
1.8400175739347233	-0.5087244138894695	0.0
1.8415184039297763	-0.5093414647939412	0.0
1.8430192339248292	-0.5099504533135146	0.0
1.8445200639198818	-0.5105513742759378	0.0
1.8460208939149347	-0.5111442226372307	0.0
1.8475217239099875	-0.5117289934624751	0.0
1.84902255390504	-0.512305681942837	0.0
1.850523383900093	-0.5128742833936658	0.0
1.852024213895146	-0.5134347932535602	0.0
1.8535250438901987	-0.5139872070808247	0.0
1.8550258738852514	-0.5145315205492257	0.0
1.8565267038803042	-0.5150677294625003	0.0
1.8580275338753571	-0.5155958297420891	0.0
1.8595283638704097	-0.5161158174268103	0.0
1.8610291938654626	-0.5166276886848247	0.0
1.8625300238605154	-0.5171314398047849	0.0
1.864030853855568	-0.5176270671921537	0.0
1.8655316838506208	-0.5181145673729904	0.0
1.8670325138456738	-0.5185939370057655	0.0
1.8685333438407268	-0.5190651728611628	0.0
1.8700341738357793	-0.519528271826163	0.0
1.871535003830832	-0.5199832309202287	0.0
1.873035833825885	-0.5204300472808732	0.0
1.8745366638209375	-0.5208687181639263	0.0
1.8760374938159905	-0.5212992409392214	0.0
1.8775383238110435	-0.5217216131152138	0.0
1.8790391538060962	-0.5221358323119074	0.0
1.8805399838011487	-0.522541896264002	0.0
1.8820408137962017	-0.5229398028377272	0.0
1.8835416437912547	-0.5233295500066373	0.0
1.8850424737863072	-0.5237111358766738	0.0
1.88654330378136	-0.5240845586778872	0.0
1.888044133776413	-0.5244498167478535	0.0
1.8895449637714654	-0.5248069085436466	0.0
1.8910457937665184	-0.5251558326453023	0.0
1.8925466237615713	-0.5254965877610233	0.0
1.894047453756624	-0.5258291727143717	0.0
1.8955482837516766	-0.5261535864427229	0.0
1.8970491137467296	-0.526469828002973	0.0
1.8985499437417825	-0.5267778965784058	0.0
1.900050773736835	-0.5270777914645409	0.0
1.901551603731888	-0.5273695120741353	0.0
1.9030524337269408	-0.5276530579530796	0.0
1.9045532637219937	-0.5279284287474572	0.0
1.9060540937170463	-0.5281956242238406	0.0
1.9075549237120992	-0.5284546442782178	0.0
1.909055753707152	-0.5287054889201039	0.0
1.9105565837022047	-0.5289481582704052	0.0
1.9120574136972575	-0.5291826525670011	0.0
1.9135582436923104	-0.5294089721702684	0.0
1.915059073687363	-0.5296271175590672	0.0
1.916559903682416	-0.5298370893265888	0.0
1.9180607336774687	-0.5300388881769736	0.0
1.9195615636725216	-0.5302325149298177	0.0
1.9210623936675741	-0.5304179705325794	0.0
1.922563223662627	-0.5305952560452093	0.0
1.92406405365768	-0.5307643726293466	0.0
1.9255648836527326	-0.5309253215752483	0.0
1.9270657136477853	-0.5310781042852111	0.0
1.9285665436428383	-0.531222722274258	0.0
1.9300673736378908	-0.5313591771760744	0.0
1.9315682036329438	-0.5314874707310591	0.0
1.9330690336279968	-0.5316076047944611	0.0
1.9345698636230495	-0.5317195813384696	0.0
1.936070693618102	-0.5318234024501424	0.0
1.937571523613155	-0.5319190703240084	0.0
1.939072353608208	-0.532006587267821	0.0
1.9405731836032605	-0.5320859557090096	0.0
1.9420740135983134	-0.5321571781841979	0.0
1.9435748435933662	-0.5322202573360972	0.0
1.9450756735884192	-0.532275195917962	0.0
1.9465765035834717	-0.5323219968026935	0.0
1.9480773335785246	-0.5323606629704831	0.0
1.9495781635735774	-0.532391197507118	0.0
1.95107899356863	-0.5324136036129082	0.0
1.9525798235636829	-0.5324278845980159	0.0
1.9540806535587358	-0.5324340438824153	0.0
1.9555814835537884	-0.5324320849990778	0.0
1.9570823135488413	-0.5324220115806946	0.0
1.958583143543894	-0.532403827370979	0.0
1.960083973538947	-0.5323775362262555	0.0
1.9615848035339996	-0.5323431421123423	0.0
1.9630856335290525	-0.5323006490979463	0.0
1.9645864635241053	-0.5322500613559409	0.0
1.966087293519158	-0.5321913831708052	0.0
1.9675881235142108	-0.5321246189368857	0.0
1.9690889535092637	-0.5320497731538861	0.0
1.9705897835043162	-0.5319668504159212	0.0
1.9720906134993692	-0.5318758554380572	0.0
1.973591443494422	-0.531776793033379	0.0
1.975092273489475	-0.5316696681168624	0.0
1.9765931034845274	-0.531554485713726	0.0
1.9780939334795804	-0.5314312509494387	0.0
1.9795947634746334	-0.5312999690630894	0.0
1.981095593469686	-0.5311606453896631	0.0
1.9825964234647386	-0.531013285357576	0.0
1.9840972534597916	-0.5308578945125357	0.0
1.9855980834548446	-0.5306944785023301	0.0
1.987098913449897	-0.5305230430678018	0.0
1.98859974344495	-0.5303435940611054	0.0
1.9901005734400028	-0.530156137433887	0.0
1.9916014034350553	-0.5299606792325056	0.0
1.9931022334301083	-0.5297572256097006	0.0
1.9946030634251612	-0.5295457828154384	0.0
1.9961038934202138	-0.5293263572047429	0.0
1.9976047234152667	-0.5290989552310282	0.0
1.9991055534103195	-0.5288635834451101	0.0
2.0006063834053722	-0.528620248501467	0.0
2.002107213400425	-0.5283689571446648	0.0
2.0036080433954777	-0.5281097162234377	0.0
2.005108873390531	-0.5278425326889626	0.0
2.006609703385583	-0.5275674135824178	0.0
2.0081105333806364	-0.5272843660499508	0.0
2.009611363375689	-0.5269933973286915	0.0
2.011112193370742	-0.5266945147493611	0.0
2.0126130233657946	-0.5263877257520174	0.0
2.0141138533608474	-0.5260730378635552	0.0
2.0156146833559005	-0.5257504587087748	0.0
2.017115513350953	-0.5254199960128373	0.0
2.0186163433460056	-0.5250816575896693	0.0
2.020117173341059	-0.5247354513461826	0.0
2.021618003336111	-0.524381385289166	0.0
2.0231188333311643	-0.5240194675208405	0.0
2.024619663326217	-0.5236497062337582	0.0
2.0261204933212698	-0.5232721097204723	0.0
2.0276213233163225	-0.5228866863581023	0.0
2.0291221533113752	-0.522493444616899	0.0
2.0306229833064284	-0.5220923930721428	0.0
2.0321238133014807	-0.5216835403806701	0.0
2.0336246432965335	-0.5212668952915183	0.0
2.0351254732915867	-0.520842466652433	0.0
2.036626303286639	-0.5204102634002851	0.0
2.038127133281692	-0.5199702945584573	0.0
2.039627963276745	-0.5195225692457368	0.0
2.0411287932717976	-0.5190670966720572	0.0
2.0426296232668504	-0.518603886135753	0.0
2.044130453261903	-0.5181329470271047	0.0
2.0456312832569563	-0.5176542888256388	0.0
2.0471321132520086	-0.5171679211041277	0.0
2.048632943247062	-0.5166738535190103	0.0
2.0501337732421145	-0.5161720958138059	0.0
2.0516346032371673	-0.5156626578277881	0.0
2.05313543323222	-0.5151455494916352	0.0
2.0546362632272728	-0.5146207808150418	0.0
2.0561370932223255	-0.5140883619020022	0.0
2.0576379232173783	-0.5135483029471055	0.0
2.059138753212431	-0.5130006142186733	0.0
2.060639583207484	-0.5124453060841793	0.0
2.0621404132025365	-0.5118823889993329	0.0
2.0636412431975897	-0.5113118735026677	0.0
2.0651420731926424	-0.5107337702207025	0.0
2.066642903187695	-0.5101480898690425	0.0
2.068143733182748	-0.5095548432417413	0.0
2.0696445631778007	-0.5089540412225797	0.0
2.071145393172854	-0.5083456947888488	0.0
2.072646223167906	-0.507729814990796	0.0
2.074147053162959	-0.507106412972101	0.0
2.075647883158012	-0.5064754999625796	0.0
2.0771487131530644	-0.5058370872733385	0.0
2.0786495431481176	-0.5051911862985609	0.0
2.0801503731431703	-0.504537808522834	0.0
2.081651203138223	-0.5038769655108205	0.0
2.083152033133276	-0.5032086689125373	0.0
2.0846528631283285	-0.5025329304652968	0.0
2.0861536931233817	-0.5018497619817227	0.0
2.087654523118434	-0.5011591753698719	0.0
2.089155353113487	-0.5004611826162277	0.0
2.09065618310854	-0.49975579578221896	0.0
2.0921570131035927	-0.49904302701888575	0.0
2.0936578430986454	-0.498322888566803	0.0
2.095158673093698	-0.4975953927434025	0.0
2.096659503088751	-0.4968605519498608	0.0
2.0981603330838037	-0.496118378668462	0.0
2.0996611630788564	-0.4953688854605564	0.0
2.1011619930739096	-0.4946120849806458	0.0
2.102662823068962	-0.4938479899566534	0.0
2.104163653064015	-0.49307661319956314	0.0
2.105664483059068	-0.492297967601547	0.0
2.1071653130541206	-0.4915120661415934	0.0
2.1086661430491733	-0.4907189218788883	0.0
2.110166973044226	-0.4899185479456456	0.0
2.111667803039279	-0.48911095756344836	0.0
2.1131686330343316	-0.48829616403548803	0.0
2.1146694630293843	-0.48747418074942606	0.0
2.1161702930244375	-0.4866450211610292	0.0
2.11767112301949	-0.48580869881255484	0.0
2.119171953014543	-0.4849652273371865	0.0
2.1206727830095957	-0.4841146204358604	0.0
2.1221736130046485	-0.4832568918942339	0.0
2.123674442999701	-0.48239205558329407	0.0
2.125175272994754	-0.4815201254445771	0.0
2.126676102989807	-0.4806411155071476	0.0
2.1281769329848594	-0.47975503988157325	0.0
2.129677762979912	-0.47886191275507467	0.0
2.1311785929749654	-0.4779617483975094	0.0
2.132679422970018	-0.4770545611538961	0.0
2.134180252965071	-0.47614036545208244	0.0
2.1356810829601236	-0.4752191758020355	0.0
2.1371819129551763	-0.4742910067902482	0.0
2.138682742950229	-0.473355873079185	0.0
2.140183572945282	-0.47241378941596546	0.0
2.141684402940335	-0.47146477063722303	0.0
2.1431852329353873	-0.4705088316416701	0.0
2.1446860629304405	-0.4695459874152288	0.0
2.1461868929254933	-0.46857625302420375	0.0
2.147687722920546	-0.4675996436046802	0.0
2.1491885529155987	-0.46661617438978015	0.0
2.1506893829106515	-0.46562586068039985	0.0
2.1521902129057042	-0.46462871785267607	0.0
2.153691042900757	-0.46362476137095493	0.0
2.1551918728958097	-0.46261400677657055	0.0
2.156692702890863	-0.46159646968874835	0.0
2.158193532885915	-0.46057216580031135	0.0
2.1596943628809684	-0.45954111089065747	0.0
2.161195192876021	-0.4585033208189402	0.0
2.162696022871074	-0.45745881151145285	0.0
2.1641968528661266	-0.4564075989888427	0.0
2.1656976828611794	-0.45534969934586406	0.0
2.1671985128562326	-0.4542851287449824	0.0
2.168699342851285	-0.45321390343958556	0.0
2.1702001728463376	-0.4521360397575284	0.0
2.171701002841391	-0.4510515541089677	0.0
2.1732018328364435	-0.44996046297572734	0.0
2.1747026628314963	-0.44886278292260956	0.0
2.176203492826549	-0.4477585305971157	0.0
2.1777043228216018	-0.4466477227110964	0.0
2.1792051528166545	-0.44553037607157836	0.0
2.1807059828117072	-0.4444065075561178	0.0
2.1822068128067604	-0.44327613412237027	0.0
2.1837076428018127	-0.4421392728023185	0.0
2.1852084727968655	-0.44099594070842996	0.0
2.1867093027919187	-0.4398461550390766	0.0
2.1882101327869714	-0.43868993305691556	0.0
2.189710962782024	-0.43752729211452623	0.0
2.191211792777077	-0.43635824964128306	0.0
2.1927126227721296	-0.43518282313608453	0.0
2.1942134527671824	-0.4340010301886229	0.0
2.195714282762235	-0.4328128884602922	0.0
2.1972151127572883	-0.43161841568340453	0.0
2.198715942752341	-0.4304176296796484	0.0
2.200216772747394	-0.42921054834773203	0.0
2.2017176027424465	-0.4279971896576503	0.0
2.2032184327374993	-0.42677757166414426	0.0
2.204719262732552	-0.42555171249989604	0.0
2.2062200927276048	-0.42431963036474113	0.0
2.2077209227226575	-0.4230813435460483	0.0
2.2092217527177103	-0.42183687041506884	0.0
2.210722582712763	-0.42058622940923934	0.0
2.212223412707816	-0.41932943904589964	0.0
2.213724242702869	-0.41806651792248645	0.0
2.2152250726979217	-0.4167974847126028	0.0
2.2167259026929744	-0.4155223581737535	0.0
2.218226732688027	-0.4142411571376936	0.0
2.21972756268308	-0.4129539005071726	0.0
2.2212283926781327	-0.4116606072609491	0.0
2.222729222673186	-0.4103612964695132	0.0
2.224230052668238	-0.409055987274807	0.0
2.225730882663291	-0.40774469889083753	0.0
2.227231712658344	-0.40642745061424457	0.0
2.228732542653397	-0.40510426181433074	0.0
2.2302333726484496	-0.4037751519388303	0.0
2.2317342026435023	-0.40244014051558386	0.0
2.233235032638555	-0.4010992471522064	0.0
2.234735862633608	-0.3997524915231212	0.0
2.2362366926286605	-0.3983998933843875	0.0
2.2377375226237137	-0.39704147257417266	0.0
2.2392383526187665	-0.3956772489973643	0.0
2.2407391826138188	-0.3943072426422897	0.0
2.242240012608872	-0.3929314735791148	0.0
2.2437408426039247	-0.3915499619408252	0.0
2.2452416725989774	-0.390162727943047	0.0
2.24674250259403	-0.38876979188481187	0.0
2.248243332589083	-0.3873711741288223	0.0
2.2497441625841357	-0.3859668951174891	0.0
2.2512449925791884	-0.38455697537815786	0.0
2.2527458225742416	-0.3831414355041183	0.0
2.2542466525692944	-0.3817202961625433	0.0
2.255747482564347	-0.38029357811019593	0.0
2.2572483125594	-0.37886130216112857	0.0
2.2587491425544526	-0.3774234892151324	0.0
2.2602499725495053	-0.37598016025269715	0.0
2.261750802544558	-0.3745313363109606	0.0
2.263251632539611	-0.3730770385182217	0.0
2.2647524625346636	-0.37161728807375616	0.0
2.2662532925297163	-0.3701521062491351	0.0
2.2677541225247695	-0.3686815143950645	0.0
2.2692549525198222	-0.3672055339260053	0.0
2.270755782514875	-0.3657241863367727	0.0
2.2722566125099277	-0.36423749320202614	0.0
2.2737574425049805	-0.3627454761638004	0.0
2.275258272500033	-0.3612481569373187	0.0
2.276759102495086	-0.35974555730816016	0.0
2.278259932490139	-0.35823769914438164	0.0
2.279760762485192	-0.35672460438386444	0.0
2.281261592480244	-0.3552062950296993	0.0
2.2827624224752974	-0.3536827931677017	0.0
2.28426325247035	-0.35215412095141896	0.0
2.285764082465403	-0.35062030060299487	0.0
2.2872649124604556	-0.34908135442701904	0.0
2.2887657424555083	-0.3475373047945502	0.0
2.290266572450561	-0.3459881741385017	0.0
2.291767402445614	-0.3444339849732835	0.0
2.293268232440667	-0.34287475988575905	0.0
2.2947690624357198	-0.3413105215289262	0.0
2.2962698924307725	-0.33974129263270314	0.0
2.2977707224258253	-0.33816709598718986	0.0
2.299271552420878	-0.33658795445759204	0.0
2.3007723824159307	-0.33500389098446537	0.0
2.3022732124109835	-0.3334149285706202	0.0
2.3037740424060362	-0.33182109028991097	0.0
2.3052748724010894	-0.3302223992827649	0.0
2.3067757023961417	-0.3286188787651162	0.0
2.308276532391195	-0.32701055201789603	0.0
2.3097773623862476	-0.3253974423872989	0.0
2.3112781923813004	-0.32377957328603274	0.0
2.312779022376353	-0.3221569682036621	0.0
2.314279852371406	-0.32052965069293726	0.0
2.3157806823664586	-0.31889764436632523	0.0
2.3172815123615114	-0.31726097290887223	0.0
2.318782342356564	-0.31561966007394826	0.0
2.3202831723516173	-0.3139737296770819	0.0
2.3217840023466696	-0.31232320560139815	0.0
2.323284832341723	-0.31066811179579645	0.0
2.3247856623367755	-0.3090084722669125	0.0
2.3262864923318283	-0.3073443110931704	0.0
2.327787322326881	-0.3056756524195559	0.0
2.3292881523219338	-0.304002520455045	0.0
2.3307889823169865	-0.3023249394612855	0.0
2.3322898123120392	-0.300642933766438	0.0
2.3337906423070924	-0.29895652776796505	0.0
2.335291472302145	-0.2972657459239705	0.0
2.3367923022971975	-0.29557061275417806	0.0
2.3382931322922507	-0.2938711528354816	0.0
2.3397939622873034	-0.2921673908090827	0.0
2.341294792282356	-0.29045935137410017	0.0
2.342795622277409	-0.2887470592967829	0.0
2.3442964522724616	-0.28703053939936585	0.0
2.345797282267515	-0.2853098165593228	0.0
2.347298112262567	-0.2835849157196525	0.0
2.3487989422576203	-0.28185586187802625	0.0
2.350299772252673	-0.2801226800949098	0.0
2.351800602247726	-0.2783853954792088	0.0
2.3533014322427785	-0.2766440332059007	0.0
2.3548022622378313	-0.27489861850962655	0.0
2.356303092232884	-0.2731491766690851	0.0
2.3578039222279368	-0.2713957330233303	0.0
2.3593047522229895	-0.2696383129694865	0.0
2.3608055822180427	-0.26787694196424966	0.0
2.362306412213095	-0.2661116455165121	0.0
2.363807242208148	-0.2643424491780284	0.0
2.365308072203201	-0.2625693785649683	0.0
2.3668089021982537	-0.2607924593497799	0.0
2.3683097321933064	-0.2590117172416001	0.0
2.369810562188359	-0.25722717801851624	0.0
2.371311392183412	-0.2554388675032234	0.0
2.3728122221784647	-0.25364681156630364	0.0
2.374313052173518	-0.25185103613618876	0.0
2.3758138821685706	-0.25005156718922505	0.0
2.377314712163623	-0.24824843074688194	0.0
2.378815542158676	-0.24644165287597913	0.0
2.380316372153729	-0.24463125970455876	0.0
2.3818172021487816	-0.24281727740565995	0.0
2.3833180321438343	-0.2409997321914814	0.0
2.384818862138887	-0.2391786503215383	0.0
2.3863196921339402	-0.2373540581122322	0.0
2.3878205221289925	-0.23552598192039498	0.0
2.3893213521240457	-0.23369444814301876	0.0
2.3908221821190985	-0.23185948322819955	0.0
2.3923230121141508	-0.2300211136647352	0.0
2.393823842109204	-0.22817936598427713	0.0
2.3953246721042567	-0.226334266767651	0.0
2.3968255020993094	-0.22448584263163812	0.0
2.398326332094362	-0.222634120237307	0.0
2.399827162089415	-0.22077912628743662	0.0
2.401327992084468	-0.21892088752547106	0.0
2.4028288220795204	-0.21705943073460504	0.0
2.4043296520745736	-0.21519478273578047	0.0
2.4058304820696264	-0.21332697039242882	0.0
2.407331312064679	-0.21145602060121854	0.0
2.408832142059732	-0.20958196030133325	0.0
2.4103329720547846	-0.2077048164732193	0.0
2.4118338020498373	-0.20582461612451491	0.0
2.41333463204489	-0.2039413863032068	0.0
2.414835462039943	-0.20205515409708386	0.0
2.416336292034996	-0.20016594662062043	0.0
2.4178371220300483	-0.19827379102265752	0.0
2.4193379520251015	-0.1963787144914914	0.0
2.4208387820201542	-0.1944807442520886	0.0
2.422339612015207	-0.19257990755946147	0.0
2.4238404420102597	-0.19067623169333037	0.0
2.4253412720053125	-0.18876974396543283	0.0
2.4268421020003657	-0.1868604717227484	0.0
2.428342931995418	-0.18494844234139263	0.0
2.429843761990471	-0.18303368322868785	0.0
2.431344591985524	-0.18111622181719433	0.0
2.432845421980576	-0.17919608557129046	0.0
2.4343462519756294	-0.17727330198492847	0.0
2.435847081970682	-0.17534789857380007	0.0
2.437347911965735	-0.17341990287615455	0.0
2.4388487419607876	-0.17148934246681102	0.0
2.4403495719558403	-0.16955624493951738	0.0
2.4418504019508935	-0.16762063790979903	0.0
2.443351231945946	-0.16568254902771762	0.0
2.444852061940999	-0.16374200595956984	0.0
2.4463528919360518	-0.16179903639300786	0.0
2.447853721931104	-0.1598536680410938	0.0
2.4493545519261573	-0.1579059286356302	0.0
2.45085538192121	-0.15595584593060396	0.0
2.452356211916263	-0.15400344770310986	0.0
2.4538570419113155	-0.1520487617464174	0.0
2.4553578719063682	-0.15009181587706527	0.0
2.4568587019014214	-0.14813263792533188	0.0
2.4583595318964737	-0.1461712557371901	0.0
2.459860361891527	-0.14420769718416437	0.0
2.4613611918865796	-0.1422419901460215	0.0
2.4628620218816324	-0.14027416252869362	0.0
2.464362851876685	-0.1383042422464123	0.0
2.465863681871738	-0.13633225722598485	0.0
2.467364511866791	-0.1343582354186364	0.0
2.4688653418618434	-0.1323822047793734	0.0
2.470366171856896	-0.1304041932790565	0.0
2.4718670018519493	-0.1284242289009095	0.0
2.4733678318470016	-0.12644233964544677	0.0
2.474868661842055	-0.12445855352133361	0.0
2.4763694918371075	-0.12247289854023385	0.0
2.4778703218321603	-0.12048540273068747	0.0
2.479371151827213	-0.11849609413761525	0.0
2.4808719818222658	-0.11650500080449344	0.0
2.482372811817319	-0.11451215078544696	0.0
2.4838736418123712	-0.11251757214676128	0.0
2.4853744718074244	-0.11052129295498758	0.0
2.486875301802477	-0.10852334129553814	0.0
2.4883761317975295	-0.10652374524567854	0.0
2.4898769617925827	-0.10452253288373986	0.0
2.4913777917876354	-0.10251973231693351	0.0
2.492878621782688	-0.1005153716478846	0.0
2.494379451777741	-0.09850947897277912	0.0
2.4958802817727936	-0.0965020823975925	0.0
2.497381111767847	-0.09449321002948752	0.0
2.498881941762899	-0.09248288997693971	0.0
2.5003827717579523	-0.09047115035781256	0.0
2.501883601753005	-0.08845801928898217	0.0
2.503384431748058	-0.08644352488024559	0.0
2.5048852617431105	-0.08442769524098248	0.0
2.5063860917381633	-0.08241055848812523	0.0
2.5078869217332165	-0.08039214274263046	0.0
2.509387751728269	-0.07837247611255993	0.0
2.5108885817233215	-0.0763515867057144	0.0
2.5123894117183747	-0.07432950262945459	0.0
2.513890241713427	-0.07230625198811508	0.0
2.51539107170848	-0.07028186288439714	0.0
2.516891901703533	-0.0682563634158776	0.0
2.5183927316985857	-0.06622978167117488	0.0
2.5198935616936384	-0.06420214573737842	0.0
2.521394391688691	-0.06217348370319703	0.0
2.5228952216837444	-0.06014382364153531	0.0
2.5243960516787967	-0.058113193618286096	0.0
2.5258968816738494	-0.05608162169669456	0.0
2.5273977116689026	-0.05404913594054378	0.0
2.528898541663955	-0.0520157643927634	0.0
2.530399371659008	-0.04998153508431086	0.0
2.531900201654061	-0.047946476054092024	0.0
2.5334010316491136	-0.04591061532590873	0.0
2.5349018616441663	-0.04387398090506356	0.0
2.536402691639219	-0.04183660079628143	0.0
2.5379035216342722	-0.03979850299396137	0.0
2.5394043516293245	-0.037759715477458766	0.0
2.5409051816243777	-0.03572026621421137	0.0
2.5424060116194305	-0.03368018315539867	0.0
2.5439068416144828	-0.031639494252127975	0.0
2.545407671609536	-0.02959822744395174	0.0
2.5469085016045887	-0.02755641063819958	0.0
2.5484093315996414	-0.025514071737854638	0.0
2.549910161594694	-0.02347123865087397	0.0
2.551410991589747	-0.02142793924932901	0.0
2.5529118215848	-0.019384201390483358	0.0
2.5544126515798524	-0.01734005292969376	0.0
2.5559134815749056	-0.015295521694908776	0.0
2.5574143115699584	-0.013250635506172337	0.0
2.558915141565011	-0.011205422169108359	0.0
2.560415971560064	-0.00915990945817391	0.0
2.5619168015551166	-0.007114125145585126	0.0
2.5634176315501698	-0.0050680969900259165	0.0
2.564918461545222	-0.003021852718709417	0.0
2.566419291540275	-0.0009754200510647681	0.0
2.567920121535328	0.0010711733190594264	0.0
2.5694209515303803	0.003117899714115524	0.0
2.5709217815254335	0.005164731469961714	0.0
2.5724226115204862	0.007211640947861253	0.0
2.573923441515539	0.009258600522860316	0.0
2.5754242715105917	0.011305582594906827	0.0
2.5769251015056445	0.013352559581059908	0.0
2.5784259315006977	0.015399503922874369	0.0
2.57992676149575	0.017446388080247566	0.0
2.581427591490803	0.019493184526754248	0.0
2.582928421485856	0.021539865767330024	0.0
2.584429251480908	0.023586404322624765	0.0
2.5859300814759614	0.02563277273553033	0.0
2.587430911471014	0.027678943576354753	0.0
2.588931741466067	0.029724889435614743	0.0
2.5904325714611196	0.03177058292139834	0.0
2.5919334014561723	0.033815996667524606	0.0
2.5934342314512255	0.035861103331503774	0.0
2.594935061446278	0.03790587559251529	0.0
2.596435891441331	0.03995028615878454	0.0
2.5979367214363838	0.041994307757443894	0.0
2.5994375514314365	0.04403791313465383	0.0
2.6009383814264893	0.046081075068670485	0.0
2.602439211421542	0.04812376636276633	0.0
2.6039400414165947	0.05016595984013761	0.0
2.6054408714116475	0.052207628352880786	0.0
2.6069417014067002	0.05424874477247604	0.0
2.6084425314017534	0.05628928199994093	0.0
2.6099433613968057	0.058329212970841704	0.0
2.611444191391859	0.06036851062798548	0.0
2.6129450213869116	0.06240714794603747	0.0
2.6144458513819644	0.0644450979307008	0.0
2.615946681377017	0.06648233361607969	0.0
2.61744751137207	0.06851882806168297	0.0
2.618948341367123	0.07055455434198743	0.0
2.6204491713621754	0.0725894855647497	0.0
2.621950001357228	0.07462359486915826	0.0
2.6234508313522813	0.07665685542155048	0.0
2.6249516613473336	0.07868924041617253	0.0
2.626452491342387	0.08072072306787559	0.0
2.6279533213374395	0.08275127662130938	0.0
2.6294541513324923	0.08478087435701503	0.0
2.630954981327545	0.08680948957541657	0.0
2.6324558113225978	0.08883709559890285	0.0
2.633956641317651	0.09086366578992722	0.0
2.6354574713127032	0.09288917353739656	0.0
2.6369583013077564	0.09491359225028834	0.0
2.638459131302809	0.09693689537465122	0.0
2.639959961297862	0.09895905638077257	0.0
2.6414607912929147	0.10098004877115907	0.0
2.6429616212879674	0.10299984607898977	0.0
2.64446245128302	0.10501842186046079	0.0
2.645963281278073	0.107035749695161	0.0
2.6474641112731256	0.10905180321198538	0.0
2.648964941268179	0.11106655606709326	0.0
2.650465771263231	0.11307998191764917	0.0
2.6519666012582843	0.11509205446918813	0.0
2.653467431253337	0.11710274746978439	0.0
2.65496826124839	0.11911203468029019	0.0
2.6564690912434425	0.12111988988952477	0.0
2.6579699212384953	0.12312628693404759	0.0
2.6594707512335485	0.12513119966840036	0.0
2.660971581228601	0.12713460197237808	0.0
2.6624724112236535	0.12913646776116577	0.0
2.6639732412187067	0.13113677097998555	0.0
2.665474071213759	0.13313548561888017	0.0
2.666974901208812	0.1351325856821407	0.0
2.668475731203865	0.1371280452010012	0.0
2.6699765611989177	0.13912183824738444	0.0
2.6714773911939704	0.14111393892056157	0.0
2.672978221189023	0.1431043213499577	0.0
2.6744790511840764	0.14509295970701946	0.0
2.6759798811791287	0.14707982818535076	0.0
2.6774807111741814	0.14906490100081077	0.0
2.6789815411692346	0.1510481524132583	0.0
2.6804823711642873	0.15302955671086638	0.0
2.68198320115934	0.15500908820882386	0.0
2.683484031154393	0.15698672125644275	0.0
2.6849848611494456	0.15896243024026574	0.0
2.6864856911444983	0.16093618957980244	0.0
2.687986521139551	0.16290797371408694	0.0
2.6894873511346042	0.16487775711841574	0.0
2.6909881811296565	0.16684551430572236	0.0
2.6924890111247097	0.16881121981158137	0.0
2.6939898411197625	0.17077484821870442	0.0
2.695490671114815	0.17273637413359394	0.0
2.696991501109868	0.17469577218736942	0.0
2.6984923311049207	0.17665301705233244	0.0
2.6999931610999734	0.17860808342926898	0.0
2.701493991095026	0.18056094606038342	0.0
2.702994821090079	0.18251157971102572	0.0
2.704495651085132	0.18445995918657143	0.0
2.7059964810801844	0.1864060593195297	0.0
2.7074973110752376	0.18834985496908446	0.0
2.7089981410702904	0.19029132104526797	0.0
2.710498971065343	0.19223043247473892	0.0
2.711999801060396	0.19416716422225194	0.0
2.7135006310554486	0.196101491291643	0.0
2.7150014610505018	0.19803338871603116	0.0
2.716502291045554	0.19996283156107364	0.0
2.718003121040607	0.20188979492614678	0.0
2.71950395103566	0.20381425394142472	0.0
2.7210047810307127	0.20573618378099956	0.0
2.7225056110257655	0.20765555965289245	0.0
2.7240064410208182	0.2095723567795199	0.0
2.725507271015871	0.21148655043082215	0.0
2.7270081010109237	0.2133981159207431	0.0
2.7285089310059765	0.2153070285846319	0.0
2.7300097610010297	0.21721326378657513	0.0
2.731510590996082	0.219116796942592	0.0
2.7330114209911347	0.2210176035050298	0.0
2.734512250986188	0.22291565893079307	0.0
2.7360130809812406	0.224810938737313	0.0
2.7375139109762934	0.2267034184815664	0.0
2.739014740971346	0.2285930737426094	0.0
2.740515570966399	0.23047988013542603	0.0
2.7420164009614516	0.23236381331177064	0.0
2.7435172309565043	0.23424484896618314	0.0
2.7450180609515575	0.2361229628230766	0.0
2.7465188909466103	0.23799813064552844	0.0
2.748019720941663	0.23987032822940152	0.0
2.7495205509367158	0.24173953141152754	0.0
2.7510213809317685	0.24360571605419779	0.0
2.7525222109268213	0.24546885806922142	0.0
2.754023040921874	0.2473289334019902	0.0
2.7555238709169267	0.24918591803212914	0.0
2.7570247009119795	0.251039787976136	0.0
2.7585255309070322	0.2528905192929509	0.0
2.7600263609020854	0.2547380880750081	0.0
2.761527190897138	0.2565824704521266	0.0
2.763028020892191	0.2584236425909937	0.0
2.7645288508872436	0.2602615806991403	0.0
2.7660296808822964	0.26209626102483324	0.0
2.767530510877349	0.26392765984509164	0.0
2.769031340872402	0.26575575349286773	0.0
2.770532170867455	0.26758051832133223	0.0
2.7720330008625074	0.2694019307294717	0.0
2.77353383085756	0.2712199671647745	0.0
2.7750346608526133	0.27303460410566316	0.0
2.776535490847666	0.2748458180635369	0.0
2.778036320842719	0.2766535856018653	0.0
2.7795371508377715	0.2784578833277664	0.0
2.7810379808328243	0.2802586878750024	0.0
2.782538810827877	0.282055975919976	0.0
2.7840396408229298	0.2838497241899717	0.0
2.785540470817983	0.28563990945481876	0.0
2.7870413008130357	0.28742650851209584	0.0
2.7885421308080884	0.2892094982098805	0.0
2.790042960803141	0.29098885543954467	0.0
2.791543790798194	0.2927645571315036	0.0
2.7930446207932467	0.2945365802527142	0.0
2.7945454507882994	0.29630490182133085	0.0
2.796046280783352	0.2980694989015748	0.0
2.797547110778405	0.29983034860203117	0.0
2.7990479407734576	0.30158742806884065	0.0
2.800548770768511	0.3033407144844764	0.0
2.8020496007635636	0.3050901850922146	0.0
2.8035504307586163	0.3068358171773281	0.0
2.805051260753669	0.3085775880542569	0.0
2.806552090748722	0.3103154750955202	0.0
2.8080529207437745	0.3120494557212583	0.0
2.8095537507388273	0.31377950738905036	0.0
2.81105458073388	0.315505607614605	0.0
2.812555410728933	0.3172277339526114	0.0
2.8140562407239855	0.31894586400445085	0.0
2.8155570707190387	0.3206599754223348	0.0
2.8170579007140915	0.3223700459052956	0.0
2.818558730709144	0.3240760531896215	0.0
2.820059560704197	0.32577797506885864	0.0
2.8215603906992497	0.32747578938981603	0.0
2.8230612206943024	0.3291694740439387	0.0
2.824562050689355	0.33085900698388593	0.0
2.8260628806844084	0.3325443661903067	0.0
2.827563710679461	0.3342255297023322	0.0
2.8290645406745134	0.3359024756126675	0.0
2.8305653706695666	0.3375751820626313	0.0
2.8320662006646193	0.3392436272543631	0.0
2.833567030659672	0.34090778943337763	0.0
2.835067860654725	0.3425676468987815	0.0
2.8365686906497776	0.34422317799776025	0.0
2.8380695206448303	0.34587436112741365	0.0
2.839570350639883	0.3475211747511505	0.0
2.8410711806349362	0.3491635973797723	0.0
2.842572010629989	0.3508016075862635	0.0
2.8440728406250417	0.35243518398765605	0.0
2.8455736706200945	0.35406430525171995	0.0
2.847074500615147	0.3556889501190375	0.0
2.8485753306102	0.3573090973661631	0.0
2.8500761606052527	0.35892472583674495	0.0
2.8515769906003055	0.36053581444048743	0.0
2.853077820595358	0.3621423421326253	0.0
2.854578650590411	0.3637442879212889	0.0
2.856079480585464	0.36534163087726657	0.0
2.857580310580517	0.3669343501422467	0.0
2.8590811405755696	0.3685224249044265	0.0
2.8605819705706224	0.3701058344064549	0.0
2.862082800565675	0.3716845579663584	0.0
2.863583630560728	0.37325857495623027	0.0
2.8650844605557806	0.3748278648052734	0.0
2.8665852905508338	0.37639240700503007	0.0
2.8680861205458865	0.37795218111329903	0.0
2.869586950540939	0.3795071667415401	0.0
2.871087780535992	0.3810573435750665	0.0
2.8725886105310448	0.3826026913550152	0.0
2.8740894405260975	0.38414318988835267	0.0
2.8755902705211502	0.3856788190535204	0.0
2.877091100516203	0.38720955878408875	0.0
2.8785919305112557	0.3887353890833924	0.0
2.8800927605063085	0.3902562900127753	0.0
2.8815935905013617	0.39177224170274844	0.0
2.8830944204964144	0.3932832243599742	0.0
2.8845952504914667	0.39478921825105634	0.0
2.88609608048652	0.39629020371157764	0.0
2.8875969104815726	0.39778616115204746	0.0
2.8890977404766254	0.399277071036781	0.0
2.890598570471678	0.40076291391289165	0.0
2.892099400466731	0.4022436703914085	0.0
2.893600230461784	0.4037193211444261	0.0
2.8951010604568364	0.4051898469328289	0.0
2.8966018904518895	0.4066552285853566	0.0
2.8981027204469423	0.4081154469869944	0.0
2.899603550441995	0.40957048310935984	0.0
2.9011043804370478	0.411020318003645	0.0
2.9026052104321005	0.4124649327721231	0.0
2.9041060404271533	0.41390430860312727	0.0
2.905606870422206	0.415338426761332	0.0
2.9071077004172587	0.41676726858400615	0.0
2.908608530412312	0.41819081548529896	0.0
2.9101093604073642	0.4196090489551749	0.0
2.9116101904024174	0.42102195055806113	0.0
2.91311102039747	0.42242950193457784	0.0
2.914611850392523	0.4238316848048852	0.0
2.9161126803875757	0.42522848096845567	0.0
2.9176135103826284	0.4266198723028886	0.0
2.919114340377681	0.42800584076026904	0.0
2.920615170372734	0.429386368376984	0.0
2.922116000367787	0.4307614372631292	0.0
2.92361683036284	0.43213102961325484	0.0
2.925117660357892	0.43349512771041904	0.0
2.9266184903529453	0.43485371390860456	0.0
2.928119320347998	0.43620677065201086	0.0
2.929620150343051	0.437554280458806	0.0
2.9311209803381035	0.43889622593729477	0.0
2.9326218103331563	0.44023258977841995	0.0
2.9341226403282095	0.4415633547499618	0.0
2.9356234703232618	0.4428885037100288	0.0
2.937124300318315	0.4442080196010037	0.0
2.9386251303133677	0.4455218854658093	0.0
2.94012596030842	0.4468300844108029	0.0
2.941626790303473	0.44813259962550483	0.0
2.943127620298526	0.44942941441297685	0.0
2.9446284502935787	0.4507205121520543	0.0
2.9461292802886314	0.452005876287577	0.0
2.947630110283684	0.4532854903886998	0.0
2.9491309402787373	0.4545593381111983	0.0
2.9506317702737896	0.4558274031629948	0.0
2.952132600268843	0.4570896693505977	0.0
2.9536334302638956	0.4583461206099846	0.0
2.9551342602589483	0.4595967409507895	0.0
2.956635090254001	0.4608415144591359	0.0
2.958135920249054	0.4620804253264496	0.0
2.9596367502441066	0.4633134578250517	0.0
2.9611375802391593	0.4645405963204429	0.0
2.962638410234212	0.46576182527829707	0.0
2.9641392402292652	0.4669771292605839	0.0
2.9656400702243175	0.468186492927385	0.0
2.9671409002193707	0.4693899010190394	0.0
2.9686417302144235	0.4705873383740485	0.0
2.970142560209476	0.47177878993655725	0.0
2.971643390204529	0.4729642407326902	0.0
2.9731442201995817	0.47414367589883694	0.0
2.974645050194635	0.47531708066337125	0.0
2.976145880189687	0.4764844403468839	0.0
2.9776467101847404	0.47764574037606256	0.0
2.979147540179793	0.47880096625932933	0.0
2.9806483701748454	0.47995010361440654	0.0
2.9821492001698986	0.4810931381695127	0.0
2.9836500301649513	0.4822300557341949	0.0
2.985150860160004	0.4833608422305937	0.0
2.986651690155057	0.48448548366542005	0.0
2.9881525201501096	0.48560396615590096	0.0
2.9896533501451628	0.4867162759247594	0.0
2.991154180140215	0.4878223992819626	0.0
2.9926550101352682	0.4889223226518822	0.0
2.994155840130321	0.49001603255637294	0.0
2.9956566701253737	0.49110351562418336	0.0
2.9971575001204265	0.4921847585650424	0.0
2.998658330115479	0.4932597482145848	0.0
3.000159160110532	0.49433155757597336	0.0
