0.0	1.9999246264180872	0.0
0.0015008299950527925	1.9999154877167473	0.0
0.003001659990105585	1.9998609393244404	0.0
0.004502489985158378	1.9997653286110562	0.0
0.00600331998021117	1.9996419371063823	0.0
0.0075041499752639615	1.9994905080873204	0.0
0.009004979970316756	1.9993110350098082	0.0
0.010505809965369548	1.9991036440547074	0.0
0.01200663996042234	1.9988680568816954	0.0
0.01350746995547513	1.998603613556576	0.0
0.015008299950527923	1.9983100855993	0.0
0.016509129945580715	1.9979873129349361	0.0
0.01800995994063351	1.9976346221615728	0.0
0.019510789935686303	1.9972514674565203	0.0
0.021011619930739096	1.9968371701300058	0.0
0.022512449925791888	1.9963898776761302	0.0
0.02401327992084468	1.9959068821565644	0.0
0.02551410991589747	1.995385788797376	0.0
0.02701493991095026	1.9948260540504537	0.0
0.028515769906003054	1.9942302484745407	0.0
0.030016599901055846	1.993601945536234	0.0
0.03151742989610864	1.992942821740491	0.0
0.03301825989116143	1.9922531150723506	0.0
0.03451908988621422	1.9915328549453235	0.0
0.03601991988126702	1.990782081831677	0.0
0.037520749876319814	1.9900008064394872	0.0
0.03902157987137261	1.989189053185446	0.0
0.0405224098664254	1.9883468833116962	0.0
0.04202323986147819	1.9874743194131759	0.0
0.043524069856530984	1.9865713836982088	0.0
0.045024899851583776	1.9856381422871314	0.0
0.04652572984663657	1.984674639683752	0.0
0.04802655984168936	1.9836808812659332	0.0
0.04952738983674215	1.9826569067505513	0.0
0.05102821983179494	1.9816027606085664	0.0
0.05252904982684774	1.980518490907276	0.0
0.05402987982190052	1.9794041588852684	0.0
0.05553070981695332	1.9782597834540026	0.0
0.05703153981200611	1.9770853933701207	0.0
0.05853236980705891	1.975881028813175	0.0
0.06003319980211169	1.9746467545462856	0.0
0.06153402979716449	1.973382641988234	0.0
0.06303485979221728	1.9720886902289585	0.0
0.06453568978727008	1.9707649338240394	0.0
0.06603651978232286	1.9694114549696848	0.0
0.06753734977737566	1.9680283100018792	0.0
0.06903817977242845	1.9666155400557734	0.0
0.07053900976748124	1.9651731807759734	0.0
0.07203983976253404	1.963701284903661	0.0
0.07354066975758683	1.9621999076632153	0.0
0.07504149975263963	1.9606690993079883	0.0
0.07654232974769241	1.9591089181331984	0.0
0.07804315974274521	1.957519421777188	0.0
0.079543989737798	1.9559006590525854	0.0
0.0810448197328508	1.9542526839202568	0.0
0.08254564972790358	1.9525755647563485	0.0
0.08404647972295638	1.9508693551003	0.0
0.08554730971800917	1.949134108626922	0.0
0.08704813971306197	1.947369888659894	0.0
0.08854896970811475	1.945576748432442	0.0
0.09004979970316755	1.94375475511627	0.0
0.09155062969822034	1.9419039640937519	0.0
0.09305145969327314	1.940024439117732	0.0
0.09455228968832592	1.9381162718061091	0.0
0.09605311968337872	1.9361795158178614	0.0
0.0975539496784315	1.934214215872381	0.0
0.0990547796734843	1.9322204366949176	0.0
0.10055560966853709	1.9301982423902357	0.0
0.10205643966358988	1.9281477272119418	0.0
0.10355726965864268	1.9260689675933864	0.0
0.10505809965369547	1.9239619996852293	0.0
0.10655892964874826	1.9218268966406977	0.0
0.10805975964380105	1.9196637444281985	0.0
0.10956058963885383	1.9174726150193229	0.0
0.11106141963390664	1.9152535752247717	0.0
0.11256224962895943	1.9130066956411123	0.0
0.11406307962401221	1.9107320498384845	0.0
0.115563909619065	1.908429701509531	0.0
0.11706473961411781	1.9060997370254569	0.0
0.1185655696091706	1.9037422508600654	0.0
0.12006639960422338	1.901357305630075	0.0
0.1215672295992762	1.8989449641951845	0.0
0.12306805959432898	1.8965053037431965	0.0
0.12456888958938177	1.8940384129200878	0.0
0.12606971958443455	1.8915443882946692	0.0
0.12757054957948735	1.8890232908008622	0.0
0.12907137957454015	1.8864751861921836	0.0
0.13057220956959295	1.8839001729155167	0.0
0.13207303956464572	1.8812983275621318	0.0
0.13357386955969852	1.8786697298949724	0.0
0.13507469955475132	1.8760144780553245	0.0
0.1365755295498041	1.8733326510184258	0.0
0.1380763595448569	1.8706243162218756	0.0
0.1395771895399097	1.8678895556279542	0.0
0.1410780195349625	1.8651284563969086	0.0
0.14257884953001526	1.862341115890972	0.0
0.1440796795250681	1.8595276318671101	0.0
0.14558050952012086	1.8566880748396044	0.0
0.14708133951517366	1.8538225201433254	0.0
0.14858216951022643	1.8509310572873345	0.0
0.15008299950527926	1.848013782562808	0.0
0.15158382950033203	1.84507078430695	0.0
0.15308465949538483	1.8421021494349237	0.0
0.1545854894904376	1.8391079716845549	0.0
0.15608631948549043	1.8360883285627903	0.0
0.1575871494805432	1.8330433069644818	0.0
0.159087979475596	1.8299730108874037	0.0
0.16058880947064877	1.8268775309731429	0.0
0.1620896394657016	1.8237569554873063	0.0
0.16359046946075437	1.8206113715776218	0.0
0.16509129945580717	1.8174408633404955	0.0
0.16659212945085994	1.8142455297879598	0.0
0.16809295944591277	1.8110254643941865	0.0
0.16959378944096554	1.807780757573482	0.0
0.17109461943601834	1.8045115108766896	0.0
0.17259544943107114	1.8012178181272382	0.0
0.17409627942612393	1.7978997563655752	0.0
0.1755971094211767	1.7945574242462468	0.0
0.1770979394162295	1.7911909233218102	0.0
0.1785987694112823	1.7878003383287056	0.0
0.1800995994063351	1.7843857822753344	0.0
0.18160042940138788	1.7809473428666376	0.0
0.18310125939644067	1.7774850996701037	0.0
0.18460208939149347	1.7739991599867855	0.0
0.18610291938654627	1.7704896146777556	0.0
0.18760374938159904	1.7669565579917235	0.0
0.18910457937665184	1.7634000962164929	0.0
0.19060540937170464	1.7598203284701412	0.0
0.19210623936675744	1.756217343079621	0.0
0.1936070693618102	1.7525912314321128	0.0
0.195107899356863	1.7489420909459543	0.0
0.1966087293519158	1.7452700315164638	0.0
0.1981095593469686	1.7415751387111507	0.0
0.19961038934202138	1.7378574959384043	0.0
0.20111121933707418	1.7341172358322952	0.0
0.20261204933212695	1.7303544536170843	0.0
0.20411287932717975	1.7265692172001696	0.0
0.20561370932223258	1.7227616316676122	0.0
0.20711453931728535	1.7189318046356068	0.0
0.20861536931233815	1.7150798362955273	0.0
0.21011619930739095	1.7112058106420578	0.0
0.21161702930244372	1.707309830358325	0.0
0.21311785929749652	1.703392015646827	0.0
0.2146186892925493	1.6994524456514881	0.0
0.2161195192876021	1.6954912170874974	0.0
0.21762034928265492	1.6915084333500081	0.0
0.21912117927770766	1.6875041825451522	0.0
0.2206220092727605	1.6834785766018878	0.0
0.2221228392678133	1.6794317173628628	0.0
0.22362366926286606	1.6753636953659736	0.0
0.22512449925791886	1.671274602044604	0.0
0.22662532925297169	1.66716453566819	0.0
0.22812615924802443	1.6630336144051718	0.0
0.22962698924307726	1.6588819371894143	0.0
0.23112781923813	1.6547095865186454	0.0
0.23262864923318283	1.6505166620459257	0.0
0.23412947922823563	1.6463032659300092	0.0
0.2356303092232884	1.642069501530699	0.0
0.2371311392183412	1.6378154618890384	0.0
0.238631969213394	1.633541240904754	0.0
0.24013279920844677	1.6292469426163632	0.0
0.2416336292034996	1.6249326585298165	0.0
0.2431344591985524	1.6205984921655048	0.0
0.24463528919360517	1.6162445542788413	0.0
0.24613611918865796	1.6118709336459107	0.0
0.24763694918371074	1.6074777191583387	0.0
0.24913777917876354	1.6030650172111973	0.0
0.25063860917381636	1.598632936807169	0.0
0.2521394391688691	1.5941815634718601	0.0
0.2536402691639219	1.5897109860435195	0.0
0.2551410991589747	1.585221319790849	0.0
0.2566419291540275	1.580712665393948	0.0
0.2581427591490803	1.5761851145894736	0.0
0.25964358914413305	1.57163876518029	0.0
0.2611444191391859	1.5670737083080841	0.0
0.2626452491342387	1.5624900431796847	0.0
0.26414607912929144	1.5578878800013125	0.0
0.26564690912434424	1.553267316974627	0.0
0.26714773911939704	1.548628440026875	0.0
0.26864856911444984	1.5439713481097828	0.0
0.27014939910950264	1.5392961411867885	0.0
0.27165022910455544	1.5346029129645076	0.0
0.2731510590996082	1.5298917614911267	0.0
0.27465188909466104	1.525162789305697	0.0
0.2761527190897138	1.520416096736427	0.0
0.2776535490847666	1.515651763110712	0.0
0.2791543790798194	1.510869885817758	0.0
0.2806552090748722	1.5060705797554952	0.0
0.282156039069925	1.5012539395770665	0.0
0.2836568690649778	1.496420052470285	0.0
0.2851576990600305	1.4915690138574698	0.0
0.2866585290550834	1.4867009244641791	0.0
0.2881593590501362	1.481815870716012	0.0
0.2896601890451889	1.4769139463777141	0.0
0.2911610190402417	1.4719952639280636	0.0
0.2926618490352945	1.4670599128631416	0.0
0.2941626790303473	1.4621079803127026	0.0
0.2956635090254001	1.457139568218559	0.0
0.29716433902045286	1.4521547682728537	0.0
0.2986651690155057	1.4471536758435533	0.0
0.3001659990105585	1.4421363877946511	0.0
0.30166682900561126	1.437103000922842	0.0
0.30316765900066406	1.4320536029023125	0.0
0.30466848899571686	1.4269882886249032	0.0
0.30616931899076966	1.4219071619145853	0.0
0.30767014898582246	1.4168103028383319	0.0
0.3091709789808752	1.411697805807262	0.0
0.31067180897592805	1.4065697740579544	0.0
0.31217263897098085	1.4014262975972445	0.0
0.3136734689660336	1.3962674725247326	0.0
0.3151742989610864	1.3910933885271182	0.0
0.3166751289561392	1.3859041309253035	0.0
0.318175958951192	1.3806998019189738	0.0
0.3196767889462448	1.3754805014516598	0.0
0.32117761894129754	1.3702463105160638	0.0
0.3226784489363504	1.3649973184608963	0.0
0.3241792789314032	1.3597336249638896	0.0
0.32568010892645594	1.354455326898109	0.0
0.32718093892150873	1.3491625110999417	0.0
0.32868176891656153	1.3438552616037112	0.0
0.33018259891161433	1.3385336740600349	0.0
0.33168342890666713	1.3331978444252697	0.0
0.3331842589017199	1.3278478684087802	0.0
0.3346850888967727	1.3224838325775872	0.0
0.33618591889182553	1.3171058189168574	0.0
0.3376867488868783	1.3117139258159893	0.0
0.3391875788819311	1.3063082517802052	0.0
0.3406884088769839	1.300888882826425	0.0
0.34218923887203667	1.29545590905776	0.0
0.34369006886708947	1.2900094167419633	0.0
0.34519089886214227	1.2845494938699649	0.0
0.346691728857195	1.279076242282346	0.0
0.34819255885224787	1.2735897511288832	0.0
0.3496933888473006	1.2680901019465294	0.0
0.3511942188423534	1.2625773834104677	0.0
0.3526950488374062	1.2570516896227257	0.0
0.354195878832459	1.2515131155912973	0.0
0.3556967088275118	1.2459617491113697	0.0
0.3571975388225646	1.2403976723685364	0.0
0.35869836881761735	1.2348209729683743	0.0
0.3601991988126702	1.2292317515406748	0.0
0.361700028807723	1.2236300955563377	0.0
0.36320085880277575	1.2180160897039207	0.0
0.36470168879782855	1.2123898271781948	0.0
0.36620251879288135	1.2067513862324808	0.0
0.36770334878793415	1.2011008632400388	0.0
0.36920417878298695	1.195438357133036	0.0
0.3707050087780397	1.189763944106404	0.0
0.37220583877309255	1.1840777109134522	0.0
0.37370666876814534	1.1783797484106666	0.0
0.3752074987631981	1.1726701487618698	0.0
0.3767083287582509	1.16694899943871	0.0
0.3782091587533037	1.1612163831850917	0.0
0.3797099887483565	1.1554723909566966	0.0
0.3812108187434093	1.1497171174003453	0.0
0.38271164873846203	1.1439506473378962	0.0
0.3842124787335149	1.138173062458315	0.0
0.3857133087285677	1.1323844586689717	0.0
0.3872141387236204	1.1265849190620125	0.0
0.38871496871867317	1.1207745383628855	0.0
0.390215798713726	1.114953405101695	0.0
0.3917166287087788	1.1091215864212276	0.0
0.3932174587038316	1.1032791860415903	0.0
0.3947182886988844	1.0974263004935516	0.0
0.3962191186939372	1.0915629959541109	0.0
0.39771994868898997	1.0856893669382521	0.0
0.39922077868404277	1.0798055157963522	0.0
0.40072160867909556	1.0739115159584254	0.0
0.40222243867414836	1.0680074521428087	0.0
0.4037232686692012	1.0620934180039145	0.0
0.4052240986642539	1.056169503318489	0.0
0.4067249286593067	1.0502357968827551	0.0
0.4082257586543595	1.044292371616324	0.0
0.40972658864941236	1.0383393203962146	0.0
0.41122741864446516	1.0323767424300643	0.0
0.41272824863951796	1.026404710381858	0.0
0.4142290786345707	1.0204233196741834	0.0
0.4157299086296235	1.0144326618001231	0.0
0.4172307386246763	1.008432810585079	0.0
0.4187315686197291	1.0024238576634998	0.0
0.4202323986147819	0.996405893233286	0.0
0.42173322860983464	0.9903790013747797	0.0
0.42323405860488744	0.9843432704023682	0.0
0.42473488859994024	0.978298790845251	0.0
0.42623571859499304	0.9722456434593635	0.0
0.42773654859004584	0.9661839212728643	0.0
0.4292373785850986	0.9601137157375985	0.0
0.4307382085801514	0.9540351003417669	0.0
0.4322390385752042	0.9479481645342557	0.0
0.43373986857025704	0.9418530050265659	0.0
0.43524069856530984	0.9357497108102961	0.0
0.43674152856036264	0.9296383594003961	0.0
0.4382423585554153	0.923519027901665	0.0
0.4397431885504682	0.9173918196628681	0.0
0.441244018545521	0.911256835197856	0.0
0.4427448485405738	0.9051141452261808	0.0
0.4442456785356266	0.8989638269753847	0.0
0.4457465085306793	0.8928059797450163	0.0
0.4472473385257321	0.8866406934866707	0.0
0.4487481685207849	0.8804680487436425	0.0
0.4502489985158377	0.8742881329422492	0.0
0.4517498285108905	0.8681010392593508	0.0
0.45325065850594337	0.8619068566059613	0.0
0.45475148850099606	0.8557056627649563	0.0
0.45625231849604886	0.8494975549267345	0.0
0.45775314849110166	0.8432826207706547	0.0
0.4592539784861545	0.8370609369997419	0.0
0.4607548084812073	0.8308326008006075	0.0
0.46225563847626	0.8245976983616101	0.0
0.46375646847131285	0.8183563187120757	0.0
0.46525729846636565	0.8121085495093386	0.0
0.46675812846141845	0.8058544735774389	0.0
0.46825895845647125	0.7995941826233148	0.0
0.46975978845152405	0.7933277642010397	0.0
0.4712606184465768	0.7870553080096034	0.0
0.4727614484416296	0.7807769013107859	0.0
0.4742622784366824	0.774492631000387	0.0
0.4757631084317352	0.7682025890312458	0.0
0.477263938426788	0.7619068597720989	0.0
0.47876476842184074	0.755605531998397	0.0
0.48026559841689354	0.7492986945067176	0.0
0.48176642841194633	0.742986436633823	0.0
0.4832672584069992	0.7366688518067372	0.0
0.484768088402052	0.7303460193810359	0.0
0.4862689183971048	0.7240180269084672	0.0
0.4877697483921575	0.7176849721588895	0.0
0.48927057838721033	0.7113469403011727	0.0
0.49077140838226313	0.7050040171014285	0.0
0.49227223837731593	0.6986562932985998	0.0
0.49377306837236873	0.6923038629669054	0.0
0.4952738983674215	0.6859468150521542	0.0
0.49677472836247427	0.6795852291955262	0.0
0.49827555835752707	0.6732191947108335	0.0
0.49977638835257987	0.666848805854479	0.0
0.5012772183476327	0.660474154137545	0.0
0.5027780483426855	0.6540953301014742	0.0
0.5042788783377382	0.6477124192284558	0.0
0.5057797083327911	0.6413255027929141	0.0
0.5072805383278438	0.6349346749166593	0.0
0.5087813683228967	0.6285400391569285	0.0
0.5102821983179494	0.6221416771354585	0.0
0.5117830283130022	0.6157396634743846	0.0
0.513283858308055	0.6093341027021446	0.0
0.5147846883031078	0.6029250877414719	0.0
0.5162855182981606	0.5965126919383139	0.0
0.5177863482932135	0.5900970174522222	0.0
0.5192871782882661	0.5836781592399909	0.0
0.520788008283319	0.5772561939421534	0.0
0.5222888382783718	0.5708312098272945	0.0
0.5237896682734245	0.5644033075079846	0.0
0.5252904982684774	0.5579725789942189	0.0
0.5267913282635301	0.5515391009670553	0.0
0.5282921582585829	0.545102972165165	0.0
0.5297929882536357	0.538664289899985	0.0
0.5312938182486885	0.5322231309085073	0.0
0.5327946482437413	0.5257795832688675	0.0
0.5342954782387941	0.5193337461797494	0.0
0.5357963082338468	0.5128857109978882	0.0
0.5372971382288997	0.5064355635681905	0.0
0.5387979682239524	0.4999833967197784	0.0
0.5402987982190053	0.4935292989923171	0.0
0.5417996282140581	0.48707335517949	0.0
0.5433004582091109	0.48061565655766453	0.0
0.5448012882041636	0.47415629774482443	0.0
0.5463021181992164	0.467695374459419	0.0
0.5478029481942692	0.46123297044773814	0.0
0.5493037781893221	0.45476917170481523	0.0
0.5508046081843748	0.44830407888420654	0.0
0.5523054381794276	0.4418377765553396	0.0
0.5538062681744804	0.4353703487922571	0.0
0.5553070981695332	0.4289018922364387	0.0
0.556807928164586	0.42243249614843204	0.0
0.5583087581596388	0.4159622515273087	0.0
0.5598095881546916	0.4094912533547964	0.0
0.5613104181497444	0.4030195858713844	0.0
0.5628112481447971	0.3965473345792209	0.0
0.56431207813985	0.3900745950045611	0.0
0.5658129081349027	0.3836014609804672	0.0
0.5673137381299556	0.37712801971925913	0.0
0.5688145681250083	0.37065435523918483	0.0
0.570315398120061	0.36418056518545305	0.0
0.5718162281151139	0.3577067451452831	0.0
0.5733170581101668	0.3512329717925178	0.0
0.5748178881052195	0.3447593305024802	0.0
0.5763187181002724	0.33828592459493206	0.0
0.5778195480953251	0.33181284603340483	0.0
0.5793203780903778	0.32534017400892823	0.0
0.5808212080854307	0.31886799958579787	0.0
0.5823220380804834	0.31239641837102516	0.0
0.5838228680755363	0.3059255212492561	0.0
0.585323698070589	0.299455390699587	0.0
0.5868245280656418	0.2929861128723827	0.0
0.5883253580606946	0.28651778734969	0.0
0.5898261880557474	0.28005050053055797	0.0
0.5913270180508002	0.27358433717803166	0.0
0.592827848045853	0.2671193900931112	0.0
0.5943286780409057	0.26065574434366273	0.0
0.5958295080359586	0.25419349199044905	0.0
0.5973303380310114	0.2477327227481081	0.0
0.5988311680260642	0.2412735198092298	0.0
0.600331998021117	0.23481598163083056	0.0
0.6018328280161698	0.22836019594817378	0.0
0.6033336580112225	0.22190623883958568	0.0
0.6048344880062754	0.21545420374591626	0.0
0.6063353180013281	0.20900418164546275	0.0
0.607836147996381	0.20255626305133506	0.0
0.6093369779914337	0.19611053572072462	0.0
0.6108378079864865	0.18966707913546355	0.0
0.6123386379815393	0.18322598487178987	0.0
0.6138394679765921	0.17678734236936433	0.0
0.6153402979716449	0.17035123717020678	0.0
0.6168411279666978	0.16391776215771764	0.0
0.6183419579617504	0.1574870045948496	0.0
0.6198427879568033	0.15105904044470198	0.0
0.6213436179518561	0.14463395777112653	0.0
0.6228444479469089	0.1382118519713505	0.0
0.6243452779419617	0.13179280739245475	0.0
0.6258461079370145	0.1253769100241816	0.0
0.6273469379320672	0.11896424241084924	0.0
0.62884776792712	0.11255489036809718	0.0
0.6303485979221728	0.10614894512791412	0.0
0.6318494279172256	0.09974649100535382	0.0
0.6333502579122784	0.0933476085540183	0.0
0.6348510879073311	0.08695238676577483	0.0
0.636351917902384	0.08056091466847604	0.0
0.6378527478974367	0.07417326759991755	0.0
0.6393535778924896	0.06778953038665153	0.0
0.6408544078875424	0.061409797308284	0.0
0.6423552378825951	0.0550341547243689	0.0
0.6438560678776479	0.04866267373117561	0.0
0.6453568978727008	0.042295435940598536	0.0
0.6468577278677535	0.035932542501074416	0.0
0.6483585578628064	0.029574071057435314	0.0
0.6498593878578591	0.02322009340947062	0.0
0.6513602178529119	0.016870703804326592	0.0
0.6528610478479647	0.010525986629138229	0.0
0.6543618778430175	0.00418601367636684	0.0
0.6558627078380703	-0.002149130755148776	0.0
0.6573635378331231	-0.008479355403995137	0.0
0.6588643678281758	-0.014804581021427954	0.0
0.6603651978232287	-0.021124731547750075	0.0
0.6618660278182814	-0.02743972137020223	0.0
0.6633668578133343	-0.03374947017031388	0.0
0.6648676878083871	-0.04005389944802684	0.0
0.6663685178034398	-0.04635292432656979	0.0
0.6678693477984926	-0.052646462583738396	0.0
0.6693701777935454	-0.05893443815031296	0.0
0.6708710077885982	-0.06521677658694963	0.0
0.6723718377836511	-0.07149339123341153	0.0
0.6738726677787038	-0.07776419860999073	0.0
0.6753734977737565	-0.08402912382623767	0.0
0.6768743277688094	-0.09028809137540172	0.0
0.6783751577638621	-0.09654102529368158	0.0
0.679875987758915	-0.10278783806958014	0.0
0.6813768177539677	-0.10902845262551591	0.0
0.6828776477490205	-0.11526279326017336	0.0
0.6843784777440733	-0.12149078392273865	0.0
0.6858793077391261	-0.12771235204416342	0.0
0.6873801377341789	-0.13392741182736767	0.0
0.6888809677292317	-0.14013588831161006	0.0
0.6903817977242845	-0.146337706602163	0.0
0.6918826277193373	-0.15253278882578408	0.0
0.69338345771439	-0.15872106476397202	0.0
0.6948842877094429	-0.16490245409603566	0.0
0.6963851177044957	-0.1710768754547345	0.0
0.6978859476995485	-0.1772442639971727	0.0
0.6993867776946012	-0.18340454844777926	0.0
0.7008876076896541	-0.1895576462793957	0.0
0.7023884376847068	-0.19570348297225282	0.0
0.7038892676797597	-0.20184198109545548	0.0
0.7053900976748124	-0.20797306803234572	0.0
0.7068909276698653	-0.21409668509813695	0.0
0.708391757664918	-0.22021275245797556	0.0
0.7098925876599708	-0.22632118106647447	0.0
0.7113934176550236	-0.2324219123192579	0.0
0.7128942476500764	-0.23851488321788517	0.0
0.7143950776451292	-0.24460001196433123	0.0
0.715895907640182	-0.2506772230235841	0.0
0.7173967376352347	-0.2567464447077582	0.0
0.7188975676302876	-0.2628076110974513	0.0
0.7203983976253404	-0.2688606562005843	0.0
0.7218992276203932	-0.2749055041184264	0.0
0.723400057615446	-0.28094208654259334	0.0
0.7249008876104988	-0.2869703338698092	0.0
0.7264017176055515	-0.292990170469568	0.0
0.7279025476006044	-0.2990015330929303	0.0
0.7294033775956571	-0.30500435704604023	0.0
0.73090420759071	-0.3109985670837543	0.0
0.7324050375857627	-0.31698409501717995	0.0
0.7339058675808154	-0.32296087803704665	0.0
0.7354066975758683	-0.3289288439760456	0.0
0.736907527570921	-0.3348879249855349	0.0
0.7384083575659739	-0.3408380639055637	0.0
0.7399091875610266	-0.3467791884740731	0.0
0.7414100175560794	-0.3527112218492371	0.0
0.7429108475511322	-0.3586341059592256	0.0
0.7444116775461851	-0.36454777993797327	0.0
0.7459125075412378	-0.3704521787445728	0.0
0.7474133375362907	-0.37634722822140665	0.0
0.7489141675313434	-0.3822328638354384	0.0
0.7504149975263962	-0.3881090354340483	0.0
0.751915827521449	-0.3939756658051311	0.0
0.7534166575165018	-0.3998326869774794	0.0
0.7549174875115546	-0.40568004834058125	0.0
0.7564183175066074	-0.4115176803922349	0.0
0.7579191475016601	-0.4173455158951539	0.0
0.759419977496713	-0.4231634991302067	0.0
0.7609208074917657	-0.4289715669323998	0.0
0.7624216374868186	-0.43476965363135855	0.0
0.7639224674818714	-0.44055769998412075	0.0
0.7654232974769241	-0.44633564196189446	0.0
0.7669241274719769	-0.45210341718135116	0.0
0.7684249574670298	-0.45786096805870335	0.0
0.7699257874620825	-0.4636082343666783	0.0
0.7714266174571354	-0.4693451525808494	0.0
0.772927447452188	-0.4750716608203521	0.0
0.7744282774472409	-0.48078770786719405	0.0
0.7759291074422937	-0.4864932277330454	0.0
0.7774299374373463	-0.4921881521284607	0.0
0.7789307674323993	-0.49787243596928243	0.0
0.780431597427452	-0.5035460211740772	0.0
0.7819324274225049	-0.5092088399164513	0.0
0.7834332574175576	-0.5148608352394295	0.0
0.7849340874126104	-0.5205019510127453	0.0
0.7864349174076632	-0.5261321313900511	0.0
0.787935747402716	-0.5317513185658269	0.0
0.7894365773977688	-0.5373594529230041	0.0
0.7909374073928216	-0.54295648058589	0.0
0.7924382373878744	-0.5485423425886055	0.0
0.7939390673829272	-0.5541169746774789	0.0
0.7954398973779799	-0.5596803274819264	0.0
0.7969407273730328	-0.5652323526149658	0.0
0.7984415573680855	-0.5707729844481537	0.0
0.7999423873631384	-0.5763021675894952	0.0
0.8014432173581911	-0.5818198542340618	0.0
0.8029440473532439	-0.5873259784471333	0.0
0.8044448773482967	-0.592820491084761	0.0
0.8059457073433495	-0.5983033444524829	0.0
0.8074465373384024	-0.6037744677221505	0.0
0.8089473673334551	-0.6092338141624178	0.0
0.8104481973285078	-0.6146813387983557	0.0
0.8119490273235607	-0.6201169756643539	0.0
0.8134498573186134	-0.6255406758423585	0.0
0.8149506873136664	-0.6309523894588799	0.0
0.816451517308719	-0.6363520562458633	0.0
0.8179523473037718	-0.6417396236662042	0.0
0.8194531772988247	-0.647115042526783	0.0
0.8209540072938774	-0.6524782616303839	0.0
0.8224548372889303	-0.6578292261366598	0.0
0.8239556672839831	-0.6631678853368803	0.0
0.8254564972790359	-0.6684941845333875	0.0
0.8269573272740887	-0.6738080690073143	0.0
0.8284581572691414	-0.6791094953173076	0.0
0.8299589872641943	-0.6843984060267916	0.0
0.831459817259247	-0.6896747444902296	0.0
0.8329606472542999	-0.6949384699720857	0.0
0.8344614772493526	-0.7001895324109527	0.0
0.8359623072444053	-0.705427879122276	0.0
0.8374631372394582	-0.7106534528392439	0.0
0.8389639672345109	-0.7158662029993621	0.0
0.8404647972295638	-0.7210660877897053	0.0
0.8419656272246165	-0.7262530522996911	0.0
0.8434664572196693	-0.7314270411139223	0.0
0.8449672872147221	-0.7365880118787249	0.0
0.8464681172097749	-0.7417359177551488	0.0
0.8479689472048277	-0.7468706992369201	0.0
0.8494697771998805	-0.7519923072542041	0.0
0.8509706071949332	-0.7571006977146273	0.0
0.8524714371899861	-0.7621958228408178	0.0
0.8539722671850388	-0.7672776321065176	0.0
0.8554730971800917	-0.7723460731358993	0.0
0.8569739271751444	-0.7774010991831181	0.0
0.8584747571701972	-0.7824426626381842	0.0
0.85997558716525	-0.787470710935837	0.0
0.8614764171603028	-0.7924851966473108	0.0
0.8629772471553557	-0.7974860741407989	0.0
0.8644780771504084	-0.8024732919539171	0.0
0.8659789071454613	-0.8074468029100405	0.0
0.8674797371405141	-0.8124065645000647	0.0
0.8689805671355667	-0.8173525264987014	0.0
0.8704813971306197	-0.8222846294731654	0.0
0.8719822271256723	-0.8272028282566739	0.0
0.8734830571207253	-0.8321070868224374	0.0
0.874983887115778	-0.8369973570032343	0.0
0.8764847171108306	-0.8418735821508617	0.0
0.8779855471058836	-0.846735715274229	0.0
0.8794863771009364	-0.8515837142459615	0.0
0.8809872070959892	-0.8564175286421764	0.0
0.882488037091042	-0.8612371090580064	0.0
0.8839888670860947	-0.8660424096827164	0.0
0.8854896970811476	-0.870833384874128	0.0
0.8869905270762003	-0.8756099859670853	0.0
0.8884913570712532	-0.8803721693566755	0.0
0.8899921870663059	-0.8851198863940272	0.0
0.8914930170613586	-0.8898530880316217	0.0
0.8929938470564115	-0.894571727558771	0.0
0.8944946770514642	-0.8992757562147966	0.0
0.8959955070465171	-0.9039651324799287	0.0
0.8974963370415698	-0.9086398073995519	0.0
0.8989971670366227	-0.9132997295499106	0.0
0.9004979970316754	-0.9179448590115096	0.0
0.9019988270267282	-0.9225751494771259	0.0
0.903499657021781	-0.9271905459106613	0.0
0.9050004870168338	-0.9317910075278859	0.0
0.9065013170118867	-0.9363764915804105	0.0
0.9080021470069394	-0.9409469409349784	0.0
0.9095029770019921	-0.9455023128332583	0.0
0.911003806997045	-0.9500425709564495	0.0
0.9125046369920977	-0.954567660078502	0.0
0.9140054669871507	-0.9590775300696756	0.0
0.9155062969822033	-0.9635721435609711	0.0
0.9170071269772561	-0.9680514485025187	0.0
0.918507956972309	-0.9725153953284804	0.0
0.9200087869673617	-0.9769639462724917	0.0
0.9215096169624146	-0.9813970511916588	0.0
0.9230104469574674	-0.9858146613550629	0.0
0.92451127695252	-0.9902167295175326	0.0
0.926012106947573	-0.9946032119776307	0.0
0.9275129369426257	-0.9989740673331067	0.0
0.9290137669376786	-1.003329244442126	0.0
0.9305145969327313	-1.0076686955709875	0.0
0.932015426927784	-1.0119923728700715	0.0
0.9335162569228369	-1.0163002337216664	0.0
0.9350170869178897	-1.020592234233864	0.0
0.9365179169129425	-1.0248683243487506	0.0
0.9380187469079952	-1.0291284613228693	0.0
0.9395195769030481	-1.0333725945586574	0.0
0.9410204068981008	-1.0376006726404245	0.0
0.9425212368931536	-1.0418126584167564	0.0
0.9440220668882064	-1.0460085080898487	0.0
0.9455228968832592	-1.0501881682335914	0.0
0.947023726878312	-1.0543515933650967	0.0
0.9485245568733648	-1.0584987417674139	0.0
0.9500253868684175	-1.06262956209547	0.0
0.9515262168634704	-1.0667440100481158	0.0
0.9530270468585231	-1.070842045188935	0.0
0.954527876853576	-1.0749236115635652	0.0
0.9560287068486287	-1.0789886637858968	0.0
0.9575295368436815	-1.083037161172751	0.0
0.9590303668387343	-1.087069054731649	0.0
0.9605311968337871	-1.0910843009372488	0.0
0.96203202682884	-1.0950828503826995	0.0
0.9635328568238927	-1.0990646569473177	0.0
0.9650336868189454	-1.1030296795095451	0.0
0.9665345168139984	-1.1069778677273232	0.0
0.968035346809051	-1.11090916954227	0.0
0.969536176804104	-1.1148235460526414	0.0
0.9710370067991567	-1.1187209531289042	0.0
0.9725378367942096	-1.1226013398857915	0.0
0.9740386667892623	-1.1264646633212323	0.0
0.975539496784315	-1.130310875513712	0.0
0.9770403267793679	-1.1341399318412089	0.0
0.9785411567744207	-1.1379517813455475	0.0
0.9800419867694735	-1.1417463753578312	0.0
0.9815428167645263	-1.1455236789336514	0.0
0.983043646759579	-1.1492836483653506	0.0
0.9845444767546319	-1.1530262278675183	0.0
0.9860453067496846	-1.1567513717815356	0.0
0.9875461367447375	-1.1604590362336489	0.0
0.9890469667397902	-1.1641491714831647	0.0
0.990547796734843	-1.1678217398511732	0.0
0.9920486267298958	-1.1714766944035524	0.0
0.9935494567249485	-1.1751139809595887	0.0
0.9950502867200014	-1.1787335612577226	0.0
0.9965511167150541	-1.1823353908252592	0.0
0.9980519467101069	-1.1859194161813327	0.0
0.9995527767051597	-1.1894855975467684	0.0
1.0010536067002125	-1.1930338890549348	0.0
1.0025544366952654	-1.1965642393804254	0.0
1.0040552666903182	-1.2000766089901287	0.0
1.005556096685371	-1.2035709549749727	0.0
1.0070569266804237	-1.207047227957219	0.0
1.0085577566754764	-1.2105053803834198	0.0
1.0100585866705294	-1.213945369518978	0.0
1.0115594166655821	-1.2173671504369996	0.0
1.0130602466606349	-1.2207706767085835	0.0
1.0145610766556876	-1.2241559061204739	0.0
1.0160619066507404	-1.2275227917664047	0.0
1.0175627366457933	-1.2308712908945996	0.0
1.019063566640846	-1.2342013558574538	0.0
1.0205643966358988	-1.2375129378144212	0.0
1.0220652266309516	-1.24080599984921	0.0
1.0235660566260043	-1.2440804985301002	0.0
1.0250668866210573	-1.2473363846678676	0.0
1.02656771661611	-1.2505736148310072	0.0
1.0280685466111628	-1.253792146953268	0.0
1.0295693766062155	-1.2569919303898909	0.0
1.0310702066012682	-1.2601729234830144	0.0
1.0325710365963212	-1.2633350901611138	0.0
1.034071866591374	-1.266478383033268	0.0
1.035572696586427	-1.2696027567466623	0.0
1.0370735265814794	-1.2727081668347089	0.0
1.0385743565765322	-1.275794565459959	0.0
1.0400751865715852	-1.2788619171005522	0.0
1.041576016566638	-1.2819101813919271	0.0
1.0430768465616909	-1.2849393081489606	0.0
1.0445776765567436	-1.2879492583323973	0.0
1.0460785065517963	-1.2909399895028093	0.0
1.047579336546849	-1.2939114565972574	0.0
1.0490801665419018	-1.2968636163901892	0.0
1.0505809965369548	-1.2997964259410955	0.0
1.0520818265320075	-1.3027098497232892	0.0
1.0535826565270603	-1.3056038453490149	0.0
1.055083486522113	-1.3084783636067134	0.0
1.0565843165171658	-1.3113333686265358	0.0
1.0580851465122187	-1.3141688233528739	0.0
1.0595859765072715	-1.3169846789292352	0.0
1.0610868065023242	-1.3197808952703387	0.0
1.062587636497377	-1.3225574355359766	0.0
1.0640884664924297	-1.3253142600750933	0.0
1.0655892964874827	-1.3280513261981723	0.0
1.0670901264825354	-1.3307685909931652	0.0
1.0685909564775882	-1.3334660184481026	0.0
1.070091786472641	-1.3361435677269404	0.0
1.0715926164676937	-1.33880120009496	0.0
1.0730934464627466	-1.341438881556141	0.0
1.0745942764577994	-1.3440565706053518	0.0
1.0760951064528521	-1.3466542191590118	0.0
1.0775959364479049	-1.3492317908846434	0.0
1.0790967664429576	-1.3517892602340402	0.0
1.0805975964380106	-1.354326584694235	0.0
1.0820984264330633	-1.3568437211086173	0.0
1.0835992564281163	-1.359340639397979	0.0
1.0851000864231688	-1.3618172976641065	0.0
1.0866009164182218	-1.3642736545616196	0.0
1.0881017464132745	-1.3667096798830656	0.0
1.0896025764083273	-1.3691253377890336	0.0
1.0911034064033802	-1.371520592421282	0.0
1.0926042363984327	-1.3738954082482329	0.0
1.0941050663934857	-1.3762497513161434	0.0
1.0956058963885384	-1.3785835830453255	0.0
1.0971067263835912	-1.380896866582688	0.0
1.0986075563786442	-1.3831895772206027	0.0
1.100108386373697	-1.385461675023746	0.0
1.1016092163687496	-1.38771312100853	0.0
1.1031100463638024	-1.3899438897429834	0.0
1.1046108763588551	-1.3921539443579585	0.0
1.106111706353908	-1.3943432542052614	0.0
1.1076125363489608	-1.3965117918515757	0.0
1.1091133663440136	-1.3986595176947894	0.0
1.1106141963390663	-1.4007863985647386	0.0
1.112115026334119	-1.402892407717565	0.0
1.113615856329172	-1.4049775164387588	0.0
1.1151166863242248	-1.407041693791098	0.0
1.1166175163192775	-1.4090849068061622	0.0
1.1181183463143303	-1.4111071260236765	0.0
1.1196191763093832	-1.4131083236067739	0.0
1.121120006304436	-1.4150884684321943	0.0
1.1226208362994887	-1.4170475339030957	0.0
1.1241216662945415	-1.4189854907165118	0.0
1.1256224962895942	-1.4209023099506108	0.0
1.1271233262846472	-1.4227979700643267	0.0
1.1286241562797	-1.4246724409407345	0.0
1.1301249862747527	-1.4265256897036722	0.0
1.1316258162698054	-1.4283576994603404	0.0
1.1331266462648582	-1.430168444897967	0.0
1.1346274762599111	-1.4319578899739416	0.0
1.1361283062549639	-1.4337260177483437	0.0
1.1376291362500166	-1.4354728086175907	0.0
1.1391299662450696	-1.437198231178146	0.0
1.140630796240122	-1.4389022618440024	0.0
1.142131626235175	-1.4405848821919323	0.0
1.1436324562302278	-1.4422460637319565	0.0
1.1451332862252805	-1.443885783939087	0.0
1.1466341162203335	-1.4455040313492409	0.0
1.1481349462153863	-1.4471007796711204	0.0
1.149635776210439	-1.4486760047790883	0.0
1.1511366062054917	-1.4502296863526725	0.0
1.1526374362005447	-1.4517618059488688	0.0
1.1541382661955975	-1.4532723509212977	0.0
1.1556390961906502	-1.454761294995058	0.0
1.157139926185703	-1.4562286160174356	0.0
1.1586407561807557	-1.4576743021751517	0.0
1.1601415861758086	-1.4590983402151605	0.0
1.1616424161708614	-1.4605007087544641	0.0
1.1631432461659141	-1.4618813863086795	0.0
1.1646440761609669	-1.463240361785081	0.0
1.1661449061560196	-1.464577622703429	0.0
1.1676457361510726	-1.4658931541062243	0.0
1.1691465661461253	-1.4671869359902798	0.0
1.170647396141178	-1.4684589531775012	0.0
1.1721482261362308	-1.4697092003616083	0.0
1.1736490561312836	-1.4709376615063234	0.0
1.1751498861263365	-1.4721443213550125	0.0
1.1766507161213893	-1.4733291727693283	0.0
1.178151546116442	-1.4744922025780494	0.0
1.1796523761114948	-1.4756333953792375	0.0
1.1811532061065475	-1.4767527440025536	0.0
1.1826540361016005	-1.4778502440144399	0.0
1.1841548660966532	-1.4789258839228645	0.0
1.185655696091706	-1.479979648862438	0.0
1.187156526086759	-1.481011532837294	0.0
1.1886573560818114	-1.4820215344461884	0.0
1.1901581860768644	-1.4830096419304466	0.0
1.1916590160719172	-1.48397584756707	0.0
1.1931598460669701	-1.484920148914142	0.0
1.1946606760620229	-1.485842538079133	0.0
1.1961615060570754	-1.4867430104130461	0.0
1.1976623360521284	-1.4876215631620446	0.0
1.199163166047181	-1.4884781895906767	0.0
1.200663996042234	-1.4893128888096845	0.0
1.2021648260372868	-1.490125660040983	0.0
1.2036656560323395	-1.4909164962048955	0.0
1.2051664860273923	-1.4916853974815658	0.0
1.206667316022445	-1.4924323666541564	0.0
1.208168146017498	-1.4931573998250542	0.0
1.2096689760125507	-1.4938604941304385	0.0
1.2111698060076035	-1.494541652109443	0.0
1.2126706360026562	-1.4952008744165592	0.0
1.214171465997709	-1.4958381650287131	0.0
1.215672295992762	-1.4964535282889577	0.0
1.2171731259878147	-1.4970469616127076	0.0
1.2186739559828674	-1.4976184684824074	0.0
1.2201747859779202	-1.4981680577030663	0.0
1.221675615972973	-1.4986957319806147	0.0
1.2231764459680259	-1.499201490947987	0.0
1.2246772759630786	-1.4996853435560316	0.0
1.2261781059581316	-1.5001473008722552	0.0
1.2276789359531841	-1.5005873644127932	0.0
1.2291797659482369	-1.501005537257973	0.0
1.2306805959432898	-1.5014018325309746	0.0
1.2321814259383426	-1.5017762606701295	0.0
1.2336822559333955	-1.5021288248030091	0.0
1.235183085928448	-1.5024595365937183	0.0
1.2366839159235008	-1.5027684083331665	0.0
1.2381847459185538	-1.5030554454297758	0.0
1.2396855759136065	-1.5033206596630093	0.0
1.2411864059086595	-1.503564064366483	0.0
1.2426872359037122	-1.5037856707447432	0.0
1.2441880658987647	-1.5039854929880565	0.0
1.2456888958938177	-1.5041635430920348	0.0
1.2471897258888704	-1.504319831733601	0.0
1.2486905558839234	-1.504454378099009	0.0
1.2501913858789762	-1.5045671954988722	0.0
1.251692215874029	-1.5046582963474064	0.0
1.2531930458690816	-1.5047276983554487	0.0
1.2546938758641344	-1.504775413158213	0.0
1.2561947058591874	-1.5048014611522817	0.0
1.25769553585424	-1.504805863160885	0.0
1.2591963658492928	-1.5047886335777498	0.0
1.2606971958443456	-1.5047497897083886	0.0
1.2621980258393983	-1.5046893500955207	0.0
1.2636988558344513	-1.5046073340580846	0.0
1.265199685829504	-1.5045037597824888	0.0
1.2667005158245568	-1.5043786502014722	0.0
1.2682013458196095	-1.504232028152686	0.0
1.2697021758146623	-1.5040639094609871	0.0
1.2712030058097152	-1.5038743167711852	0.0
1.272703835804768	-1.5036632779289776	0.0
1.2742046657998207	-1.5034308107580716	0.0
1.2757054957948735	-1.5031769366527203	0.0
1.2772063257899262	-1.502901684355671	0.0
1.2787071557849792	-1.5026050719382633	0.0
1.280207985780032	-1.5022871251246481	0.0
1.2817088157750849	-1.501947876054653	0.0
1.2832096457701374	-1.5015873435696276	0.0
1.2847104757651902	-1.5012055530460804	0.0
1.2862113057602431	-1.500802533063815	0.0
1.2877121357552959	-1.5003783096959165	0.0
1.2892129657503488	-1.4999329126648282	0.0
1.2907137957454016	-1.4994663663361674	0.0
1.292214625740454	-1.4989786985734257	0.0
1.293715455735507	-1.4984699392236043	0.0
1.2952162857305598	-1.497940118645991	0.0
1.2967171157256128	-1.497389266653737	0.0
1.2982179457206655	-1.4968174091018989	0.0
1.2997187757157183	-1.4962245784610815	0.0
1.301219605710771	-1.4956108063268923	0.0
1.3027204357058237	-1.4949761220288265	0.0
1.3042212657008767	-1.4943205583305328	0.0
1.3057220956959295	-1.493644144789453	0.0
1.3072229256909822	-1.4929469163035716	0.0
1.308723755686035	-1.4922289085843568	0.0
1.3102245856810877	-1.4914901451458036	0.0
1.3117254156761406	-1.4907306612230184	0.0
1.3132262456711934	-1.4899505021840558	0.0
1.3147270756662461	-1.4891496966381619	0.0
1.3162279056612989	-1.4883282730904175	0.0
1.3177287356563516	-1.4874862677060048	0.0
1.3192295656514046	-1.4866237190684986	0.0
1.3207303956464573	-1.485740663474108	0.0
1.32223122564151	-1.4848371334851824	0.0
1.3237320556365628	-1.4839131683745839	0.0
1.3252328856316156	-1.482968804016651	0.0
1.3267337156266685	-1.4820040739174916	0.0
1.3282345456217213	-1.4810190192280408	0.0
1.3297353756167742	-1.480013678739844	0.0
1.3312362056118268	-1.4789880846475905	0.0
1.3327370356068795	-1.4779422796104658	0.0
1.3342378656019325	-1.4768763059655	0.0
1.3357386955969852	-1.47579019524277	0.0
1.3372395255920382	-1.474683987888353	0.0
1.3387403555870907	-1.4735577264638238	0.0
1.3402411855821437	-1.4724114449027823	0.0
1.3417420155771964	-1.4712451861020142	0.0
1.3432428455722492	-1.4700589967044835	0.0
1.3447436755673021	-1.4688529113961408	0.0
1.3462445055623549	-1.4676269688151535	0.0
1.3477453355574076	-1.466381214362795	0.0
1.3492461655524604	-1.465115689040864	0.0
1.350746995547513	-1.4638304290341675	0.0
1.352247825542566	-1.4625254793155662	0.0
1.3537486555376188	-1.461200887412311	0.0
1.3552494855326715	-1.4598566921450298	0.0
1.3567503155277243	-1.4584929329447074	0.0
1.358251145522777	-1.4571096521335258	0.0
1.35975197551783	-1.4557068980068937	0.0
1.3612528055128827	-1.4542847082738912	0.0
1.3627536355079355	-1.4528431249067553	0.0
1.3642544655029882	-1.4513822032114716	0.0
1.365755295498041	-1.4499019809868139	0.0
1.367256125493094	-1.4484024945445504	0.0
1.3687569554881467	-1.4468837937807353	0.0
1.3702577854831994	-1.4453459283271026	0.0
1.3717586154782522	-1.4437889374729895	0.0
1.3732594454733051	-1.442212863339023	0.0
1.3747602754683579	-1.4406177552528991	0.0
1.3762611054634106	-1.4390036590921287	0.0
1.3777619354584634	-1.4373706176674963	0.0
1.3792627654535161	-1.4357186728438345	0.0
1.380763595448569	-1.4340478725896328	0.0
1.3822644254436218	-1.4323582685756433	0.0
1.3837652554386746	-1.4306499029300912	0.0
1.3852660854337275	-1.4289228188986758	0.0
1.38676691542878	-1.4271770676231104	0.0
1.388267745423833	-1.4254126915446534	0.0
1.3897685754188858	-1.423629732427174	0.0
1.3912694054139385	-1.4218282445309716	0.0
1.3927702354089915	-1.4200082779300223	0.0
1.3942710654040442	-1.418169868631014	0.0
1.395771895399097	-1.4163130654369742	0.0
1.3972727253941497	-1.4144379266956846	0.0
1.3987735553892024	-1.41254449029671	0.0
1.4002743853842554	-1.410632794226018	0.0
1.4017752153793082	-1.4087029004108018	0.0
1.403276045374361	-1.406754858395199	0.0
1.4047768753694136	-1.4047887035181106	0.0
1.4062777053644664	-1.4028044864259859	0.0
1.4077785353595194	-1.4008022583492858	0.0
1.409279365354572	-1.398782065854792	0.0
1.4107801953496248	-1.3967439570326161	0.0
1.4122810253446776	-1.394687977665404	0.0
1.4137818553397306	-1.3926141728932397	0.0
1.4152826853347833	-1.3905225981325193	0.0
1.416783515329836	-1.388413302319187	0.0
1.4182843453248888	-1.3862863252116329	0.0
1.4197851753199415	-1.3841417137188319	0.0
1.4212860053149945	-1.3819795211624684	0.0
1.4227868353100472	-1.3797997986774893	0.0
1.4242876653051	-1.3776025903462625	0.0
1.4257884953001527	-1.3753879471609225	0.0
1.4272893252952055	-1.3731559144069068	0.0
1.4287901552902584	-1.3709065336359032	0.0
1.4302909852853112	-1.3686398635778165	0.0
1.431791815280364	-1.366355957728295	0.0
1.4332926452754169	-1.3640548498716019	0.0
1.4347934752704694	-1.3617365880663659	0.0
1.4362943052655224	-1.3594012332053085	0.0
1.4377951352605751	-1.3570488297392898	0.0
1.4392959652556279	-1.3546794210566993	0.0
1.4407967952506808	-1.3522930606362742	0.0
1.4422976252457334	-1.3498897946004003	0.0
1.4437984552407863	-1.3474696652899592	0.0
1.445299285235839	-1.3450327285658203	0.0
1.446800115230892	-1.342579035684466	0.0
1.4483009452259448	-1.3401086293316733	0.0
1.4498017752209975	-1.3376215603696169	0.0
1.4513026052160503	-1.3351178759966018	0.0
1.452803435211103	-1.3325976204138403	0.0
1.454304265206156	-1.3300608465821797	0.0
1.4558050952012087	-1.3275076049856318	0.0
1.4573059251962615	-1.3249379418337812	0.0
1.4588067551913142	-1.3223519034989932	0.0
1.460307585186367	-1.3197495379717705	0.0
1.46180841518142	-1.3171308961930221	0.0
1.4633092451764727	-1.3144960255738654	0.0
1.4648100751715254	-1.3118449729296426	0.0
1.4663109051665781	-1.309177788104063	0.0
1.4678117351616309	-1.3064945201012184	0.0
1.4693125651566838	-1.3037952146966083	0.0
1.4708133951517366	-1.3010799186772053	0.0
1.4723142251467893	-1.2983486848825065	0.0
1.473815055141842	-1.2956015602904496	0.0
1.4753158851368948	-1.2928385875219432	0.0
1.4768167151319478	-1.2900598190743227	0.0
1.4783175451270005	-1.2872653018583935	0.0
1.4798183751220533	-1.284455083681145	0.0
1.481319205117106	-1.281629220320029	0.0
1.4828200351121588	-1.2787877484771748	0.0
1.4843208651072117	-1.2759307113860414	0.0
1.4858216951022645	-1.2730581694591034	0.0
1.4873225250973174	-1.2701701662800549	0.0
1.4888233550923702	-1.2672667493555965	0.0
1.4903241850874227	-1.2643479707821383	0.0
1.4918250150824757	-1.2614138708093354	0.0
1.4933258450775284	-1.258464498863015	0.0
1.4948266750725814	-1.2554999051303533	0.0
1.4963275050676341	-1.2525201374560284	0.0
1.4978283350626869	-1.249525241762568	0.0
1.4993291650577396	-1.246515261632474	0.0
1.5008299950527924	-1.2434902501512077	0.0
1.5023308250478453	-1.2404502527190961	0.0
1.503831655042898	-1.2373953152343984	0.0
1.5053324850379508	-1.2343254896889375	0.0
1.5068333150330036	-1.2312408205657623	0.0
1.5083341450280563	-1.2281413544638737	0.0
1.5098349750231093	-1.2250271392493057	0.0
1.511335805018162	-1.221898220507707	0.0
1.5128366350132147	-1.2187546485813652	0.0
1.5143374650082675	-1.2155964727792083	0.0
1.5158382950033202	-1.2124237359562837	0.0
1.5173391249983732	-1.2092364851489787	0.0
1.518839954993426	-1.2060347673990601	0.0
1.5203407849884787	-1.202818631923606	0.0
1.5218416149835314	-1.199588127467032	0.0
1.5233424449785842	-1.1963432970037555	0.0
1.5248432749736371	-1.1930841899630682	0.0
1.5263441049686899	-1.1898108553545796	0.0
1.5278449349637429	-1.1865233380234557	0.0
1.5293457649587954	-1.1832216806848064	0.0
1.5308465949538481	-1.1799059338320033	0.0
1.532347424948901	-1.17657615355683	0.0
1.5338482549439538	-1.173232377867493	0.0
1.5353490849390068	-1.169874648808162	0.0
1.5368499149340595	-1.1665030230941187	0.0
1.538350744929112	-1.1631175445360271	0.0
1.539851574924165	-1.159718257878935	0.0
1.5413524049192178	-1.156305215469712	0.0
1.5428532349142707	-1.152878462939987	0.0
1.5443540649093235	-1.1494380424356703	0.0
1.545854894904376	-1.1459840049156207	0.0
1.547355724899429	-1.1425163983114033	0.0
1.5488565548944817	-1.1390352686249783	0.0
1.5503573848895347	-1.1355406678654434	0.0
1.5518582148845874	-1.1320326364788593	0.0
1.5533590448796402	-1.1285112199841865	0.0
1.5548598748746927	-1.1249764707243455	0.0
1.5563607048697456	-1.121428439377338	0.0
1.5578615348647986	-1.1178671734172507	0.0
1.5593623648598514	-1.1142927124699398	0.0
1.560863194854904	-1.110705103384034	0.0
1.5623640248499568	-1.1071043983962572	0.0
1.5638648548450098	-1.1034906477022994	0.0
1.5653656848400623	-1.0998638958105853	0.0
1.5668665148351153	-1.0962241878153922	0.0
1.568367344830168	-1.092571576618812	0.0
1.5698681748252208	-1.0889061143310894	0.0
1.5713690048202735	-1.0852278431409634	0.0
1.5728698348153265	-1.0815367984589919	0.0
1.5743706648103795	-1.077833040426332	0.0
1.575871494805432	-1.074116628914362	0.0
1.5773723248004847	-1.0703875973166563	0.0
1.5788731547955377	-1.0666459886661093	0.0
1.5803739847905902	-1.06289186180962	0.0
1.5818748147856432	-1.0591252686255275	0.0
1.5833756447806961	-1.0553462483442528	0.0
1.584876474775749	-1.051554852440133	0.0
1.5863773047708014	-1.0477511327046278	0.0
1.5878781347658544	-1.0439351321045562	0.0
1.5893789647609073	-1.0401069038454167	0.0
1.5908797947559599	-1.036266496992589	0.0
1.5923806247510128	-1.0324139573227198	0.0
1.5938814547460656	-1.0285493382422262	0.0
1.595382284741118	-1.0246726898832792	0.0
1.596883114736171	-1.0207840586859809	0.0
1.598383944731224	-1.0168834954580936	0.0
1.5998847747262768	-1.0129710483032628	0.0
1.6013856047213293	-1.0090467629917463	0.0
1.6028864347163823	-1.0051106965405021	0.0
1.6043872647114352	-1.0011629026864628	0.0
1.6058880947064877	-0.9972034254185468	0.0
1.6073889247015407	-0.9932323148373627	0.0
1.6088897546965935	-0.9892496171135106	0.0
1.6103905846916464	-0.985255387698249	0.0
1.611891414686699	-0.9812496869624703	0.0
1.613392244681752	-0.9772325591268191	0.0
1.6148930746768049	-0.9732040468646918	0.0
1.6163939046718574	-0.9691642049682831	0.0
1.6178947346669101	-0.965113091058864	0.0
1.619395564661963	-0.9610507525881684	0.0
1.6208963946570156	-0.9569772436465809	0.0
1.6223972246520686	-0.9528926182857236	0.0
1.6238980546471213	-0.948796924604987	0.0
1.6253988846421743	-0.9446902112337875	0.0
1.6268997146372268	-0.940572533900469	0.0
1.6284005446322798	-0.9364439478552038	0.0
1.6299013746273328	-0.9323045072425825	0.0
1.6314022046223853	-0.9281542648809905	0.0
1.632903034617438	-0.9239932644512219	0.0
1.634403864612491	-0.9198215680745593	0.0
1.6359046946075435	-0.9156392335548286	0.0
1.6374055246025965	-0.9114463039918681	0.0
1.6389063545976494	-0.907242835495009	0.0
1.6404071845927022	-0.9030288916761162	0.0
1.6419080145877547	-0.8988045222594664	0.0
1.6434088445828077	-0.8945697747517347	0.0
1.6449096745778606	-0.8903247101045202	0.0
1.6464105045729132	-0.8860693815828339	0.0
1.6479113345679661	-0.8818038432314388	0.0
1.6494121645630189	-0.8775281572199343	0.0
1.6509129945580718	-0.8732423803756799	0.0
1.6524138245531244	-0.8689465601307361	0.0
1.6539146545481773	-0.8646407504554001	0.0
1.65541548454323	-0.8603250162583032	0.0
1.6569163145382828	-0.8559994139799765	0.0
1.6584171445333356	-0.8516639970156421	0.0
1.6599179745283885	-0.8473188220497849	0.0
1.661418804523441	-0.8429639440173303	0.0
1.662919634518494	-0.8385994245206997	0.0
1.6644204645135467	-0.8342253235627569	0.0
1.6659212945085997	-0.8298416941382343	0.0
1.6674221245036522	-0.8254485985739429	0.0
1.6689229544987052	-0.8210460953204692	0.0
1.6704237844937582	-0.8166342411587696	0.0
1.6719246144888107	-0.812213096056132	0.0
1.6734254444838634	-0.8077827163529362	0.0
1.6749262744789164	-0.8033431649540889	0.0
1.676427104473969	-0.7988945008192375	0.0
1.6779279344690219	-0.794436782179774	0.0
1.6794287644640746	-0.7899700691521822	0.0
1.6809295944591276	-0.7854944260554764	0.0
1.6824304244541801	-0.7810099123801009	0.0
1.683931254449233	-0.7765165847358291	0.0
1.685432084444286	-0.7720145139188244	0.0
1.6869329144393386	-0.7675037581120606	0.0
1.6884337444343913	-0.7629843742718438	0.0
1.6899345744294443	-0.7584564229713546	0.0
1.6914354044244972	-0.7539199690177902	0.0
1.6929362344195498	-0.7493750832276547	0.0
1.6944370644146027	-0.744821815442275	0.0
1.6959378944096555	-0.7402602319017144	0.0
1.697438724404708	-0.7356904092696231	0.0
1.698939554399761	-0.7311124005387823	0.0
1.700440384394814	-0.726526265677137	0.0
1.7019412143898665	-0.7219320735510654	0.0
1.7034420443849194	-0.7173298879406493	0.0
1.7049428743799722	-0.7127197751434112	0.0
1.7064437043750251	-0.7081017970994695	0.0
1.7079445343700776	-0.7034760224701231	0.0
1.7094453643651306	-0.6988425182104128	0.0
1.7109461943601834	-0.6942013409814656	0.0
1.712447024355236	-0.6895525631019356	0.0
1.7139478543502888	-0.6848962506278151	0.0
1.7154486843453418	-0.6802324719295982	0.0
1.7169495143403943	-0.6755612967443414	0.0
1.7184503443354473	-0.6708827825237057	0.0
1.7199511743305	-0.6661969989559462	0.0
1.721452004325553	-0.6615040149421754	0.0
1.7229528343206055	-0.6568038990410342	0.0
1.7244536643156585	-0.6520967221927844	0.0
1.7259544943107115	-0.6473825504254724	0.0
1.727455324305764	-0.642661452064307	0.0
1.7289561543008167	-0.6379334906226167	0.0
1.7304569842958697	-0.6331987411173738	0.0
1.7319578142909227	-0.6284572777971753	0.0
1.7334586442859752	-0.6237091601698423	0.0
1.7349594742810281	-0.6189544635869155	0.0
1.736460304276081	-0.6141932555860046	0.0
1.7379611342711334	-0.6094256001920184	0.0
1.7394619642661864	-0.6046515821681091	0.0
1.7409627942612393	-0.5998712705061213	0.0
1.7424636242562919	-0.5950847267078635	0.0
1.7439644542513446	-0.5902920242426795	0.0
1.7454652842463976	-0.5854932387275062	0.0
1.7469661142414505	-0.5806884411506953	0.0
1.748466944236503	-0.5758776972443664	0.0
1.749967774231556	-0.5710610820500001	0.0
1.7514686042266088	-0.5662386726493396	0.0
1.7529694342216613	-0.5614105436183804	0.0
1.7544702642167143	-0.5565767621733213	0.0
1.7559710942117672	-0.551737398226192	0.0
1.75747192420682	-0.5468925286615269	0.0
1.7589727542018727	-0.5420422295373526	0.0
1.7604735841969255	-0.5371865762338973	0.0
1.7619744141919784	-0.5323256344468916	0.0
1.763475244187031	-0.5274594821465215	0.0
1.764976074182084	-0.5225881949395398	0.0
1.7664769041771367	-0.5177118420283635	0.0
1.7679777341721894	-0.5128305078497284	0.0
1.7694785641672421	-0.5079442630075521	0.0
1.770979394162295	-0.5030531756470602	0.0
1.772480224157348	-0.49815733056720835	0.0
1.7739810541524006	-0.49325680102857616	0.0
1.7754818841474533	-0.48835165729329355	0.0
1.7769827141425063	-0.4834419791945043	0.0
1.7784835441375588	-0.4785278407468123	0.0
1.7799843741326118	-0.4736093219023972	0.0
1.7814852041276648	-0.4686864998524365	0.0
1.7829860341227173	-0.4637594439880781	0.0
1.78448686411777	-0.45882823528405675	0.0
1.785987694112823	-0.4538929525478752	0.0
1.787488524107876	-0.448953665914541	0.0
1.7889893541029285	-0.44401045606992096	0.0
1.7904901840979814	-0.43906340806577315	0.0
1.7919910140930342	-0.4341125911492235	0.0
1.7934918440880867	-0.429158079390787	0.0
1.7949926740831397	-0.424199954248102	0.0
1.7964935040781926	-0.41923829308246885	0.0
1.7979943340732454	-0.414273178487533	0.0
1.7994951640682981	-0.4093046831953515	0.0
1.8009959940633509	-0.4043328790107298	0.0
1.8024968240584038	-0.3993578584249924	0.0
1.8039976540534564	-0.3943797009650706	0.0
1.8054984840485093	-0.3893984713951306	0.0
1.806999314043562	-0.38441425292536313	0.0
1.8085001440386146	-0.3794271230122218	0.0
1.8100009740336676	-0.3744371595324236	0.0
1.8115018040287205	-0.3694444570366252	0.0
1.8130026340237735	-0.36444908195927017	0.0
1.814503464018826	-0.3594510969060358	0.0
1.8160042940138788	-0.35445060025790165	0.0
1.8175051240089317	-0.3494476778939254	0.0
1.8190059540039842	-0.344442395823246	0.0
1.8205067839990372	-0.33943483203838576	0.0
1.82200761399409	-0.33442507283167644	0.0
1.8235084439891427	-0.3294131996360069	0.0
1.8250092739841954	-0.3243992886064666	0.0
1.8265101039792484	-0.31938341663426306	0.0
1.8280109339743014	-0.31436565485355106	0.0
1.8295117639693539	-0.3093460888380496	0.0
1.8310125939644066	-0.30432481703702785	0.0
1.8325134239594596	-0.2993019037422304	0.0
1.8340142539545121	-0.29427741489661285	0.0
1.835515083949565	-0.2892514474093576	0.0
1.837015913944618	-0.2842240822955183	0.0
1.8385167439396708	-0.2791953926121402	0.0
1.8400175739347233	-0.2741654558178539	0.0
1.8415184039297763	-0.26913435480863535	0.0
1.8430192339248292	-0.2641021770682739	0.0
1.8445200639198818	-0.25906898812705004	0.0
1.8460208939149347	-0.25403486944051024	0.0
1.8475217239099875	-0.24899991390499998	0.0
1.84902255390504	-0.24396419228030475	0.0
1.850523383900093	-0.23892777955961664	0.0
1.852024213895146	-0.23389075644892388	0.0
1.8535250438901987	-0.22885320776551976	0.0
1.8550258738852514	-0.2238152115459232	0.0
1.8565267038803042	-0.2187768431867022	0.0
1.8580275338753571	-0.21373818943067346	0.0
1.8595283638704097	-0.20869932738287233	0.0
1.8610291938654626	-0.2036603305242226	0.0
1.8625300238605154	-0.19862128227883336	0.0
1.864030853855568	-0.19358226031619197	0.0
1.8655316838506208	-0.1885433395704722	0.0
1.8670325138456738	-0.18350460397182888	0.0
1.8685333438407268	-0.17846613703290026	0.0
1.8700341738357793	-0.17342801321141033	0.0
1.871535003830832	-0.1683903037636758	0.0
1.873035833825885	-0.1633530928625554	0.0
1.8745366638209375	-0.15831646873825544	0.0
1.8760374938159905	-0.1532804971124263	0.0
1.8775383238110435	-0.14824525391378351	0.0
1.8790391538060962	-0.14321082584541178	0.0
1.8805399838011487	-0.13817728687472797	0.0
1.8820408137962017	-0.1331447240241015	0.0
1.8835416437912547	-0.12811320794615821	0.0
1.8850424737863072	-0.12308280104435798	0.0
1.88654330378136	-0.11805359547488614	0.0
1.888044133776413	-0.11302567852216239	0.0
1.8895449637714654	-0.10799912213763185	0.0
1.8910457937665184	-0.10297399279789887	0.0
1.8925466237615713	-0.09795036631635146	0.0
1.894047453756624	-0.09292832940847084	0.0
1.8955482837516766	-0.08790795896648129	0.0
1.8970491137467296	-0.08288932758007417	0.0
1.8985499437417825	-0.0778725115831248	0.0
1.900050773736835	-0.07285758867585557	0.0
1.901551603731888	-0.06784462986664797	0.0
1.9030524337269408	-0.06283371225043377	0.0
1.9045532637219937	-0.0578249202042993	0.0
1.9060540937170463	-0.05281832524119767	0.0
1.9075549237120992	-0.04781399279973253	0.0
1.909055753707152	-0.04281200319216716	0.0
1.9105565837022047	-0.03781244090922087	0.0
1.9120574136972575	-0.03281537414098512	0.0
1.9135582436923104	-0.027820872619621517	0.0
1.915059073687363	-0.022829012758108225	0.0
1.916559903682416	-0.017839871033520027	0.0
1.9180607336774687	-0.012853527622410765	0.0
1.9195615636725216	-0.00787004987712947	0.0
1.9210623936675741	-0.0028894998302000374	0.0
1.922563223662627	0.0020880343468641094	0.0
1.92406405365768	0.007062476221576519	0.0
1.9255648836527326	0.012033768271706546	0.0
1.9270657136477853	0.017001830470329216	0.0
1.9285665436428383	0.02196658786245642	0.0
1.9300673736378908	0.026927972265221922	0.0
1.9315682036329438	0.031885906113416684	0.0
1.9330690336279968	0.036840319525318854	0.0
1.9345698636230495	0.04179114573097431	0.0
1.936070693618102	0.04673831114035276	0.0
1.937571523613155	0.051681739890005796	0.0
1.939072353608208	0.05662136500670567	0.0
1.9405731836032605	0.06155712405754221	0.0
1.9420740135983134	0.0664889420959579	0.0
1.9435748435933662	0.0714167391287035	0.0
1.9450756735884192	0.076340451420567	0.0
1.9465765035834717	0.08126001341776368	0.0
1.9480773335785246	0.08617534991088238	0.0
1.9495781635735774	0.09108639536805552	0.0
1.95107899356863	0.09599307785449018	0.0
1.9525798235636829	0.10089533171186649	0.0
1.9540806535587358	0.10579309697904771	0.0
1.9555814835537884	0.1106862923324976	0.0
1.9570823135488413	0.11557484823269226	0.0
1.958583143543894	0.12045870550701099	0.0
1.960083973538947	0.1253377953508521	0.0
1.9615848035339996	0.13021205380597778	0.0
1.9630856335290525	0.13508140975867133	0.0
1.9645864635241053	0.13994579023825604	0.0
1.966087293519158	0.1448051398859188	0.0
1.9675881235142108	0.14965939447437904	0.0
1.9690889535092637	0.15450847664443756	0.0
1.9705897835043162	0.15935232799177002	0.0
1.9720906134993692	0.16419088571635976	0.0
1.973591443494422	0.16902407627663996	0.0
1.975092273489475	0.17385183923272973	0.0
1.9765931034845274	0.17867411180684145	0.0
1.9780939334795804	0.18349083482256479	0.0
1.9795947634746334	0.188301943968454	0.0
1.981095593469686	0.19310736164079467	0.0
1.9825964234647386	0.19790702894407586	0.0
1.9840972534597916	0.2027008933936254	0.0
1.9855980834548446	0.20748888558986234	0.0
1.987098913449897	0.2122709431109383	0.0
1.98859974344495	0.21704700997059034	0.0
1.9901005734400028	0.22181701559663713	0.0
1.9916014034350553	0.2265808985265041	0.0
1.9931022334301083	0.2313385977447947	0.0
1.9946030634251612	0.23609005338572753	0.0
1.9961038934202138	0.24083521132942898	0.0
1.9976047234152667	0.24557400279656283	0.0
1.9991055534103195	0.25030637100120834	0.0
2.0006063834053722	0.25503225502124316	0.0
2.002107213400425	0.259751586003237	0.0
2.0036080433954777	0.2644643156390307	0.0
2.005108873390531	0.2691703878003616	0.0
2.006609703385583	0.2738697367276465	0.0
2.0081105333806364	0.27856230190287345	0.0
2.009611363375689	0.28324802010196026	0.0
2.011112193370742	0.2879268410070923	0.0
2.0126130233657946	0.29259871000521576	0.0
2.0141138533608474	0.29726356166977863	0.0
2.0156146833559005	0.3019213459084942	0.0
2.017115513350953	0.3065720045514386	0.0
2.0186163433460056	0.3112154697124504	0.0
2.020117173341059	0.31585168829796806	0.0
2.021618003336111	0.32048060943867274	0.0
2.0231188333311643	0.3251021744102709	0.0
2.024619663326217	0.32971633070554873	0.0
2.0261204933212698	0.33432302131439784	0.0
2.0276213233163225	0.33892217956098303	0.0
2.0291221533113752	0.34351375989701305	0.0
2.0306229833064284	0.3480977124938208	0.0
2.0321238133014807	0.35267397069864526	0.0
2.0336246432965335	0.35724248594348174	0.0
2.0351254732915867	0.36180320862143966	0.0
2.036626303286639	0.3663560755184444	0.0
2.038127133281692	0.3709010328681833	0.0
2.039627963276745	0.3754380315221405	0.0
2.0411287932717976	0.3799670167348501	0.0
2.0426296232668504	0.3844879351878423	0.0
2.044130453261903	0.38900073527334156	0.0
2.0456312832569563	0.3935053635581648	0.0
2.0471321132520086	0.39800176549867305	0.0
2.048632943247062	0.40248988650081774	0.0
2.0501337732421145	0.4069696741138328	0.0
2.0516346032371673	0.41144108584282846	0.0
2.05313543323222	0.4159040673759332	0.0
2.0546362632272728	0.4203585600641845	0.0
2.0561370932223255	0.42480451952833487	0.0
2.0576379232173783	0.42924188619694026	0.0
2.059138753212431	0.433670608053366	0.0
2.060639583207484	0.4380906457376218	0.0
2.0621404132025365	0.44250194404565846	0.0
2.0636412431975897	0.4469044505114954	0.0
2.0651420731926424	0.45129812281329384	0.0
2.066642903187695	0.45568290119680444	0.0
2.068143733182748	0.46005872975597795	0.0
2.0696445631778007	0.4644255750646302	0.0
2.071145393172854	0.4687833826796688	0.0
2.072646223167906	0.4731320942323006	0.0
2.074147053162959	0.47747166830220367	0.0
2.075647883158012	0.481802059026741	0.0
2.0771487131530644	0.4861232130825053	0.0
2.0786495431481176	0.49043508252542567	0.0
2.0801503731431703	0.4947376157344543	0.0
2.081651203138223	0.4990307661607245	0.0
2.083152033133276	0.5033144943982385	0.0
2.0846528631283285	0.5075887396092517	0.0
2.0861536931233817	0.5118534585366269	0.0
2.087654523118434	0.516108614081785	0.0
2.089155353113487	0.5203541413330001	0.0
2.09065618310854	0.5245899913710943	0.0
2.0921570131035927	0.5288161312083219	0.0
2.0936578430986454	0.5330325114186948	0.0
2.095158673093698	0.5372390834018522	0.0
2.096659503088751	0.5414358012072245	0.0
2.0981603330838037	0.5456226108512068	0.0
2.0996611630788564	0.5497994729781867	0.0
2.1011619930739096	0.5539663436139065	0.0
2.102662823068962	0.5581231684977999	0.0
2.104163653064015	0.5622699023307136	0.0
2.105664483059068	0.5664065025897698	0.0
2.1071653130541206	0.5705329275081303	0.0
2.1086661430491733	0.5746491242709322	0.0
2.110166973044226	0.5787550431247015	0.0
2.111667803039279	0.5828506494782719	0.0
2.1131686330343316	0.586935901366254	0.0
2.1146694630293843	0.5910107384582244	0.0
2.1161702930244375	0.5950751143679031	0.0
2.11767112301949	0.5991289994509544	0.0
2.119171953014543	0.6031723425207194	0.0
2.1206727830095957	0.60720509209218	0.0
2.1221736130046485	0.611227212339712	0.0
2.123674442999701	0.615238652846905	0.0
2.125175272994754	0.6192393644410733	0.0
2.126676102989807	0.6232293133767063	0.0
2.1281769329848594	0.6272084552994682	0.0
2.129677762979912	0.6311767415803994	0.0
2.1311785929749654	0.6351341239496509	0.0
2.132679422970018	0.6390805602269165	0.0
2.134180252965071	0.6430160103667206	0.0
2.1356810829601236	0.6469404255909338	0.0
2.1371819129551763	0.6508537603788559	0.0
2.138682742950229	0.6547559719133822	0.0
2.140183572945282	0.6586470282882821	0.0
2.141684402940335	0.6625268794902804	0.0
2.1431852329353873	0.6663954719274293	0.0
2.1446860629304405	0.6702527709177253	0.0
2.1461868929254933	0.6740987235631911	0.0
2.147687722920546	0.6779332977008462	0.0
2.1491885529155987	0.6817564547947959	0.0
2.1506893829106515	0.6855681339919935	0.0
2.1521902129057042	0.6893682994645973	0.0
2.153691042900757	0.6931569121560633	0.0
2.1551918728958097	0.6969339293998715	0.0
2.156692702890863	0.7006993022463462	0.0
2.158193532885915	0.7044529858385755	0.0
2.1596943628809684	0.7081949471514798	0.0
2.161195192876021	0.7119251326469248	0.0
2.162696022871074	0.7156435044522501	0.0
2.1641968528661266	0.7193500299611725	0.0
2.1656976828611794	0.7230446487741944	0.0
2.1671985128562326	0.7267273208049407	0.0
2.168699342851285	0.7303980135891598	0.0
2.1702001728463376	0.7340566817321681	0.0
2.171701002841391	0.7377032775682384	0.0
2.1732018328364435	0.741337755695874	0.0
2.1747026628314963	0.7449600868780124	0.0
2.176203492826549	0.7485702207190229	0.0
2.1777043228216018	0.752168108301227	0.0
2.1792051528166545	0.7557537189930847	0.0
2.1807059828117072	0.7593270087574754	0.0
2.1822068128067604	0.7628879315997286	0.0
2.1837076428018127	0.7664364429200161	0.0
2.1852084727968655	0.7699725046155241	0.0
2.1867093027919187	0.7734960730178727	0.0
2.1882101327869714	0.7770071056218089	0.0
2.189710962782024	0.7805055650291167	0.0
2.191211792777077	0.7839914049021802	0.0
2.1927126227721296	0.7874645875238558	0.0
2.1942134527671824	0.790925072622122	0.0
2.195714282762235	0.7943728043833138	0.0
2.1972151127572883	0.7978077464231537	0.0
2.198715942752341	0.8012298713631184	0.0
2.200216772747394	0.804639127746356	0.0
2.2017176027424465	0.8080354677509313	0.0
2.2032184327374993	0.8114188616445774	0.0
2.204719262732552	0.8147892615338078	0.0
2.2062200927276048	0.8181466178886967	0.0
2.2077209227226575	0.8214909050629127	0.0
2.2092217527177103	0.8248220794979317	0.0
2.210722582712763	0.828140089076334	0.0
2.212223412707816	0.8314448962759458	0.0
2.213724242702869	0.8347364605500484	0.0
2.2152250726979217	0.8380147484940502	0.0
2.2167259026929744	0.8412797207479754	0.0
2.218226732688027	0.8445313241850293	0.0
2.21972756268308	0.8477695101738137	0.0
2.2212283926781327	0.8509942502160334	0.0
2.222729222673186	0.8542055141619121	0.0
2.224230052668238	0.8574032505819404	0.0
2.225730882663291	0.8605874180166319	0.0
2.227231712658344	0.8637579747377256	0.0
2.228732542653397	0.8669148757794217	0.0
2.2302333726484496	0.8700580876272902	0.0
2.2317342026435023	0.873187578324548	0.0
2.233235032638555	0.8763032961186908	0.0
2.234735862633608	0.8794051954990152	0.0
2.2362366926286605	0.8824932495320323	0.0
2.2377375226237137	0.8855674093964823	0.0
2.2392383526187665	0.8886276317639974	0.0
2.2407391826138188	0.891673893290958	0.0
2.242240012608872	0.8947061446947828	0.0
2.2437408426039247	0.8977243360767841	0.0
2.2452416725989774	0.900728445029972	0.0
2.24674250259403	0.9037184218310881	0.0
2.248243332589083	0.9066942195814535	0.0
2.2497441625841357	0.909655818531883	0.0
2.2512449925791884	0.912603169438765	0.0
2.2527458225742416	0.9155362229778771	0.0
2.2542466525692944	0.918454957544141	0.0
2.255747482564347	0.9213593269081606	0.0
2.2572483125594	0.9242492820149664	0.0
2.2587491425544526	0.9271248013960548	0.0
2.2602499725495053	0.9299858375321195	0.0
2.261750802544558	0.9328323468583708	0.0
2.263251632539611	0.9356643008800922	0.0
2.2647524625346636	0.9384816588431588	0.0
2.2662532925297163	0.9412843849243775	0.0
2.2677541225247695	0.9440724318317039	0.0
2.2692549525198222	0.9468457588817402	0.0
2.270755782514875	0.9496043426963743	0.0
2.2722566125099277	0.9523481449568183	0.0
2.2737574425049805	0.9550771191324579	0.0
2.275258272500033	0.9577912214854236	0.0
2.276759102495086	0.9604904255008657	0.0
2.278259932490139	0.9631747032076787	0.0
2.279760762485192	0.9658439998204928	0.0
2.281261592480244	0.9684982818709267	0.0
2.2827624224752974	0.9711375211159441	0.0
2.28426325247035	0.9737616726670244	0.0
2.285764082465403	0.9763707070657732	0.0
2.2872649124604556	0.9789645876738355	0.0
2.2887657424555083	0.9815432688871258	0.0
2.290266572450561	0.9841067187726622	0.0
2.291767402445614	0.9866549062792558	0.0
2.293268232440667	0.9891877934262759	0.0
2.2947690624357198	0.9917053479965579	0.0
2.2962698924307725	0.9942075317820994	0.0
2.2977707224258253	0.9966943040229288	0.0
2.299271552420878	0.9991656387824694	0.0
2.3007723824159307	1.0016215018198942	0.0
2.3022732124109835	1.004061854534271	0.0
2.3037740424060362	1.006486659621514	0.0
2.3052748724010894	1.0088958861521082	0.0
2.3067757023961417	1.0112895056907865	0.0
2.308276532391195	1.0136674769318645	0.0
2.3097773623862476	1.0160297635673512	0.0
2.3112781923813004	1.018376343640644	0.0
2.312779022376353	1.0207071854947949	0.0
2.314279852371406	1.0230222422409065	0.0
2.3157806823664586	1.0253214858176007	0.0
2.3172815123615114	1.0276048917496623	0.0
2.318782342356564	1.02987241933512	0.0
2.3202831723516173	1.032124042414769	0.0
2.3217840023466696	1.0343597339952626	0.0
2.323284832341723	1.0365794494550846	0.0
2.3247856623367755	1.0387831576344246	0.0
2.3262864923318283	1.0409708389756283	0.0
2.327787322326881	1.0431424680023507	0.0
2.3292881523219338	1.0452980024525582	0.0
2.3307889823169865	1.0474374044242727	0.0
2.3322898123120392	1.0495606541775895	0.0
2.3337906423070924	1.0516677275247297	0.0
2.335291472302145	1.0537585926766813	0.0
2.3367923022971975	1.0558332160111705	0.0
2.3382931322922507	1.0578915671504194	0.0
2.3397939622873034	1.0599336170893239	0.0
2.341294792282356	1.0619593458733827	0.0
2.342795622277409	1.0639687244370435	0.0
2.3442964522724616	1.0659617172540479	0.0
2.345797282267515	1.0679383047156077	0.0
2.347298112262567	1.0698984548400061	0.0
2.3487989422576203	1.0718421436052465	0.0
2.350299772252673	1.0737693446489127	0.0
2.351800602247726	1.0756800268542515	0.0
2.3533014322427785	1.0775741755207795	0.0
2.3548022622378313	1.0794517570255635	0.0
2.356303092232884	1.0813127415094739	0.0
2.3578039222279368	1.0831571059342129	0.0
2.3593047522229895	1.084984833171746	0.0
2.3608055822180427	1.0867959069411663	0.0
2.362306412213095	1.088590284565559	0.0
2.363807242208148	1.0903679422077641	0.0
2.365308072203201	1.0921288730849505	0.0
2.3668089021982537	1.0938730433318877	0.0
2.3683097321933064	1.0956004278719262	0.0
2.369810562188359	1.0973110120693776	0.0
2.371311392183412	1.0990047701547005	0.0
2.3728122221784647	1.1006816825999746	0.0
2.374313052173518	1.102341729774174	0.0
2.3758138821685706	1.1039848880999759	0.0
2.377314712163623	1.1056111288596626	0.0
2.378815542158676	1.1072204392056337	0.0
2.380316372153729	1.108812809975147	0.0
2.3818172021487816	1.1103882100368345	0.0
2.3833180321438343	1.1119466143741024	0.0
2.384818862138887	1.1134880146464272	0.0
2.3863196921339402	1.1150123957170441	0.0
2.3878205221289925	1.1165197302447434	0.0
2.3893213521240457	1.118010001049856	0.0
2.3908221821190985	1.1194831957553595	0.0
2.3923230121141508	1.1209392941579241	0.0
2.393823842109204	1.122378282720175	0.0
2.3953246721042567	1.123800145699956	0.0
2.3968255020993094	1.1252048626132634	0.0
2.398326332094362	1.1265924218145364	0.0
2.399827162089415	1.1279628085085271	0.0
2.401327992084468	1.1293160069942625	0.0
2.4028288220795204	1.1306520021449886	0.0
2.4043296520745736	1.131970781664351	0.0
2.4058304820696264	1.133272328990273	0.0
2.407331312064679	1.134556628582432	0.0
2.408832142059732	1.1358236805252724	0.0
2.4103329720547846	1.1370734673212677	0.0
2.4118338020498373	1.1383059678531762	0.0
2.41333463204489	1.139521181832497	0.0
2.414835462039943	1.1407190972580146	0.0
2.416336292034996	1.1418996895299596	0.0
2.4178371220300483	1.1430629525894043	0.0
2.4193379520251015	1.1442088944589603	0.0
2.4208387820201542	1.1453375020275771	0.0
2.422339612015207	1.1464487530043332	0.0
2.4238404420102597	1.1475426399601645	0.0
2.4253412720053125	1.1486191560110008	0.0
2.4268421020003657	1.1496782929584393	0.0
2.428342931995418	1.150720048068255	0.0
2.429843761990471	1.151744415335481	0.0
2.431344591985524	1.1527513854118743	0.0
2.432845421980576	1.1537409537028311	0.0
2.4343462519756294	1.1547131121622831	0.0
2.435847081970682	1.1556678506125042	0.0
2.437347911965735	1.1566051686486907	0.0
2.4388487419607876	1.1575250639590213	0.0
2.4403495719558403	1.1584275286663037	0.0
2.4418504019508935	1.1593125598401999	0.0
2.443351231945946	1.1601801594247196	0.0
2.444852061940999	1.161030320106147	0.0
2.4463528919360518	1.1618630344080545	0.0
2.447853721931104	1.162678305684203	0.0
2.4493545519261573	1.1634761292300255	0.0
2.45085538192121	1.1642565040763229	0.0
2.452356211916263	1.1650194348514802	0.0
2.4538570419113155	1.1657649184008452	0.0
2.4553578719063682	1.1664929504792398	0.0
2.4568587019014214	1.167203531100097	0.0
2.4583595318964737	1.167896663514104	0.0
2.459860361891527	1.1685723445625464	0.0
2.4613611918865796	1.1692305818433897	0.0
2.4628620218816324	1.1698713799858664	0.0
2.464362851876685	1.170494731102287	0.0
2.465863681871738	1.1711006452868153	0.0
2.467364511866791	1.1716891244200116	0.0
2.4688653418618434	1.1722601661255712	0.0
2.470366171856896	1.1728137795319589	0.0
2.4718670018519493	1.1733499688361444	0.0
2.4733678318470016	1.1738687380858694	0.0
2.474868661842055	1.1743700906883618	0.0
2.4763694918371075	1.1748540291530531	0.0
2.4778703218321603	1.175320565073878	0.0
2.479371151827213	1.175769705440874	0.0
2.4808719818222658	1.1762014505223104	0.0
2.482372811817319	1.176615810143656	0.0
2.4838736418123712	1.177012790947947	0.0
2.4853744718074244	1.1773924037536154	0.0
2.486875301802477	1.17775465585461	0.0
2.4883761317975295	1.178099540215327	0.0
2.4898769617925827	1.1784270795360596	0.0
2.4913777917876354	1.1787372955478346	0.0
2.492878621782688	1.1790301830633876	0.0
2.494379451777741	1.1793057496929005	0.0
2.4958802817727936	1.1795640058152972	0.0
2.497381111767847	1.1798049617702189	0.0
2.498881941762899	1.1800286340575794	0.0
2.5003827717579523	1.1802350386236222	0.0
2.501883601753005	1.1804241787249714	0.0
2.503384431748058	1.1805960571906473	0.0
2.5048852617431105	1.1807506964224757	0.0
2.5063860917381633	1.180888118015738	0.0
2.5078869217332165	1.1810083278139838	0.0
2.509387751728269	1.1811113334448362	0.0
2.5108885817233215	1.1811971489054054	0.0
2.5123894117183747	1.1812657885874975	0.0
2.513890241713427	1.1813172758676667	0.0
2.51539107170848	1.1813516213356243	0.0
2.516891901703533	1.1813688307680148	0.0
2.5183927316985857	1.181368924845395	0.0
2.5198935616936384	1.1813519244781225	0.0
2.521394391688691	1.1813178442771366	0.0
2.5228952216837444	1.1812666906454734	0.0
2.5243960516787967	1.181198484440213	0.0
2.5258968816738494	1.1811132565751332	0.0
2.5273977116689026	1.1810110119058534	0.0
2.528898541663955	1.1808917557979615	0.0
2.530399371659008	1.1807555195244281	0.0
2.531900201654061	1.1806023271452382	0.0
2.5334010316491136	1.1804321878076065	0.0
2.5349018616441663	1.1802451181490827	0.0
2.536402691639219	1.1800411460944322	0.0
2.5379035216342722	1.1798202884060625	0.0
2.5394043516293245	1.179582554443794	0.0
2.5409051816243777	1.1793279658572882	0.0
2.5424060116194305	1.1790565492927254	0.0
2.5439068416144828	1.1787683308494383	0.0
2.545407671609536	1.1784633218494267	0.0
2.5469085016045887	1.178141531641455	0.0
2.5484093315996414	1.177802999122619	0.0
2.549910161594694	1.1774477508323975	0.0
2.551410991589747	1.1770757880035683	0.0
2.5529118215848	1.176687139018899	0.0
2.5544126515798524	1.1762818323534547	0.0
2.5559134815749056	1.1758598837240868	0.0
2.5574143115699584	1.175421319613859	0.0
2.558915141565011	1.1749661554880018	0.0
2.560415971560064	1.1744944179507342	0.0
2.5619168015551166	1.1740061399904187	0.0
2.5634176315501698	1.1735013340941614	0.0
2.564918461545222	1.1729800257039162	0.0
2.566419291540275	1.1724422394418552	0.0
2.567920121535328	1.1718879916939744	0.0
2.5694209515303803	1.1713173143809543	0.0
2.5709217815254335	1.170730232250025	0.0
2.5724226115204862	1.1701267684830894	0.0
2.573923441515539	1.1695069494792123	0.0
2.5754242715105917	1.1688707960087692	0.0
2.5769251015056445	1.1682183328016258	0.0
2.5784259315006977	1.1675495840880141	0.0
2.57992676149575	1.1668645803895497	0.0
2.581427591490803	1.166163349205212	0.0
2.582928421485856	1.165445913238523	0.0
2.584429251480908	1.164712298999853	0.0
2.5859300814759614	1.163962525545394	0.0
2.587430911471014	1.163196620411243	0.0
2.588931741466067	1.1624146188140154	0.0
2.5904325714611196	1.1616165415711102	0.0
2.5919334014561723	1.1608024153719274	0.0
2.5934342314512255	1.1599722728781248	0.0
2.594935061446278	1.1591261331452487	0.0
2.596435891441331	1.1582640224854233	0.0
2.5979367214363838	1.1573859758613807	0.0
2.5994375514314365	1.1564920194521155	0.0
2.6009383814264893	1.1555821739443353	0.0
2.602439211421542	1.1546564696162707	0.0
2.6039400414165947	1.1537149381079068	0.0
2.6054408714116475	1.152757604647274	0.0
2.6069417014067002	1.1517844985257315	0.0
2.6084425314017534	1.150795643118485	0.0
2.6099433613968057	1.1497910688981507	0.0
2.611444191391859	1.1487708104051273	0.0
2.6129450213869116	1.1477348920662545	0.0
2.6144458513819644	1.1466833396188367	0.0
2.615946681377017	1.1456161786334569	0.0
2.61744751137207	1.1445334459133842	0.0
2.618948341367123	1.1434351750792544	0.0
2.6204491713621754	1.1423213853080818	0.0
2.621950001357228	1.1411921041797823	0.0
2.6234508313522813	1.1400473625526981	0.0
2.6249516613473336	1.1388871909547122	0.0
2.626452491342387	1.1377116204348636	0.0
2.6279533213374395	1.1365206768596159	0.0
2.6294541513324923	1.1353143881351047	0.0
2.630954981327545	1.134092791404706	0.0
2.6324558113225978	1.1328559163786227	0.0
2.633956641317651	1.1316037836841246	0.0
2.6354574713127032	1.1303364285624289	0.0
2.6369583013077564	1.129053882029621	0.0
2.638459131302809	1.1277561717652331	0.0
2.639959961297862	1.126443328656702	0.0
2.6414607912929147	1.1251153763146378	0.0
2.6429616212879674	1.1237723491877736	0.0
2.64446245128302	1.1224142871550202	0.0
2.645963281278073	1.1210412091697273	0.0
2.6474641112731256	1.119653135009669	0.0
2.648964941268179	1.118250112658242	0.0
2.650465771263231	1.1168321801072216	0.0
2.6519666012582843	1.1153993486494653	0.0
2.653467431253337	1.1139516471042048	0.0
2.65496826124839	1.11248912133802	0.0
2.6564690912434425	1.1110117918533593	0.0
2.6579699212384953	1.109519685531719	0.0
2.6594707512335485	1.1080128433980745	0.0
2.660971581228601	1.1064912942281042	0.0
2.6624724112236535	1.1049550675987976	0.0
2.6639732412187067	1.10340418539973	0.0
2.665474071213759	1.1018386801081999	0.0
2.666974901208812	1.1002585924370862	0.0
2.668475731203865	1.098663949390412	0.0
2.6699765611989177	1.0970547811091496	0.0
2.6714773911939704	1.0954311190488162	0.0
2.672978221189023	1.0937929890803213	0.0
2.6744790511840764	1.0921404175169258	0.0
2.6759798811791287	1.0904734461239023	0.0
2.6774807111741814	1.0887921100632267	0.0
2.6789815411692346	1.0870964288751295	0.0
2.6804823711642873	1.0853864361510572	0.0
2.68198320115934	1.0836621681986682	0.0
2.683484031154393	1.0819236506119838	0.0
2.6849848611494456	1.0801709087464448	0.0
2.6864856911444983	1.0784039802272598	0.0
2.687986521139551	1.0766229020986005	0.0
2.6894873511346042	1.074827699846018	0.0
2.6909881811296565	1.073018403083785	0.0
2.6924890111247097	1.0711950423645709	0.0
2.6939898411197625	1.0693576476652003	0.0
2.695490671114815	1.0675062553253531	0.0
2.696991501109868	1.0656408965028799	0.0
2.6984923311049207	1.0637615996395386	0.0
2.6999931610999734	1.061868393518178	0.0
2.701493991095026	1.059961311551969	0.0
2.702994821090079	1.0580403864009664	0.0
2.704495651085132	1.0561056446625425	0.0
2.7059964810801844	1.0541571240002905	0.0
2.7074973110752376	1.0521948557095286	0.0
2.7089981410702904	1.0502188663450025	0.0
2.710498971065343	1.048229190549504	0.0
2.711999801060396	1.0462258592627753	0.0
2.7135006310554486	1.0442089013861684	0.0
2.7150014610505018	1.0421783496985249	0.0
2.716502291045554	1.0401342378138234	0.0
2.718003121040607	1.0380765970402257	0.0
2.71950395103566	1.0360054556419485	0.0
2.7210047810307127	1.0339208410214067	0.0
2.7225056110257655	1.0318227945809813	0.0
2.7240064410208182	1.0297113519964591	0.0
2.725507271015871	1.0275865319311441	0.0
2.7270081010109237	1.0254483655114934	0.0
2.7285089310059765	1.0232968967226077	0.0
2.7300097610010297	1.0211321541056386	0.0
2.731510590996082	1.0189541557984454	0.0
2.7330114209911347	1.0167629488690832	0.0
2.734512250986188	1.0145585689620735	0.0
2.7360130809812406	1.012341032092911	0.0
2.7375139109762934	1.0101103759284145	0.0
2.739014740971346	1.0078666363140596	0.0
2.740515570966399	1.0056098463017922	0.0
2.7420164009614516	1.0033400363113327	0.0
2.7435172309565043	1.0010572338848347	0.0
2.7450180609515575	0.9987614737551569	0.0
2.7465188909466103	0.996452791464133	0.0
2.748019720941663	0.9941312146765943	0.0
2.7495205509367158	0.9917967823053486	0.0
2.7510213809317685	0.9894495274832759	0.0
2.7525222109268213	0.9870894720686021	0.0
2.754023040921874	0.984716655368808	0.0
2.7555238709169267	0.9823311132558645	0.0
2.7570247009119795	0.9799328744459774	0.0
2.7585255309070322	0.9775219716152309	0.0
2.7600263609020854	0.9750984368906344	0.0
2.761527190897138	0.9726623069527646	0.0
2.763028020892191	0.9702136161733017	0.0
2.7645288508872436	0.9677523922292659	0.0
2.7660296808822964	0.9652786735031951	0.0
2.767530510877349	0.9627924885677154	0.0
2.769031340872402	0.9602938696791758	0.0
2.770532170867455	0.9577828594452139	0.0
2.7720330008625074	0.9552594858979415	0.0
2.77353383085756	0.9527237799184478	0.0
2.7750346608526133	0.9501757798465895	0.0
2.776535490847666	0.9476155202315116	0.0
2.778036320842719	0.94504302897419	0.0
2.7795371508377715	0.9424583442835691	0.0
2.7810379808328243	0.9398615067668538	0.0
2.782538810827877	0.9372525428819193	0.0
2.7840396408229298	0.9346314848999102	0.0
2.785540470817983	0.9319983725084154	0.0
2.7870413008130357	0.9293532395290951	0.0
2.7885421308080884	0.9266961212872593	0.0
2.790042960803141	0.9240270541075537	0.0
2.791543790798194	0.9213460716308707	0.0
2.7930446207932467	0.918653211814188	0.0
2.7945454507882994	0.9159485075050113	0.0
2.796046280783352	0.9132319880196276	0.0
2.797547110778405	0.9105036919589975	0.0
2.7990479407734576	0.9077636634639705	0.0
2.800548770768511	0.9050119374418657	0.0
2.8020496007635636	0.9022485409722052	0.0
2.8035504307586163	0.8994735147111057	0.0
2.805051260753669	0.8966868996459983	0.0
2.806552090748722	0.8938887278057641	0.0
2.8080529207437745	0.891079039179737	0.0
2.8095537507388273	0.8882578668952225	0.0
2.81105458073388	0.8854252432439755	0.0
2.812555410728933	0.8825812144079916	0.0
2.8140562407239855	0.8797258180834222	0.0
2.8155570707190387	0.8768590848985989	0.0
2.8170579007140915	0.8739810594857197	0.0
2.818558730709144	0.8710917823559745	0.0
2.820059560704197	0.8681912835421647	0.0
2.8215603906992497	0.8652796031281986	0.0
2.8230612206943024	0.862356776340336	0.0
2.824562050689355	0.8594228458823746	0.0
2.8260628806844084	0.8564778575376071	0.0
2.827563710679461	0.853521844064752	0.0
2.8290645406745134	0.8505548442117745	0.0
2.8305653706695666	0.8475768962476367	0.0
2.8320662006646193	0.8445880398360807	0.0
2.833567030659672	0.8415883153465473	0.0
2.835067860654725	0.838577765382923	0.0
2.8365686906497776	0.8355564345502838	0.0
2.8380695206448303	0.8325243585260125	0.0
2.839570350639883	0.8294815760254899	0.0
2.8410711806349362	0.8264281259440347	0.0
2.842572010629989	0.8233640501919566	0.0
2.8440728406250417	0.8202893984763282	0.0
2.8455736706200945	0.817204207551351	0.0
2.847074500615147	0.8141085180142966	0.0
2.8485753306102	0.8110023772759164	0.0
2.8500761606052527	0.8078858193898885	0.0
2.8515769906003055	0.8047588868515543	0.0
2.853077820595358	0.8016216296251462	0.0
2.854578650590411	0.7984740910112702	0.0
2.856079480585464	0.7953163104078517	0.0
2.857580310580517	0.7921483297059002	0.0
2.8590811405755696	0.7889701952005028	0.0
2.8605819705706224	0.7857819504200092	0.0
2.862082800565675	0.7825836399959112	0.0
2.863583630560728	0.7793753078030544	0.0
2.8650844605557806	0.7761569993386055	0.0
2.8665852905508338	0.7729287595910339	0.0
2.8680861205458865	0.7696906336323528	0.0
2.869586950540939	0.7664426682578118	0.0
2.871087780535992	0.7631849096823207	0.0
2.8725886105310448	0.7599174010645036	0.0
2.8740894405260975	0.7566401847623643	0.0
2.8755902705211502	0.7533533133992862	0.0
2.877091100516203	0.7500568353986942	0.0
2.8785919305112557	0.7467507965127433	0.0
2.8800927605063085	0.7434352447640914	0.0
2.8815935905013617	0.7401102239900306	0.0
2.8830944204964144	0.7367757851670939	0.0
2.8845952504914667	0.7334319755806706	0.0
2.88609608048652	0.7300788378892936	0.0
2.8875969104815726	0.7267164299023066	0.0
2.8890977404766254	0.723344798408474	0.0
2.890598570471678	0.7199639880115751	0.0
2.892099400466731	0.716574057704412	0.0
2.893600230461784	0.7131750500518603	0.0
2.8951010604568364	0.70976701008143	0.0
2.8966018904518895	0.7063499990230633	0.0
2.8981027204469423	0.7029240664249274	0.0
2.899603550441995	0.6994892535919195	0.0
2.9011043804370478	0.6960456171709035	0.0
2.9026052104321005	0.6925932141308172	0.0
2.9041060404271533	0.6891320919424881	0.0
2.905606870422206	0.6856623011972627	0.0
2.9071077004172587	0.682183893266405	0.0
2.908608530412312	0.6786969223472774	0.0
2.9101093604073642	0.6752014416687666	0.0
2.9116101904024174	0.6716975040956745	0.0
2.91311102039747	0.6681851649143552	0.0
2.914611850392523	0.6646644742181248	0.0
2.9161126803875757	0.6611354882319492	0.0
2.9176135103826284	0.6575982604658623	0.0
2.919114340377681	0.6540528432312527	0.0
2.920615170372734	0.6504992998526681	0.0
2.922116000367787	0.6469376813549982	0.0
2.92361683036284	0.6433680361739943	0.0
2.925117660357892	0.6397904233045171	0.0
2.9266184903529453	0.6362049017903586	0.0
2.928119320347998	0.6326115299856935	0.0
2.929620150343051	0.6290103590618248	0.0
2.9311209803381035	0.6254014438019281	0.0
2.9326218103331563	0.621784848220654	0.0
2.9341226403282095	0.6181606279193678	0.0
2.9356234703232618	0.6145288387985821	0.0
2.937124300318315	0.610889535394928	0.0
2.9386251303133677	0.607242776586967	0.0
2.94012596030842	0.603588629255506	0.0
2.941626790303473	0.5999271469051976	0.0
2.943127620298526	0.596258381420412	0.0
2.9446284502935787	0.592582401783236	0.0
2.9461292802886314	0.5888992670638854	0.0
2.947630110283684	0.5852090232174275	0.0
2.9491309402787373	0.581511742096299	0.0
2.9506317702737896	0.5778074955744005	0.0
2.952132600268843	0.5740963286731287	0.0
2.9536334302638956	0.5703782944210839	0.0
2.9551342602589483	0.5666534628867682	0.0
2.956635090254001	0.5629218967198083	0.0
2.958135920249054	0.5591836561294891	0.0
2.9596367502441066	0.5554388076587902	0.0
2.9611375802391593	0.5516874122077519	0.0
2.962638410234212	0.5479295242084178	0.0
2.9641392402292652	0.5441652053274554	0.0
2.9656400702243175	0.5403945260193478	0.0
2.9671409002193707	0.536617549686958	0.0
2.9686417302144235	0.5328343337845739	0.0
2.970142560209476	0.5290449432004011	0.0
2.971643390204529	0.5252494423463301	0.0
2.9731442201995817	0.5214478916525884	0.0
2.974645050194635	0.5176403586212664	0.0
2.976145880189687	0.5138269081663731	0.0
2.9776467101847404	0.5100076031439895	0.0
2.979147540179793	0.5061825124916121	0.0
2.9806483701748454	0.5023516943165041	0.0
2.9821492001698986	0.49851521114468356	0.0
2.9836500301649513	0.4946731347640825	0.0
2.985150860160004	0.49082553140150664	0.0
2.986651690155057	0.48697246534570826	0.0
2.9881525201501096	0.4831139989047515	0.0
2.9896533501451628	0.47925020015092634	0.0
2.991154180140215	0.4753811376226116	0.0
2.9926550101352682	0.4715068736400456	0.0
2.994155840130321	0.46762747290030615	0.0
2.9956566701253737	0.4637430110478694	0.0
2.9971575001204265	0.4598535517004446	0.0
2.998658330115479	0.45698726617341046	0.0
3.000159160110532	0.45616851007769077	0.0
