0.0	1.9999247553220663	0.0
0.0015008299950527925	1.999915656748202	0.0
0.003001659990105585	1.9998612566863025	0.0
0.004502489985158378	1.9997659740331584	0.0
0.00600331998021117	1.999643222088885	0.0
0.0075041499752639615	1.999492695945427	0.0
0.009004979970316756	1.9993140208068056	0.0
0.010505809965369548	1.9991070731882064	0.0
0.01200663996042234	1.998871933943798	0.0
0.01350746995547513	1.9986085083503788	0.0
0.015008299950527923	1.9983164168078638	0.0
0.016509129945580715	1.9979951908315075	0.0
0.01800995994063351	1.9976443723149626	0.0
0.019510789935686303	1.9972635272285293	0.0
0.021011619930739096	1.9968521399771888	0.0
0.022512449925791888	1.9964090466730728	0.0
0.02401327992084468	1.9959319892310239	0.0
0.02551410991589747	1.9954182445887942	0.0
0.02701493991095026	1.994865740393975	0.0
0.028515769906003054	1.9942743513822485	0.0
0.030016599901055846	1.9936467056019358	0.0
0.03151742989610864	1.9929862361010122	0.0
0.03301825989116143	1.9922946639062227	0.0
0.03451908988621422	1.9915722846576092	0.0
0.03601991988126702	1.9908191241190534	0.0
0.037520749876319814	1.9900352234240057	0.0
0.03902157987137261	1.9892206212950512	0.0
0.0405224098664254	1.9883753114465448	0.0
0.04202323986147819	1.9874992709748265	0.0
0.043524069856530984	1.9865925309888635	0.0
0.045024899851583776	1.985655142638617	0.0
0.04652572984663657	1.9846871228241156	0.0
0.04802655984168936	1.9836884788522886	0.0
0.04952738983674215	1.982659210211527	0.0
0.05102821983179494	1.9815993237280967	0.0
0.05252904982684774	1.9805088676865237	0.0
0.05402987982190052	1.9793878821472812	0.0
0.05553070981695332	1.9782363769890918	0.0
0.05703153981200611	1.9770543642424805	0.0
0.05853236980705891	1.9758418589279978	0.0
0.06003319980211169	1.9745988758527142	0.0
0.06153402979716449	1.9733254331223677	0.0
0.06303485979221728	1.9720215733605648	0.0
0.06453568978727008	1.970687316922002	0.0
0.06603651978232286	1.969322658023613	0.0
0.06753734977737566	1.9679276427071404	0.0
0.06903817977242845	1.9665023081653954	0.0
0.07053900976748124	1.9650466553875274	0.0
0.07203983976253404	1.963560714097069	0.0
0.07354066975758683	1.9620445218293714	0.0
0.07504149975263963	1.9604980830841192	0.0
0.07654232974769241	1.9589214208692258	0.0
0.07804315974274521	1.9573145877296731	0.0
0.079543989737798	1.9556776016359225	0.0
0.0810448197328508	1.954010474497756	0.0
0.08254564972790358	1.9523132505481606	0.0
0.08404647972295638	1.9505859565624715	0.0
0.08554730971800917	1.9488286163127135	0.0
0.08704813971306197	1.9470412571357103	0.0
0.08854896970811475	1.945223901702404	0.0
0.09004979970316755	1.943376592539479	0.0
0.09155062969822034	1.941499361162926	0.0
0.09305145969327314	1.9395922317382235	0.0
0.09455228968832592	1.9376552316532847	0.0
0.09605311968337872	1.9356884018079463	0.0
0.0975539496784315	1.9336917890981526	0.0
0.0990547796734843	1.9316654150936436	0.0
0.10055560966853709	1.9296093028390682	0.0
0.10205643966358988	1.9275235024970243	0.0
0.10355726965864268	1.9254080349994358	0.0
0.10505809965369547	1.9232629219045991	0.0
0.10655892964874826	1.9210882359679826	0.0
0.10805975964380105	1.9188840196813648	0.0
0.10956058963885383	1.9166502795558353	0.0
0.11106141963390664	1.9143870443074102	0.0
0.11256224962895943	1.912094364709905	0.0
0.11406307962401221	1.9097722935597996	0.0
0.115563909619065	1.9074208711368974	0.0
0.11706473961411781	1.9050401203869656	0.0
0.1185655696091706	1.9026300719608635	0.0
0.12006639960422338	1.9001907945771144	0.0
0.1215672295992762	1.897722336615742	0.0
0.12306805959432898	1.8952247026821736	0.0
0.12456888958938177	1.8926979373120918	0.0
0.12606971958443455	1.8901421178131297	0.0
0.12757054957948735	1.8875572886134748	0.0
0.12907137957454015	1.8849434540538466	0.0
0.13057220956959295	1.8823006624744443	0.0
0.13207303956464572	1.8796289975411835	0.0
0.13357386955969852	1.8769284930511754	0.0
0.13507469955475132	1.8741991726106355	0.0
0.1365755295498041	1.8714410875879013	0.0
0.1380763595448569	1.8686543009968337	0.0
0.1395771895399097	1.86583886250845	0.0
0.1410780195349625	1.8629948086118744	0.0
0.14257884953001526	1.8601221840555469	0.0
0.1440796795250681	1.8572210471589947	0.0
0.14558050952012086	1.854291453449864	0.0
0.14708133951517366	1.851333459879043	0.0
0.14858216951022643	1.8483471033808632	0.0
0.15008299950527926	1.8453324129249147	0.0
0.15158382950033203	1.8422894637220413	0.0
0.15308465949538483	1.8392183276533653	0.0
0.1545854894904376	1.8361190498960611	0.0
0.15608631948549043	1.8329916700198208	0.0
0.1575871494805432	1.8298362374518446	0.0
0.159087979475596	1.8266528194008924	0.0
0.16058880947064877	1.82344147526527	0.0
0.1620896394657016	1.8202022553521877	0.0
0.16359046946075437	1.8169352219742374	0.0
0.16509129945580717	1.8136404296608852	0.0
0.16659212945085994	1.8103179170638541	0.0
0.16809295944591277	1.8069677560000255	0.0
0.16959378944096554	1.8035900313059166	0.0
0.17109461943601834	1.8001847900839478	0.0
0.17259544943107114	1.7967520678629363	0.0
0.17409627942612393	1.7932919215731766	0.0
0.1755971094211767	1.7898044374090627	0.0
0.1770979394162295	1.786289689612581	0.0
0.1785987694112823	1.7827477199703718	0.0
0.1800995994063351	1.7791785867335321	0.0
0.18160042940138788	1.775582355376948	0.0
0.18310125939644067	1.7719590829142866	0.0
0.18460208939149347	1.7683088514892709	0.0
0.18610291938654627	1.7646317388899495	0.0
0.18760374938159904	1.7609277810780701	0.0
0.18910457937665184	1.757197039333364	0.0
0.19060540937170464	1.7534396021768741	0.0
0.19210623936675744	1.749655527593745	0.0
0.1936070693618102	1.7458448885767883	0.0
0.195107899356863	1.7420077634794624	0.0
0.1966087293519158	1.738144197682777	0.0
0.1981095593469686	1.7342542576411788	0.0
0.19961038934202138	1.7303380249321427	0.0
0.20111121933707418	1.7263955747552056	0.0
0.20261204933212695	1.722426986579587	0.0
0.20411287932717975	1.7184323219037516	0.0
0.20561370932223258	1.714411641384343	0.0
0.20711453931728535	1.7103650218664876	0.0
0.20861536931233815	1.706292542916946	0.0
0.21011619930739095	1.702194271668979	0.0
0.21161702930244372	1.6980702784234125	0.0
0.21311785929749652	1.6939206559833324	0.0
0.2146186892925493	1.6897454762443695	0.0
0.2161195192876021	1.6855448035531424	0.0
0.21762034928265492	1.6813187177877595	0.0
0.21912117927770766	1.677067295383015	0.0
0.2206220092727605	1.672790610366631	0.0
0.2221228392678133	1.6684887419016006	0.0
0.22362366926286606	1.6641617705416072	0.0
0.22512449925791886	1.6598097747081424	0.0
0.22662532925297169	1.6554328365817037	0.0
0.22812615924802443	1.6510310308160268	0.0
0.22962698924307726	1.646604440397942	0.0
0.23112781923813	1.642153145016571	0.0
0.23262864923318283	1.6376772207072212	0.0
0.23412947922823563	1.6331767554648742	0.0
0.2356303092232884	1.628651828039092	0.0
0.2371311392183412	1.6241025204915271	0.0
0.238631969213394	1.6195289197252951	0.0
0.24013279920844677	1.614931115009498	0.0
0.2416336292034996	1.6103091845125406	0.0
0.2431344591985524	1.6056631954141773	0.0
0.24463528919360517	1.6009932466031151	0.0
0.24613611918865796	1.5962994373802826	0.0
0.24763694918371074	1.591581841078391	0.0
0.24913777917876354	1.5868405439520317	0.0
0.25063860917381636	1.5820756345696054	0.0
0.2521394391688691	1.5772871897181844	0.0
0.2536402691639219	1.5724752982112034	0.0
0.2551410991589747	1.5676400597193079	0.0
0.2566419291540275	1.5627815621360304	0.0
0.2581427591490803	1.557899885534564	0.0
0.25964358914413305	1.5529951243243896	0.0
0.2611444191391859	1.5480673800811746	0.0
0.2626452491342387	1.5431167228320777	0.0
0.26414607912929144	1.5381432395077597	0.0
0.26564690912434424	1.5331470521682822	0.0
0.26714773911939704	1.5281282400671607	0.0
0.26864856911444984	1.5230868868341467	0.0
0.27014939910950264	1.5180230958793783	0.0
0.27165022910455544	1.5129369492882425	0.0
0.2731510590996082	1.5078285387019659	0.0
0.27465188909466104	1.502697973883088	0.0
0.2761527190897138	1.4975453544253585	0.0
0.2776535490847666	1.4923707517278766	0.0
0.2791543790798194	1.4871742598130226	0.0
0.2806552090748722	1.4819560038302546	0.0
0.282156039069925	1.4767160730253042	0.0
0.2836568690649778	1.471454543857899	0.0
0.2851576990600305	1.4661715180047488	0.0
0.2866585290550834	1.460867094944156	0.0
0.2881593590501362	1.455541373534948	0.0
0.2896601890451889	1.4501944573288674	0.0
0.2911610190402417	1.4448264459834446	0.0
0.2926618490352945	1.4394374342410157	0.0
0.2941626790303473	1.4340275134209666	0.0
0.2956635090254001	1.428596794513054	0.0
0.29716433902045286	1.423145376055301	0.0
0.2986651690155057	1.4176733395144636	0.0
0.3001659990105585	1.4121807996483595	0.0
0.30166682900561126	1.4066678671219681	0.0
0.30316765900066406	1.4011346397973248	0.0
0.30466848899571686	1.3955812111759245	0.0
0.30616931899076966	1.3900076809846433	0.0
0.30767014898582246	1.3844141609565142	0.0
0.3091709789808752	1.3788007426101454	0.0
0.31067180897592805	1.3731675299293968	0.0
0.31217263897098085	1.3675146368018745	0.0
0.3136734689660336	1.3618421610088194	0.0
0.3151742989610864	1.356150208377942	0.0
0.3166751289561392	1.350438884787817	0.0
0.318175958951192	1.3447082883082784	0.0
0.3196767889462448	1.3389585244689344	0.0
0.32117761894129754	1.3331896969697874	0.0
0.3226784489363504	1.3274019139797686	0.0
0.3241792789314032	1.3215952775779731	0.0
0.32568010892645594	1.315769890853008	0.0
0.32718093892150873	1.309925878532017	0.0
0.32868176891656153	1.3040633419816585	0.0
0.33018259891161433	1.2981823705093165	0.0
0.33168342890666713	1.2922830736853717	0.0
0.3331842589017199	1.2863655711548043	0.0
0.3346850888967727	1.2804299650248718	0.0
0.33618591889182553	1.2744763558604986	0.0
0.3376867488868783	1.2685048662957283	0.0
0.3391875788819311	1.2625155962072312	0.0
0.3406884088769839	1.2565086457457344	0.0
0.34218923887203667	1.2504841327738636	0.0
0.34369006886708947	1.2444421626168136	0.0
0.34519089886214227	1.238382848370929	0.0
0.346691728857195	1.2323063055084043	0.0
0.34819255885224787	1.2262126269756048	0.0
0.3496933888473006	1.220101921196467	0.0
0.3511942188423534	1.2139743153518767	0.0
0.3526950488374062	1.2078299110213917	0.0
0.354195878832459	1.2016688128957833	0.0
0.3556967088275118	1.1954911394742633	0.0
0.3571975388225646	1.1892969919772862	0.0
0.35869836881761735	1.1830864840077293	0.0
0.3601991988126702	1.1768597371165863	0.0
0.361700028807723	1.1706168507756316	0.0
0.36320085880277575	1.1643579376698088	0.0
0.36470168879782855	1.1580831164656256	0.0
0.36620251879288135	1.1517924908036683	0.0
0.36770334878793415	1.1454861654794468	0.0
0.36920417878298695	1.1391642602578858	0.0
0.3707050087780397	1.1328268975531157	0.0
0.37220583877309255	1.1264741729556333	0.0
0.37370666876814534	1.120106194578417	0.0
0.3752074987631981	1.1137230876549566	0.0
0.3767083287582509	1.1073249629099404	0.0
0.3782091587533037	1.1009119329000978	0.0
0.3797099887483565	1.094484110512758	0.0
0.3812108187434093	1.0880416025476531	0.0
0.38271164873846203	1.081584525404641	0.0
0.3842124787335149	1.0751129889679791	0.0
0.3857133087285677	1.0686270994793237	0.0
0.3872141387236204	1.0621269845531867	0.0
0.38871496871867317	1.0556127518872396	0.0
0.390215798713726	1.0490845065643926	0.0
0.3917166287087788	1.0425423708436838	0.0
0.3932174587038316	1.0359864538249641	0.0
0.3947182886988844	1.0294168686276721	0.0
0.3962191186939372	1.022833735226773	0.0
0.39771994868898997	1.016237158434654	0.0
0.39922077868404277	1.009627248493054	0.0
0.40072160867909556	1.0030041314133216	0.0
0.40222243867414836	0.9963679161147989	0.0
0.4037232686692012	0.9897187071058775	0.0
0.4052240986642539	0.9830566214537185	0.0
0.4067249286593067	0.9763817781145855	0.0
0.4082257586543595	0.9696942929821659	0.0
0.40972658864941236	0.9629942695493555	0.0
0.41122741864446516	0.9562818208306854	0.0
0.41272824863951796	0.9495570708304952	0.0
0.4142290786345707	0.9428201280029588	0.0
0.4157299086296235	0.9360711075319756	0.0
0.4172307386246763	0.9293101182098876	0.0
0.4187315686197291	0.9225372626856716	0.0
0.4202323986147819	0.9157526686413928	0.0
0.42173322860983464	0.9089564615377688	0.0
0.42323405860488744	0.9021487419306304	0.0
0.42473488859994024	0.8953296109793022	0.0
0.42623571859499304	0.8884991899052742	0.0
0.42773654859004584	0.8816575983188797	0.0
0.4292373785850986	0.874804947037386	0.0
0.4307382085801514	0.8679413480802018	0.0
0.4322390385752042	0.8610669136350491	0.0
0.43373986857025704	0.8541817514637506	0.0
0.43524069856530984	0.84728598333795	0.0
0.43674152856036264	0.8403797294776496	0.0
0.4382423585554153	0.8334630879752896	0.0
0.4397431885504682	0.8265361686214607	0.0
0.441244018545521	0.8195990974287695	0.0
0.4427448485405738	0.8126519853479276	0.0
0.4442456785356266	0.8056949325942142	0.0
0.4457465085306793	0.7987280583701327	0.0
0.4472473385257321	0.7917514820761552	0.0
0.4487481685207849	0.7847653139103972	0.0
0.4502489985158377	0.7777696626577855	0.0
0.4517498285108905	0.7707646364683185	0.0
0.45325065850594337	0.7637503521493689	0.0
0.45475148850099606	0.7567269226851975	0.0
0.45625231849604886	0.7496944613048271	0.0
0.45775314849110166	0.7426530818288124	0.0
0.4592539784861545	0.7356028903288367	0.0
0.4607548084812073	0.7285439952334483	0.0
0.46225563847626	0.721476514673745	0.0
0.46375646847131285	0.714400563842521	0.0
0.46525729846636565	0.7073162476766539	0.0
0.46675812846141845	0.7002236799579198	0.0
0.46825895845647125	0.6931229682325739	0.0
0.46975978845152405	0.6860142209349853	0.0
0.4712606184465768	0.6788975576166676	0.0
0.4727614484416296	0.6717730902923386	0.0
0.4742622784366824	0.6646409248093619	0.0
0.4757631084317352	0.6575011673306312	0.0
0.477263938426788	0.6503539379769606	0.0
0.47876476842184074	0.6431993439787831	0.0
0.48026559841689354	0.6360374862700144	0.0
0.48176642841194633	0.6288684866478331	0.0
0.4832672584069992	0.6216924538883004	0.0
0.484768088402052	0.6145094943697489	0.0
0.4862689183971048	0.6073197246428961	0.0
0.4877697483921575	0.6001232463571221	0.0
0.48927057838721033	0.5929201673943191	0.0
0.49077140838226313	0.5857106026222052	0.0
0.49227223837731593	0.5784946591217959	0.0
0.49377306837236873	0.5712724492133203	0.0
0.4952738983674215	0.5640440837918493	0.0
0.49677472836247427	0.5568096684471919	0.0
0.49827555835752707	0.5495693077536441	0.0
0.49977638835257987	0.5423231116421561	0.0
0.5012772183476327	0.5350711905345372	0.0
0.5027780483426855	0.527813656762337	0.0
0.5042788783377382	0.5205506212537307	0.0
0.5057797083327911	0.5132821846507211	0.0
0.5072805383278438	0.5060084530583946	0.0
0.5087813683228967	0.498729538009594	0.0
0.5102821983179494	0.49144554691701003	0.0
0.5117830283130022	0.4841565862780659	0.0
0.513283858308055	0.4768627707213584	0.0
0.5147846883031078	0.4695642014073662	0.0
0.5162855182981606	0.4622609851662156	0.0
0.5177863482932135	0.4549532386396297	0.0
0.5192871782882661	0.4476410552220991	0.0
0.520788008283319	0.44032454197947	0.0
0.5222888382783718	0.43300381445060804	0.0
0.5237896682734245	0.4256789777962505	0.0
0.5252904982684774	0.4183501383583411	0.0
0.5267913282635301	0.4110173966506375	0.0
0.5282921582585829	0.40368086101293976	0.0
0.5297929882536357	0.3963406458875925	0.0
0.5312938182486885	0.388996853904774	0.0
0.5327946482437413	0.38164957978976266	0.0
0.5342954782387941	0.3742989326678082	0.0
0.5357963082338468	0.3669450326031277	0.0
0.5372971382288997	0.3595879794498742	0.0
0.5387979682239524	0.35222787121395055	0.0
0.5402987982190053	0.3448648158218313	0.0
0.5417996282140581	0.3374989200937363	0.0
0.5433004582091109	0.3301302919018191	0.0
0.5448012882041636	0.3227590339240931	0.0
0.5463021181992164	0.31538524448381844	0.0
0.5478029481942692	0.30800902880122205	0.0
0.5493037781893221	0.3006305000545122	0.0
0.5508046081843748	0.29324976528495933	0.0
0.5523054381794276	0.2858669222932345	0.0
0.5538062681744804	0.27848207439043204	0.0
0.5553070981695332	0.27109532563074046	0.0
0.556807928164586	0.2637067791865123	0.0
0.5583087581596388	0.2563165444226697	0.0
0.5598095881546916	0.24892472041100364	0.0
0.5613104181497444	0.24153141727361083	0.0
0.5628112481447971	0.2341367363335051	0.0
0.56431207813985	0.2267407684401154	0.0
0.5658129081349027	0.21934363431333617	0.0
0.5673137381299556	0.21194543244718236	0.0
0.5688145681250083	0.20454625816110997	0.0
0.570315398120061	0.19714622177653776	0.0
0.5718162281151139	0.18974542763375787	0.0
0.5733170581101668	0.1823439813634866	0.0
0.5748178881052195	0.17494197725803926	0.0
0.5763187181002724	0.16753952274436115	0.0
0.5778195480953251	0.16013672301993026	0.0
0.5793203780903778	0.15273367438789048	0.0
0.5808212080854307	0.1453304816570623	0.0
0.5823220380804834	0.1379272471151909	0.0
0.5838228680755363	0.13052407724602894	0.0
0.585323698070589	0.12312107353828117	0.0
0.5868245280656418	0.11571833390389413	0.0
0.5883253580606946	0.10831596270994037	0.0
0.5898261880557474	0.10091406427376048	0.0
0.5913270180508002	0.09351273871171467	0.0
0.592827848045853	0.086112087251631	0.0
0.5943286780409057	0.07871221527742933	0.0
0.5958295080359586	0.07131322190610379	0.0
0.5973303380310114	0.06391520790003763	0.0
0.5988311680260642	0.05651827832965267	0.0
0.600331998021117	0.049122531103014955	0.0
0.6018328280161698	0.041728070706470055	0.0
0.6033336580112225	0.03433500309207005	0.0
0.6048344880062754	0.02694342839668401	0.0
0.6063353180013281	0.01955343993288433	0.0
0.607836147996381	0.012165133973951414	0.0
0.6093369779914337	0.004778627055675999	0.0
0.6108378079864865	-0.0026059790174241537	0.0
0.6123386379815393	-0.009988588360200168	0.0
0.6138394679765921	-0.017369097660775823	0.0
0.6153402979716449	-0.024747412309052585	0.0
0.6168411279666978	-0.032123426975522396	0.0
0.6183419579617504	-0.03949703545542638	0.0
0.6198427879568033	-0.04686814130151212	0.0
0.6213436179518561	-0.05423664407111406	0.0
0.6228444479469089	-0.06160243740266774	0.0
0.6243452779419617	-0.06896542578494286	0.0
0.6258461079370145	-0.0763255110505161	0.0
0.6273469379320672	-0.08368258390931183	0.0
0.62884776792712	-0.09103654505508652	0.0
0.6303485979221728	-0.09838729584861738	0.0
0.6318494279172256	-0.10573473953647272	0.0
0.6333502579122784	-0.11307877008562656	0.0
0.6348510879073311	-0.12041928176896621	0.0
0.636351917902384	-0.12775617900953584	0.0
0.6378527478974367	-0.13508936079152056	0.0
0.6393535778924896	-0.14241872969128277	0.0
0.6408544078875424	-0.14974418168570935	0.0
0.6423552378825951	-0.1570656089234671	0.0
0.6438560678776479	-0.16438291569309899	0.0
0.6453568978727008	-0.171696010387971	0.0
0.6468577278677535	-0.17900478505015777	0.0
0.6483585578628064	-0.18630913315008896	0.0
0.6498593878578591	-0.19360895737301348	0.0
0.6513602178529119	-0.200904155262217	0.0
0.6528610478479647	-0.20819462922366133	0.0
0.6543618778430175	-0.21548028150959636	0.0
0.6558627078380703	-0.22276100906664076	0.0
0.6573635378331231	-0.23003670856207553	0.0
0.6588643678281758	-0.2373072814716336	0.0
0.6603651978232287	-0.24457262747375147	0.0
0.6618660278182814	-0.25183264109665	0.0
0.6633668578133343	-0.2590872221168784	0.0
0.6648676878083871	-0.26633627099925045	0.0
0.6663685178034398	-0.2735796865913468	0.0
0.6678693477984926	-0.2808173733922136	0.0
0.6693701777935454	-0.2880492273808977	0.0
0.6708710077885982	-0.295275141794399	0.0
0.6723718377836511	-0.30249502319443994	0.0
0.6738726677787038	-0.30970877574345373	0.0
0.6753734977737565	-0.3169162911483547	0.0
0.6768743277688094	-0.3241174590470764	0.0
0.6783751577638621	-0.3313121867228013	0.0
0.679875987758915	-0.33850037904226654	0.0
0.6813768177539677	-0.34568193097533356	0.0
0.6828776477490205	-0.352856744585991	0.0
0.6843784777440733	-0.36002471345600545	0.0
0.6858793077391261	-0.36718573504281476	0.0
0.6873801377341789	-0.37433971479415296	0.0
0.6888809677292317	-0.38148655391100117	0.0
0.6903817977242845	-0.3886261461920404	0.0
0.6918826277193373	-0.39575838821059295	0.0
0.69338345771439	-0.40288318615223284	0.0
0.6948842877094429	-0.4100004365543785	0.0
0.6963851177044957	-0.4171100337969295	0.0
0.6978859476995485	-0.4242118787388264	0.0
0.6993867776946012	-0.4313058740594855	0.0
0.7008876076896541	-0.43839191894690405	0.0
0.7023884376847068	-0.4454699140621109	0.0
0.7038892676797597	-0.4525397575582767	0.0
0.7053900976748124	-0.4596013404094899	0.0
0.7068909276698653	-0.4666545651269619	0.0
0.708391757664918	-0.47369933676294396	0.0
0.7098925876599708	-0.48073555168402643	0.0
0.7113934176550236	-0.4877631071075363	0.0
0.7128942476500764	-0.4947819084937892	0.0
0.7143950776451292	-0.5017918522324967	0.0
0.715895907640182	-0.5087928312975097	0.0
0.7173967376352347	-0.5157847514369774	0.0
0.7188975676302876	-0.5227675075509184	0.0
0.7203983976253404	-0.5297409968255451	0.0
0.7218992276203932	-0.5367051282696804	0.0
0.723400057615446	-0.5436598003119786	0.0
0.7249008876104988	-0.5506049061477829	0.0
0.7264017176055515	-0.5575403438176447	0.0
0.7279025476006044	-0.5644660132982656	0.0
0.7294033775956571	-0.5713818177583022	0.0
0.73090420759071	-0.578287664075061	0.0
0.7324050375857627	-0.585183443007208	0.0
0.7339058675808154	-0.5920690452492741	0.0
0.7354066975758683	-0.5989443825757329	0.0
0.736907527570921	-0.6058093584640433	0.0
0.7384083575659739	-0.6126638648281428	0.0
0.7399091875610266	-0.6195077963482908	0.0
0.7414100175560794	-0.6263410622993593	0.0
0.7429108475511322	-0.6331635645300536	0.0
0.7444116775461851	-0.6399751964518774	0.0
0.7459125075412378	-0.6467758617306907	0.0
0.7474133375362907	-0.6535654532024593	0.0
0.7489141675313434	-0.6603438782069444	0.0
0.7504149975263962	-0.6671110395735302	0.0
0.751915827521449	-0.6738668271549444	0.0
0.7534166575165018	-0.6806111521191404	0.0
0.7549174875115546	-0.6873439135674831	0.0
0.7564183175066074	-0.6940650046333202	0.0
0.7579191475016601	-0.7007743274033804	0.0
0.759419977496713	-0.7074717875317774	0.0
0.7609208074917657	-0.7141572857865011	0.0
0.7624216374868186	-0.7208307204266743	0.0
0.7639224674818714	-0.7274919982296022	0.0
0.7654232974769241	-0.7341410139494915	0.0
0.7669241274719769	-0.7407776660638714	0.0
0.7684249574670298	-0.7474018628845465	0.0
0.7699257874620825	-0.7540135020776466	0.0
0.7714266174571354	-0.7606124864101245	0.0
0.772927447452188	-0.7671987207548931	0.0
0.7744282774472409	-0.773772105435877	0.0
0.7759291074422937	-0.7803325413164681	0.0
0.7774299374373463	-0.7868799305378877	0.0
0.7789307674323993	-0.7934141713428553	0.0
0.780431597427452	-0.7999351659736165	0.0
0.7819324274225049	-0.8064428307260179	0.0
0.7834332574175576	-0.8129370633688203	0.0
0.7849340874126104	-0.8194177595928936	0.0
0.7864349174076632	-0.8258848214267627	0.0
0.787935747402716	-0.832338153896299	0.0
0.7894365773977688	-0.8387776677224497	0.0
0.7909374073928216	-0.8452032639550395	0.0
0.7924382373878744	-0.8516148438665068	0.0
0.7939390673829272	-0.8580123093208807	0.0
0.7954398973779799	-0.8643955682687114	0.0
0.7969407273730328	-0.8707645230772598	0.0
0.7984415573680855	-0.8771190807325222	0.0
0.7999423873631384	-0.8834591520252586	0.0
0.8014432173581911	-0.8897846306889439	0.0
0.8029440473532439	-0.8960954193986872	0.0
0.8044448773482967	-0.9023914315079706	0.0
0.8059457073433495	-0.9086725755713947	0.0
0.8074465373384024	-0.9149387533108873	0.0
0.8089473673334551	-0.9211898685608284	0.0
0.8104481973285078	-0.9274258315061816	0.0
0.8119490273235607	-0.9336465493540762	0.0
0.8134498573186134	-0.9398519261482902	0.0
0.8149506873136664	-0.9460418699030813	0.0
0.816451517308719	-0.9522162918262598	0.0
0.8179523473037718	-0.9583750954135117	0.0
0.8194531772988247	-0.96451818326188	0.0
0.8209540072938774	-0.9706454739628243	0.0
0.8224548372889303	-0.9767568747711235	0.0
0.8239556672839831	-0.9828522876297314	0.0
0.8254564972790359	-0.9889316285396901	0.0
0.8269573272740887	-0.9949948000565142	0.0
0.8284581572691414	-1.0010417125451643	0.0
0.8299589872641943	-1.0070722834033439	0.0
0.831459817259247	-1.013086420931259	0.0
0.8329606472542999	-1.0190840352607018	0.0
0.8344614772493526	-1.0250650354220303	0.0
0.8359623072444053	-1.031029329602144	0.0
0.8374631372394582	-1.036976830417949	0.0
0.8389639672345109	-1.0429074544599457	0.0
0.8404647972295638	-1.0488211147259243	0.0
0.8419656272246165	-1.0547177193389694	0.0
0.8434664572196693	-1.0605971781638373	0.0
0.8449672872147221	-1.0664594132311283	0.0
0.8464681172097749	-1.0723043353247257	0.0
0.8479689472048277	-1.0781318512883438	0.0
0.8494697771998805	-1.0839418850835691	0.0
0.8509706071949332	-1.0897343494977765	0.0
0.8524714371899861	-1.095509157541747	0.0
0.8539722671850388	-1.1012662256776071	0.0
0.8554730971800917	-1.107005465426941	0.0
0.8569739271751444	-1.1127267959759841	0.0
0.8584747571701972	-1.1184301372008407	0.0
0.85997558716525	-1.1241154097657902	0.0
0.8614764171603028	-1.129782524821538	0.0
0.8629772471553557	-1.1354313971154404	0.0
0.8644780771504084	-1.1410619478253985	0.0
0.8659789071454613	-1.146674097277038	0.0
0.8674797371405141	-1.1522677702295698	0.0
0.8689805671355667	-1.1578428783040757	0.0
0.8704813971306197	-1.1633993363839283	0.0
0.8719822271256723	-1.1689370751337185	0.0
0.8734830571207253	-1.1744560222570695	0.0
0.874983887115778	-1.1799560839638312	0.0
0.8764847171108306	-1.1854371802725034	0.0
0.8779855471058836	-1.1908992494214679	0.0
0.8794863771009364	-1.1963422071440637	0.0
0.8809872070959892	-1.2017659694764755	0.0
0.882488037091042	-1.2071704646976347	0.0
0.8839888670860947	-1.21255562323717	0.0
0.8854896970811476	-1.2179213657843495	0.0
0.8869905270762003	-1.2232676114697105	0.0
0.8884913570712532	-1.2285942955593758	0.0
0.8899921870663059	-1.2339013427528462	0.0
0.8914930170613586	-1.2391886703495436	0.0
0.8929938470564115	-1.2444562068919727	0.0
0.8944946770514642	-1.2497038867068557	0.0
0.8959955070465171	-1.2549316411193328	0.0
0.8974963370415698	-1.2601393941400183	0.0
0.8989971670366227	-1.2653270726059218	0.0
0.9004979970316754	-1.2704946021756638	0.0
0.9019988270267282	-1.275641913786012	0.0
0.903499657021781	-1.2807689511437634	0.0
0.9050004870168338	-1.28587564796669	0.0
0.9065013170118867	-1.2909619155379457	0.0
0.9080021470069394	-1.2960276852912336	0.0
0.9095029770019921	-1.3010729078250227	0.0
0.911003806997045	-1.3060975120053433	0.0
0.9125046369920977	-1.3111014289445366	0.0
0.9140054669871507	-1.3160845920751827	0.0
0.9155062969822033	-1.3210469332192292	0.0
0.9170071269772561	-1.3259883923347866	0.0
0.918507956972309	-1.3309089043930207	0.0
0.9200087869673617	-1.3358084076340027	0.0
0.9215096169624146	-1.340686840831185	0.0
0.9230104469574674	-1.3455441354421565	0.0
0.92451127695252	-1.3503802333649433	0.0
0.926012106947573	-1.3551950748868915	0.0
0.9275129369426257	-1.3599885931397253	0.0
0.9290137669376786	-1.3647607326322229	0.0
0.9305145969327313	-1.3695114373099906	0.0
0.932015426927784	-1.3742406451338198	0.0
0.9335162569228369	-1.3789482916162754	0.0
0.9350170869178897	-1.3836343251381127	0.0
0.9365179169129425	-1.3882986970783742	0.0
0.9380187469079952	-1.3929413364679515	0.0
0.9395195769030481	-1.3975621877692266	0.0
0.9410204068981008	-1.4021612048753447	0.0
0.9425212368931536	-1.4067383278585637	0.0
0.9440220668882064	-1.4112935021559383	0.0
0.9455228968832592	-1.415826671681346	0.0
0.947023726878312	-1.4203377896568337	0.0
0.9485245568733648	-1.4248268031979128	0.0
0.9500253868684175	-1.4292936469676707	0.0
0.9515262168634704	-1.4337382829036123	0.0
0.9530270468585231	-1.4381606635472561	0.0
0.954527876853576	-1.4425607284338922	0.0
0.9560287068486287	-1.446938432409142	0.0
0.9575295368436815	-1.451293724977212	0.0
0.9590303668387343	-1.4556265578916285	0.0
0.9605311968337871	-1.459936884465506	0.0
0.96203202682884	-1.4642246548769666	0.0
0.9635328568238927	-1.4684898249551896	0.0
0.9650336868189454	-1.4727323516831354	0.0
0.9665345168139984	-1.4769521814055226	0.0
0.968035346809051	-1.4811492720829076	0.0
0.969536176804104	-1.4853235836930527	0.0
0.9710370067991567	-1.489475068065576	0.0
0.9725378367942096	-1.493603685282983	0.0
0.9740386667892623	-1.4977093901513294	0.0
0.975539496784315	-1.5017921402592784	0.0
0.9770403267793679	-1.5058518971613701	0.0
0.9785411567744207	-1.5098886217453074	0.0
0.9800419867694735	-1.513902266075096	0.0
0.9815428167645263	-1.5178927910243674	0.0
0.983043646759579	-1.5218601680265769	0.0
0.9845444767546319	-1.5258043483071018	0.0
0.9860453067496846	-1.5297252934301244	0.0
0.9875461367447375	-1.5336229766669294	0.0
0.9890469667397902	-1.537497355468712	0.0
0.990547796734843	-1.5413483897283957	0.0
0.9920486267298958	-1.5451760438882154	0.0
0.9935494567249485	-1.548980284007457	0.0
0.9950502867200014	-1.552761080461574	0.0
0.9965511167150541	-1.5565184021883067	0.0
0.9980519467101069	-1.5602522101204008	0.0
0.9995527767051597	-1.5639624649121453	0.0
1.0010536067002125	-1.567649141874297	0.0
1.0025544366952654	-1.5713122081047257	0.0
1.0040552666903182	-1.5749516295003017	0.0
1.005556096685371	-1.5785673834369292	0.0
1.0070569266804237	-1.582159432634866	0.0
1.0085577566754764	-1.5857277497912172	0.0
1.0100585866705294	-1.5892723110621658	0.0
1.0115594166655821	-1.5927930775433747	0.0
1.0130602466606349	-1.5962900277393692	0.0
1.0145610766556876	-1.5997631343739616	0.0
1.0160619066507404	-1.6032123704163928	0.0
1.0175627366457933	-1.6066377138629508	0.0
1.019063566640846	-1.610039128330216	0.0
1.0205643966358988	-1.613416596929297	0.0
1.0220652266309516	-1.616770095083856	0.0
1.0235660566260043	-1.6200995904321835	0.0
1.0250668866210573	-1.6234050669915896	0.0
1.02656771661611	-1.6266865053820942	0.0
1.0280685466111628	-1.6299438770603711	0.0
1.0295693766062155	-1.6331771535126947	0.0
1.0310702066012682	-1.6363863246403332	0.0
1.0325710365963212	-1.6395713701236716	0.0
1.034071866591374	-1.6427322577100771	0.0
1.035572696586427	-1.645868974882584	0.0
1.0370735265814794	-1.648981507210664	0.0
1.0385743565765322	-1.6520698238231364	0.0
1.0400751865715852	-1.6551339092370225	0.0
1.041576016566638	-1.658173754363206	0.0
1.0430768465616909	-1.6611893313576904	0.0
1.0445776765567436	-1.6641806257461969	0.0
1.0460785065517963	-1.6671476281075943	0.0
1.047579336546849	-1.6700903141004702	0.0
1.0490801665419018	-1.6730086665328687	0.0
1.0505809965369548	-1.6759026727385231	0.0
1.0520818265320075	-1.6787723218421915	0.0
1.0535826565270603	-1.6816175982051422	0.0
1.055083486522113	-1.6844384814382611	0.0
1.0565843165171658	-1.6872349620150846	0.0
1.0580851465122187	-1.690007031057635	0.0
1.0595859765072715	-1.6927546690378628	0.0
1.0610868065023242	-1.6954778613044101	0.0
1.062587636497377	-1.6981766070663622	0.0
1.0640884664924297	-1.7008508927906751	0.0
1.0655892964874827	-1.7035006979451577	0.0
1.0670901264825354	-1.7061260153062383	0.0
1.0685909564775882	-1.7087268393401347	0.0
1.070091786472641	-1.7113031592787618	0.0
1.0715926164676937	-1.7138549623860044	0.0
1.0730934464627466	-1.7163822377785	0.0
1.0745942764577994	-1.7188849826739339	0.0
1.0760951064528521	-1.7213631919058816	0.0
1.0775959364479049	-1.7238168494840884	0.0
1.0790967664429576	-1.7262459455136878	0.0
1.0805975964380106	-1.7286504766767479	0.0
1.0820984264330633	-1.7310304409594115	0.0
1.0835992564281163	-1.7333858308757293	0.0
1.0851000864231688	-1.7357166327169582	0.0
1.0866009164182218	-1.7380228407722855	0.0
1.0881017464132745	-1.7403044620615984	0.0
1.0896025764083273	-1.7425614855434866	0.0
1.0911034064033802	-1.7447938957937712	0.0
1.0926042363984327	-1.747001699018577	0.0
1.0941050663934857	-1.7491848908453291	0.0
1.0956058963885384	-1.751343464111371	0.0
1.0971067263835912	-1.7534774188582682	0.0
1.0986075563786442	-1.7555867474353877	0.0
1.100108386373697	-1.7576714438780732	0.0
1.1016092163687496	-1.7597315156147761	0.0
1.1031100463638024	-1.761766957998286	0.0
1.1046108763588551	-1.7637777613550305	0.0
1.106111706353908	-1.7657639285082343	0.0
1.1076125363489608	-1.7677254602635475	0.0
1.1091133663440136	-1.7696623542888286	0.0
1.1106141963390663	-1.7715746039199685	0.0
1.112115026334119	-1.7734622151911879	0.0
1.113615856329172	-1.7753251884515622	0.0
1.1151166863242248	-1.7771635135727664	0.0
1.1166175163192775	-1.7789771999299673	0.0
1.1181183463143303	-1.7807662519928456	0.0
1.1196191763093832	-1.7825306606642475	0.0
1.121120006304436	-1.7842704230459483	0.0
1.1226208362994887	-1.7859855491800463	0.0
1.1241216662945415	-1.7876760407451786	0.0
1.1256224962895942	-1.7893418919448116	0.0
1.1271233262846472	-1.7909831091498871	0.0
1.1286241562797	-1.7925996928973464	0.0
1.1301249862747527	-1.7941916452969013	0.0
1.1316258162698054	-1.7957589744435472	0.0
1.1331266462648582	-1.7973016749004738	0.0
1.1346274762599111	-1.798819746651617	0.0
1.1361283062549639	-1.8003131998099304	0.0
1.1376291362500166	-1.8017820353960907	0.0
1.1391299662450696	-1.8032262547290971	0.0
1.140630796240122	-1.8046458625079997	0.0
1.142131626235175	-1.8060408635108054	0.0
1.1436324562302278	-1.8074112598478382	0.0
1.1451332862252805	-1.8087570545732983	0.0
1.1466341162203335	-1.8100782545821918	0.0
1.1481349462153863	-1.8113748606922448	0.0
1.149635776210439	-1.812646876566308	0.0
1.1511366062054917	-1.8138943083316053	0.0
1.1526374362005447	-1.8151171606995011	0.0
1.1541382661955975	-1.8163154405154875	0.0
1.1556390961906502	-1.8174891477899395	0.0
1.157139926185703	-1.8186382899313696	0.0
1.1586407561807557	-1.8197628733686337	0.0
1.1601415861758086	-1.8208629008413275	0.0
1.1616424161708614	-1.8219383830823754	0.0
1.1631432461659141	-1.822989319214832	0.0
1.1646440761609669	-1.8240157142628248	0.0
1.1661449061560196	-1.8250175777357462	0.0
1.1676457361510726	-1.8259949132666564	0.0
1.1691465661461253	-1.8269477295309502	0.0
1.170647396141178	-1.8278760297984193	0.0
1.1721482261362308	-1.8287798205970174	0.0
1.1736490561312836	-1.8296591089539536	0.0
1.1751498861263365	-1.8305138977022182	0.0
1.1766507161213893	-1.8313441980997593	0.0
1.178151546116442	-1.832150014797717	0.0
1.1796523761114948	-1.8329313539374295	0.0
1.1811532061065475	-1.8336882242483075	0.0
1.1826540361016005	-1.8344206280293502	0.0
1.1841548660966532	-1.83512857336168	0.0
1.185655696091706	-1.8358120683060501	0.0
1.187156526086759	-1.8364711190682246	0.0
1.1886573560818114	-1.8371057334011662	0.0
1.1901581860768644	-1.837715918905834	0.0
1.1916590160719172	-1.8383016825396563	0.0
1.1931598460669701	-1.8388630284491332	0.0
1.1946606760620229	-1.8393999664240768	0.0
1.1961615060570754	-1.8399125069824784	0.0
1.1976623360521284	-1.8404006503434291	0.0
1.199163166047181	-1.8408644067230187	0.0
1.200663996042234	-1.841303786034356	0.0
1.2021648260372868	-1.8417187902614376	0.0
1.2036656560323395	-1.8421094293683944	0.0
1.2051664860273923	-1.8424757170743318	0.0
1.206667316022445	-1.8428176604670883	0.0
1.208168146017498	-1.8431352555315914	0.0
1.2096689760125507	-1.8434285131878683	0.0
1.2111698060076035	-1.8436974504204258	0.0
1.2126706360026562	-1.8439420697139663	0.0
1.214171465997709	-1.8441623813577899	0.0
1.215672295992762	-1.844358393355335	0.0
1.2171731259878147	-1.8445301063487256	0.0
1.2186739559828674	-1.8446775315364659	0.0
1.2201747859779202	-1.8448006842180726	0.0
1.221675615972973	-1.844899567505534	0.0
1.2231764459680259	-1.8449741824287496	0.0
1.2246772759630786	-1.8450245443623166	0.0
1.2261781059581316	-1.8450506656772858	0.0
1.2276789359531841	-1.8450525479549937	0.0
1.2291797659482369	-1.8450301994734692	0.0
1.2306805959432898	-1.8449836340997467	0.0
1.2321814259383426	-1.8449128534858392	0.0
1.2336822559333955	-1.8448178662185608	0.0
1.235183085928448	-1.8446986903470377	0.0
1.2366839159235008	-1.8445553261397905	0.0
1.2381847459185538	-1.844387777945523	0.0
1.2396855759136065	-1.8441960633621521	0.0
1.2411864059086595	-1.8439801894441232	0.0
1.2426872359037122	-1.8437401589758535	0.0
1.2441880658987647	-1.8434759840026023	0.0
1.2456888958938177	-1.8431876779950935	0.0
1.2471897258888704	-1.842875244687034	0.0
1.2486905558839234	-1.8425386891169877	0.0
1.2501913858789762	-1.8421780267728989	0.0
1.251692215874029	-1.8417932656770337	0.0
1.2531930458690816	-1.8413844121787277	0.0
1.2546938758641344	-1.8409514794210784	0.0
1.2561947058591874	-1.8404944745519656	0.0
1.25769553585424	-1.8400134024836556	0.0
1.2591963658492928	-1.839508274507356	0.0
1.2606971958443456	-1.8389791032917506	0.0
1.2621980258393983	-1.838425897376431	0.0
1.2636988558344513	-1.837848667223498	0.0
1.265199685829504	-1.8372474180967147	0.0
1.2667005158245568	-1.8366221575053188	0.0
1.2682013458196095	-1.8359728997524203	0.0
1.2697021758146623	-1.8352996528748835	0.0
1.2712030058097152	-1.8346024296606704	0.0
1.272703835804768	-1.8338812389508816	0.0
1.2742046657998207	-1.8331360821292286	0.0
1.2757054957948735	-1.8323669773487583	0.0
1.2772063257899262	-1.8315739409638168	0.0
1.2787071557849792	-1.8307569731885553	0.0
1.280207985780032	-1.8299160852191698	0.0
1.2817088157750849	-1.8290512912506054	0.0
1.2832096457701374	-1.8281625964392991	0.0
1.2847104757651902	-1.8272500086597863	0.0
1.2862113057602431	-1.8263135451230808	0.0
1.2877121357552959	-1.8253532217687867	0.0
1.2892129657503488	-1.8243690403528603	0.0
1.2907137957454016	-1.823361010838339	0.0
1.292214625740454	-1.8223291479588783	0.0
1.293715455735507	-1.8212734621755766	0.0
1.2952162857305598	-1.8201939658888606	0.0
1.2967171157256128	-1.8190906694106121	0.0
1.2982179457206655	-1.8179635855861545	0.0
1.2997187757157183	-1.8168127229323827	0.0
1.301219605710771	-1.8156380936116019	0.0
1.3027204357058237	-1.8144397150963147	0.0
1.3042212657008767	-1.8132175925253833	0.0
1.3057220956959295	-1.8119717353279985	0.0
1.3072229256909822	-1.8107021635956215	0.0
1.308723755686035	-1.8094088919167683	0.0
1.3102245856810877	-1.8080919289841488	0.0
1.3117254156761406	-1.8067512805286245	0.0
1.3132262456711934	-1.8053869651054004	0.0
1.3147270756662461	-1.8039989988035805	0.0
1.3162279056612989	-1.8025873897272988	0.0
1.3177287356563516	-1.8011521538680682	0.0
1.3192295656514046	-1.7996933047555563	0.0
1.3207303956464573	-1.7982108608523897	0.0
1.32223122564151	-1.796704834527172	0.0
1.3237320556365628	-1.795175228260653	0.0
1.3252328856316156	-1.793622061127461	0.0
1.3267337156266685	-1.7920453567465158	0.0
1.3282345456217213	-1.79044512398595	0.0
1.3297353756167742	-1.7888213771727897	0.0
1.3312362056118268	-1.7871741336670284	0.0
1.3327370356068795	-1.7855034031181134	0.0
1.3342378656019325	-1.7838092058385486	0.0
1.3357386955969852	-1.782091560569657	0.0
1.3372395255920382	-1.7803504828194632	0.0
1.3387403555870907	-1.7785859854308574	0.0
1.3402411855821437	-1.7767980786570026	0.0
1.3417420155771964	-1.7749867849493053	0.0
1.3432428455722492	-1.7731521213875814	0.0
1.3447436755673021	-1.7712941094405177	0.0
1.3462445055623549	-1.769412766501872	0.0
1.3477453355574076	-1.7675081013943794	0.0
1.3492461655524604	-1.765580136045711	0.0
1.350746995547513	-1.7636288916152385	0.0
1.352247825542566	-1.7616543851315776	0.0
1.3537486555376188	-1.7596566314655495	0.0
1.3552494855326715	-1.7576356549021184	0.0
1.3567503155277243	-1.7555914742197278	0.0
1.358251145522777	-1.7535241025807946	0.0
1.35975197551783	-1.751433569996554	0.0
1.3612528055128827	-1.7493198939155428	0.0
1.3627536355079355	-1.747183083919665	0.0
1.3642544655029882	-1.7450231706457813	0.0
1.365755295498041	-1.7428401787277945	0.0
1.367256125493094	-1.7406341186038357	0.0
1.3687569554881467	-1.7384050208965396	0.0
1.3702577854831994	-1.73615290748207	0.0
1.3717586154782522	-1.7338777902471039	0.0
1.3732594454733051	-1.7315797006880351	0.0
1.3747602754683579	-1.7292586616208059	0.0
1.3762611054634106	-1.7269146975946321	0.0
1.3777619354584634	-1.724547830001591	0.0
1.3792627654535161	-1.722158071668629	0.0
1.380763595448569	-1.7197454623590587	0.0
1.3822644254436218	-1.7173100320172674	0.0
1.3837652554386746	-1.714851787462182	0.0
1.3852660854337275	-1.7123707596688176	0.0
1.38676691542878	-1.709866984078972	0.0
1.388267745423833	-1.7073404744181433	0.0
1.3897685754188858	-1.7047912609696243	0.0
1.3912694054139385	-1.7022193810016455	0.0
1.3927702354089915	-1.6996248541863226	0.0
1.3942710654040442	-1.6970077001354316	0.0
1.395771895399097	-1.6943679474462727	0.0
1.3972727253941497	-1.6917056365127299	0.0
1.3987735553892024	-1.6890207944635887	0.0
1.4002743853842554	-1.686313442286159	0.0
1.4017752153793082	-1.6835836122881784	0.0
1.403276045374361	-1.6808313392399241	0.0
1.4047768753694136	-1.67805665313	0.0
1.4062777053644664	-1.6752595808429114	0.0
1.4077785353595194	-1.67244015021446	0.0
1.409279365354572	-1.669598393951554	0.0
1.4107801953496248	-1.6667343558812964	0.0
1.4122810253446776	-1.6638480624635679	0.0
1.4137818553397306	-1.6609395395384055	0.0
1.4152826853347833	-1.6580088280258316	0.0
1.416783515329836	-1.6550559571883814	0.0
1.4182843453248888	-1.6520809620684933	0.0
1.4197851753199415	-1.6490838809638708	0.0
1.4212860053149945	-1.6460647463601055	0.0
1.4227868353100472	-1.6430235917092049	0.0
1.4242876653051	-1.6399604563846744	0.0
1.4257884953001527	-1.6368753844140045	0.0
1.4272893252952055	-1.633768399897368	0.0
1.4287901552902584	-1.6306395364220427	0.0
1.4302909852853112	-1.6274888464536474	0.0
1.431791815280364	-1.6243163638043532	0.0
1.4332926452754169	-1.6211221222161198	0.0
1.4347934752704694	-1.6179061649982338	0.0
1.4362943052655224	-1.6146685325341952	0.0
1.4377951352605751	-1.6114092626529388	0.0
1.4392959652556279	-1.6081283985288983	0.0
1.4407967952506808	-1.604825981622922	0.0
1.4422976252457334	-1.6015020483445137	0.0
1.4437984552407863	-1.598156643841945	0.0
1.445299285235839	-1.5947898135013687	0.0
1.446800115230892	-1.5914015992888983	0.0
1.4483009452259448	-1.5879920412062187	0.0
1.4498017752209975	-1.5845611854984203	0.0
1.4513026052160503	-1.5811090780140642	0.0
1.452803435211103	-1.5776357600296682	0.0
1.454304265206156	-1.5741412814850673	0.0
1.4558050952012087	-1.5706256854098937	0.0
1.4573059251962615	-1.5670890206786297	0.0
1.4588067551913142	-1.5635313407059455	0.0
1.460307585186367	-1.5599526831414385	0.0
1.46180841518142	-1.5563530901039933	0.0
1.4633092451764727	-1.5527326160327601	0.0
1.4648100751715254	-1.5490913166973534	0.0
1.4663109051665781	-1.5454292411529442	0.0
1.4678117351616309	-1.5417464391354332	0.0
1.4693125651566838	-1.5380429535832234	0.0
1.4708133951517366	-1.53431883646047	0.0
1.4723142251467893	-1.5305741502373922	0.0
1.473815055141842	-1.5268089329216308	0.0
1.4753158851368948	-1.5230232363939447	0.0
1.4768167151319478	-1.5192171267302483	0.0
1.4783175451270005	-1.5153906529912278	0.0
1.4798183751220533	-1.5115438667544652	0.0
1.481319205117106	-1.5076768236195053	0.0
1.4828200351121588	-1.5037895814101838	0.0
1.4843208651072117	-1.499882187681806	0.0
1.4858216951022645	-1.4959546989820784	0.0
1.4873225250973174	-1.4920071860527058	0.0
1.4888233550923702	-1.4880396943016705	0.0
1.4903241850874227	-1.4840522763967958	0.0
1.4918250150824757	-1.4800450038378612	0.0
1.4933258450775284	-1.4760179299055913	0.0
1.4948266750725814	-1.4719711071729193	0.0
1.4963275050676341	-1.467904601960598	0.0
1.4978283350626869	-1.4638184728119121	0.0
1.4993291650577396	-1.459712781781508	0.0
1.5008299950527924	-1.4555875922189587	0.0
1.5023308250478453	-1.4514429563619147	0.0
1.503831655042898	-1.4472789382693385	0.0
1.5053324850379508	-1.4430956095717895	0.0
1.5068333150330036	-1.4388930306205956	0.0
1.5083341450280563	-1.4346712560462973	0.0
1.5098349750231093	-1.4304303547222985	0.0
1.511335805018162	-1.426170398380863	0.0
1.5128366350132147	-1.4218914456330092	0.0
1.5143374650082675	-1.4175935584324357	0.0
1.5158382950033202	-1.413276808804851	0.0
1.5173391249983732	-1.4089412648026385	0.0
1.518839954993426	-1.404586982866621	0.0
1.5203407849884787	-1.4002140367108358	0.0
1.5218416149835314	-1.395822502660753	0.0
1.5233424449785842	-1.3914124366371827	0.0
1.5248432749736371	-1.3869839082532396	0.0
1.5263441049686899	-1.382536992757282	0.0
1.5278449349637429	-1.37807175793633	0.0
1.5293457649587954	-1.3735882774128885	0.0
1.5308465949538481	-1.3690866182137742	0.0
1.532347424948901	-1.3645668460826879	0.0
1.5338482549439538	-1.3600290401819188	0.0
1.5353490849390068	-1.3554732672422642	0.0
1.5368499149340595	-1.3508995987662336	0.0
1.538350744929112	-1.346308120456318	0.0
1.539851574924165	-1.3416988959771463	0.0
1.5413524049192178	-1.3370719950514423	0.0
1.5428532349142707	-1.3324274979963668	0.0
1.5443540649093235	-1.3277654788438702	0.0
1.545854894904376	-1.323086013708804	0.0
1.547355724899429	-1.318389173804041	0.0
1.5488565548944817	-1.3136750394525163	0.0
1.5503573848895347	-1.3089436897011224	0.0
1.5518582148845874	-1.304195187893076	0.0
1.5533590448796402	-1.299429618143091	0.0
1.5548598748746927	-1.2946470685318194	0.0
1.5563607048697456	-1.289847605563453	0.0
1.5578615348647986	-1.2850313081025655	0.0
1.5593623648598514	-1.2801982572593096	0.0
1.560863194854904	-1.2753485347275835	0.0
1.5623640248499568	-1.2704822243761915	0.0
1.5638648548450098	-1.26559939719272	0.0
1.5653656848400623	-1.260700131468957	0.0
1.5668665148351153	-1.2557845058649417	0.0
1.568367344830168	-1.2508526130513957	0.0
1.5698681748252208	-1.2459045362007442	0.0
1.5713690048202735	-1.240940340978999	0.0
1.5728698348153265	-1.2359601218913432	0.0
1.5743706648103795	-1.2309639635674712	0.0
1.575871494805432	-1.2259519374605992	0.0
1.5773723248004847	-1.2209241348604394	0.0
1.5788731547955377	-1.2158806418683943	0.0
1.5803739847905902	-1.2108215332997334	0.0
1.5818748147856432	-1.2057468985739332	0.0
1.5833756447806961	-1.2006568246501903	0.0
1.584876474775749	-1.195551392012065	0.0
1.5863773047708014	-1.1904306879768745	0.0
1.5878781347658544	-1.1852948000926653	0.0
1.5893789647609073	-1.1801438090422889	0.0
1.5908797947559599	-1.1749777984287866	0.0
1.5923806247510128	-1.1697968670743708	0.0
1.5938814547460656	-1.164601097440489	0.0
1.595382284741118	-1.1593905702064977	0.0
1.596883114736171	-1.154165376235966	0.0
1.598383944731224	-1.1489256019765985	0.0
1.5998847747262768	-1.1436713401204808	0.0
1.6013856047213293	-1.1384026766179514	0.0
1.6028864347163823	-1.1331196960025234	0.0
1.6043872647114352	-1.1278224862597261	0.0
1.6058880947064877	-1.122511140455081	0.0
1.6073889247015407	-1.1171857551583708	0.0
1.6088897546965935	-1.11184641143236	0.0
1.6103905846916464	-1.106493195436908	0.0
1.611891414686699	-1.1011261978143325	0.0
1.613392244681752	-1.0957455109676921	0.0
1.6148930746768049	-1.0903512315146153	0.0
1.6163939046718574	-1.084943446820859	0.0
1.6178947346669101	-1.0795222487777285	0.0
1.619395564661963	-1.074087722529031	0.0
1.6208963946570156	-1.0686399546174046	0.0
1.6223972246520686	-1.0631790510503019	0.0
1.6238980546471213	-1.0577051032184317	0.0
1.6253988846421743	-1.052218191975805	0.0
1.6268997146372268	-1.0467184097841984	0.0
1.6284005446322798	-1.0412058539621494	0.0
1.6299013746273328	-1.0356806175558793	0.0
1.6314022046223853	-1.0301427872334903	0.0
1.632903034617438	-1.0245924647887	0.0
1.634403864612491	-1.0190297432375905	0.0
1.6359046946075435	-1.0134547105781992	0.0
1.6374055246025965	-1.0078674621511097	0.0
1.6389063545976494	-1.0022680861254105	0.0
1.6404071845927022	-0.9966566788043638	0.0
1.6419080145877547	-0.991033334128499	0.0
1.6434088445828077	-0.9853981469915291	0.0
1.6449096745778606	-0.979751213759584	0.0
1.6464105045729132	-0.9740926255447412	0.0
1.6479113345679661	-0.9684224771275081	0.0
1.6494121645630189	-0.9627408594174467	0.0
1.6509129945580718	-0.9570478704581636	0.0
1.6524138245531244	-0.9513436111036294	0.0
1.6539146545481773	-0.9456281676208118	0.0
1.65541548454323	-0.939901631628415	0.0
1.6569163145382828	-0.9341641004308976	0.0
1.6584171445333356	-0.9284156755659453	0.0
1.6599179745283885	-0.9226564540078835	0.0
1.661418804523441	-0.9168865176460078	0.0
1.662919634518494	-0.9111059603207899	0.0
1.6644204645135467	-0.9053148906715365	0.0
1.6659212945085997	-0.8995134066311834	0.0
1.6674221245036522	-0.8937015950703402	0.0
1.6689229544987052	-0.88787954875387	0.0
1.6704237844937582	-0.8820473655536	0.0
1.6719246144888107	-0.8762051421285941	0.0
1.6734254444838634	-0.8703529690714977	0.0
1.6749262744789164	-0.8644909429238756	0.0
1.676427104473969	-0.8586191698005781	0.0
1.6779279344690219	-0.8527377410671426	0.0
1.6794287644640746	-0.8468467466611617	0.0
1.6809295944591276	-0.8409462875145222	0.0
1.6824304244541801	-0.8350364555806089	0.0
1.683931254449233	-0.8291173383453359	0.0
1.685432084444286	-0.8231890462083451	0.0
1.6869329144393386	-0.8172516769598134	0.0
1.6884337444343913	-0.8113053131321909	0.0
1.6899345744294443	-0.8053500573416111	0.0
1.6914354044244972	-0.7993860048848237	0.0
1.6929362344195498	-0.7934132505789585	0.0
1.6944370644146027	-0.7874318888370605	0.0
1.6959378944096555	-0.7814420140759617	0.0
1.697438724404708	-0.7754437280119792	0.0
1.698939554399761	-0.7694371203414594	0.0
1.700440384394814	-0.7634222868185188	0.0
1.7019412143898665	-0.7573993307224025	0.0
1.7034420443849194	-0.7513683395700794	0.0
1.7049428743799722	-0.7453294053136232	0.0
1.7064437043750251	-0.73928263414961	0.0
1.7079445343700776	-0.7332281155301433	0.0
1.7094453643651306	-0.7271659430996583	0.0
1.7109461943601834	-0.7210962190211464	0.0
1.712447024355236	-0.7150190268683884	0.0
1.7139478543502888	-0.7089344689511082	0.0
1.7154486843453418	-0.7028426483999193	0.0
1.7169495143403943	-0.6967436465439494	0.0
1.7184503443354473	-0.6906375590033542	0.0
1.7199511743305	-0.6845244886917683	0.0
1.721452004325553	-0.6784045272234043	0.0
1.7229528343206055	-0.6722777661641224	0.0
1.7244536643156585	-0.6661442993245585	0.0
1.7259544943107115	-0.6600042251641483	0.0
1.727455324305764	-0.6538576423439817	0.0
1.7289561543008167	-0.6477046416322971	0.0
1.7304569842958697	-0.6415453109329329	0.0
1.7319578142909227	-0.6353797390200467	0.0
1.7334586442859752	-0.6292080329381313	0.0
1.7349594742810281	-0.6230302919541624	0.0
1.736460304276081	-0.6168465971218605	0.0
1.7379611342711334	-0.610657043849974	0.0
1.7394619642661864	-0.6044617303578369	0.0
1.7409627942612393	-0.598260742569194	0.0
1.7424636242562919	-0.5920541761206225	0.0
1.7439644542513446	-0.5858421332083782	0.0
1.7454652842463976	-0.5796246997439843	0.0
1.7469661142414505	-0.5734019646394539	0.0
1.748466944236503	-0.5671740293333335	0.0
1.749967774231556	-0.5609409848108642	0.0
1.7514686042266088	-0.5547029174705274	0.0
1.7529694342216613	-0.5484599199683897	0.0
1.7544702642167143	-0.5422120895924164	0.0
1.7559710942117672	-0.5359595211416398	0.0
1.75747192420682	-0.5297022979193567	0.0
1.7589727542018727	-0.5234405081471658	0.0
1.7604735841969255	-0.5171742557604294	0.0
1.7619744141919784	-0.5109036381058379	0.0
1.763475244187031	-0.5046287312915111	0.0
1.764976074182084	-0.498349628226329	0.0
1.7664769041771367	-0.4920664282949535	0.0
1.7679777341721894	-0.4857792145257446	0.0
1.7694785641672421	-0.47948808438464596	0.0
1.770979394162295	-0.47319312335762764	0.0
1.772480224157348	-0.4668944170516902	0.0
1.7739810541524006	-0.4605920688781743	0.0
1.7754818841474533	-0.4542861651450857	0.0
1.7769827141425063	-0.4479767943172115	0.0
1.7784835441375588	-0.4416640431481036	0.0
1.7799843741326118	-0.4353479973954164	0.0
1.7814852041276648	-0.4290287549818137	0.0
1.7829860341227173	-0.4227064060587902	0.0
1.78448686411777	-0.4163810383672947	0.0
1.785987694112823	-0.41005273921045515	0.0
1.787488524107876	-0.4037215990768419	0.0
1.7889893541029285	-0.3973877118878625	0.0
1.7904901840979814	-0.3910511567247409	0.0
1.7919910140930342	-0.3847120198242704	0.0
1.7934918440880867	-0.37837039524504035	0.0
1.7949926740831397	-0.37202637241054526	0.0
1.7964935040781926	-0.3656800388701039	0.0
1.7979943340732454	-0.3593314830843092	0.0
1.7994951640682981	-0.3529807978515562	0.0
1.8009959940633509	-0.34662805894204574	0.0
1.8024968240584038	-0.3402733507036997	0.0
1.8039976540534564	-0.3339167759332383	0.0
1.8054984840485093	-0.3275584181094977	0.0
1.806999314043562	-0.32119834953881243	0.0
1.8085001440386146	-0.3148366646749293	0.0
1.8100009740336676	-0.3084734619445568	0.0
1.8115018040287205	-0.30210881713228876	0.0
1.8130026340237735	-0.29574281509827216	0.0
1.814503464018826	-0.28937554938454657	0.0
1.8160042940138788	-0.2830071032645015	0.0
1.8175051240089317	-0.27663755427790615	0.0
1.8190059540039842	-0.27026698540754535	0.0
1.8205067839990372	-0.2638954957262467	0.0
1.82200761399409	-0.2575231720198402	0.0
1.8235084439891427	-0.25115008717339715	0.0
1.8250092739841954	-0.24477632660273874	0.0
1.8265101039792484	-0.23840198498977994	0.0
1.8280109339743014	-0.23202713801595076	0.0
1.8295117639693539	-0.2256518654792895	0.0
1.8310125939644066	-0.21927626789283006	0.0
1.8325134239594596	-0.2129004231358097	0.0
1.8340142539545121	-0.206524406995384	0.0
1.835515083949565	-0.20014830949388507	0.0
1.837015913944618	-0.19377220802696782	0.0
1.8385167439396708	-0.18739618881704978	0.0
1.8400175739347233	-0.18102034840502224	0.0
1.8415184039297763	-0.17464475827355752	0.0
1.8430192339248292	-0.16826949081047327	0.0
1.8445200639198818	-0.1618946391356303	0.0
1.8460208939149347	-0.1555202896474176	0.0
1.8475217239099875	-0.14914652193720768	0.0
1.84902255390504	-0.1427734158626499	0.0
1.850523383900093	-0.1364010543574885	0.0
1.852024213895146	-0.13002952333354534	0.0
1.8535250438901987	-0.12365890101011967	0.0
1.8550258738852514	-0.11728926082231061	0.0
1.8565267038803042	-0.11092069107534308	0.0
1.8580275338753571	-0.10455328757643456	0.0
1.8595283638704097	-0.09818711889893472	0.0
1.8610291938654626	-0.09182224581471732	0.0
1.8625300238605154	-0.08545876354712911	0.0
1.864030853855568	-0.07909677631390477	0.0
1.8655316838506208	-0.0727363502447691	0.0
1.8670325138456738	-0.06637755445128302	0.0
1.8685333438407268	-0.06002047346020367	0.0
1.8700341738357793	-0.05366518704259238	0.0
1.871535003830832	-0.047311782474527275	0.0
1.873035833825885	-0.04096033639933849	0.0
1.8745366638209375	-0.03461092702688062	0.0
1.8760374938159905	-0.028263630880622337	0.0
1.8775383238110435	-0.02191852330319377	0.0
1.8790391538060962	-0.015575697445124437	0.0
1.8805399838011487	-0.009235227582125916	0.0
1.8820408137962017	-0.0028971861814968136	0.0
1.8835416437912547	0.003438339216338182	0.0
1.8850424737863072	0.009771277320437255	0.0
1.88654330378136	0.016101544846662152	0.0
1.888044133776413	0.022429059702277376	0.0
1.8895449637714654	0.028753766529504343	0.0
1.8910457937665184	0.03507557360371227	0.0
1.8925466237615713	0.041394378795782005	0.0
1.894047453756624	0.0477101278802079	0.0
1.8955482837516766	0.054022750250569906	0.0
1.8970491137467296	0.06033215233926681	0.0
1.8985499437417825	0.06663826123754957	0.0
1.900050773736835	0.07294100855359309	0.0
1.901551603731888	0.07924030820772043	0.0
1.9030524337269408	0.08553607974569388	0.0
1.9045532637219937	0.09182825621254809	0.0
1.9060540937170463	0.09811675107979156	0.0
1.9075549237120992	0.10440148774439795	0.0
1.909055753707152	0.11068240115533068	0.0
1.9105565837022047	0.11695940915220926	0.0
1.9120574136972575	0.12323243555672247	0.0
1.9135582436923104	0.12950140110358954	0.0
1.915059073687363	0.1357662288991517	0.0
1.916559903682416	0.142026844606028	0.0
1.9180607336774687	0.14828317447164197	0.0
1.9195615636725216	0.15453514689312375	0.0
1.9210623936675741	0.16078267361349297	0.0
1.922563223662627	0.1670256857023602	0.0
1.92406405365768	0.17326411552874998	0.0
1.9255648836527326	0.17949787836386344	0.0
1.9270657136477853	0.18572690135064662	0.0
1.9285665436428383	0.19195110800240656	0.0
1.9300673736378908	0.19817042451175726	0.0
1.9315682036329438	0.20438477817345913	0.0
1.9330690336279968	0.2105940942175577	0.0
1.9345698636230495	0.21679830024553293	0.0
1.936070693618102	0.22299731299625858	0.0
1.937571523613155	0.22919105665663242	0.0
1.939072353608208	0.23537946939249954	0.0
1.9405731836032605	0.2415624729623984	0.0
1.9420740135983134	0.24773998336373815	0.0
1.9435748435933662	0.2539119416013911	0.0
1.9450756735884192	0.26007827197742595	0.0
1.9465765035834717	0.2662388865022982	0.0
1.9480773335785246	0.2723937207032221	0.0
1.9495781635735774	0.27854270428529593	0.0
1.95107899356863	0.2846857577552593	0.0
1.9525798235636829	0.2908228106953563	0.0
1.9540806535587358	0.2969537907845321	0.0
1.9555814835537884	0.30307862538806307	0.0
1.9570823135488413	0.3091972390563169	0.0
1.958583143543894	0.3153095545476583	0.0
1.960083973538947	0.3214155073932843	0.0
1.9615848035339996	0.32751502361913754	0.0
1.9630856335290525	0.33360802467483297	0.0
1.9645864635241053	0.3396944398545303	0.0
1.966087293519158	0.3457742036110083	0.0
1.9675881235142108	0.35184723471900914	0.0
1.9690889535092637	0.35791345697669996	0.0
1.9705897835043162	0.3639728157298845	0.0
1.9720906134993692	0.3700252281031309	0.0
1.973591443494422	0.37607061810573916	0.0
1.975092273489475	0.38210892448114087	0.0
1.9765931034845274	0.38814006853420113	0.0
1.9780939334795804	0.39416397403149106	0.0
1.9795947634746334	0.4001805746319749	0.0
1.981095593469686	0.406189803105371	0.0
1.9825964234647386	0.4121915845428854	0.0
1.9840972534597916	0.41818584566078254	0.0
1.9855980834548446	0.4241725173759574	0.0
1.987098913449897	0.4301515317750475	0.0
1.98859974344495	0.43612280461718045	0.0
1.9901005734400028	0.4420862680003027	0.0
1.9916014034350553	0.4480418697085433	0.0
1.9931022334301083	0.4539895258831429	0.0
1.9946030634251612	0.4599291604166802	0.0
1.9961038934202138	0.4658607123097054	0.0
1.9976047234152667	0.47178411092827277	0.0
1.9991055534103195	0.47769927477209007	0.0
2.0006063834053722	0.48360613908867434	0.0
2.002107213400425	0.4895046472607366	0.0
2.0036080433954777	0.49539471676047064	0.0
2.005108873390531	0.5012762686366786	0.0
2.006609703385583	0.5071492378535046	0.0
2.0081105333806364	0.5130135682264297	0.0
2.009611363375689	0.5188691862135956	0.0
2.011112193370742	0.52471600879004	0.0
2.0126130233657946	0.5305539778637284	0.0
2.0141138533608474	0.5363830216461727	0.0
2.0156146833559005	0.5422030660632191	0.0
2.017115513350953	0.5480140487903027	0.0
2.0186163433460056	0.5538158987119896	0.0
2.020117173341059	0.5596085504995122	0.0
2.021618003336111	0.5653919242797074	0.0
2.0231188333311643	0.5711659505384447	0.0
2.024619663326217	0.5769305763068755	0.0
2.0261204933212698	0.5826857237350225	0.0
2.0276213233163225	0.5884313212794222	0.0
2.0291221533113752	0.5941673039748192	0.0
2.0306229833064284	0.5998936068546858	0.0
2.0321238133014807	0.6056101614398391	0.0
2.0336246432965335	0.6113168865960154	0.0
2.0351254732915867	0.6170137204363345	0.0
2.036626303286639	0.6227006068661176	0.0
2.038127133281692	0.6283774781230339	0.0
2.039627963276745	0.6340442534838027	0.0
2.0411287932717976	0.639700858721342	0.0
2.0426296232668504	0.6453472359137057	0.0
2.044130453261903	0.6509833225833344	0.0
2.0456312832569563	0.6566090606313724	0.0
2.0471321132520086	0.6622243679232457	0.0
2.048632943247062	0.667829164991287	0.0
2.0501337732421145	0.6734234089212919	0.0
2.0516346032371673	0.6790070321983563	0.0
2.05313543323222	0.6845799515671601	0.0
2.0546362632272728	0.6901421066500607	0.0
2.0561370932223255	0.6956934308675008	0.0
2.0576379232173783	0.7012338551352925	0.0
2.059138753212431	0.7067633199286899	0.0
2.060639583207484	0.7122817628130489	0.0
2.0621404132025365	0.7177891124312434	0.0
2.0636412431975897	0.7232852980540126	0.0
2.0651420731926424	0.7287702632705422	0.0
2.066642903187695	0.7342439322757085	0.0
2.068143733182748	0.7397062383472208	0.0
2.0696445631778007	0.7451571270501631	0.0
2.071145393172854	0.750596527317556	0.0
2.072646223167906	0.7560243752451917	0.0
2.074147053162959	0.7614405996753676	0.0
2.075647883158012	0.766845145708279	0.0
2.0771487131530644	0.7722379530035496	0.0
2.0786495431481176	0.7776189367061924	0.0
2.0801503731431703	0.7829880428353565	0.0
2.081651203138223	0.7883452102219977	0.0
2.083152033133276	0.793690366529651	0.0
2.0846528631283285	0.7990234551543365	0.0
2.0861536931233817	0.8043444096569244	0.0
2.087654523118434	0.8096531636833002	0.0
2.089155353113487	0.8149496540948394	0.0
2.09065618310854	0.8202338228545687	0.0
2.0921570131035927	0.8255056056300343	0.0
2.0936578430986454	0.8307649295144209	0.0
2.095158673093698	0.8360117340242502	0.0
2.096659503088751	0.8412459616615183	0.0
2.0981603330838037	0.8464675490795357	0.0
2.0996611630788564	0.8516764314334702	0.0
2.1011619930739096	0.8568725458559974	0.0
2.102662823068962	0.8620558359188226	0.0
2.104163653064015	0.8672262305749722	0.0
2.105664483059068	0.8723836514418755	0.0
2.1071653130541206	0.8775280631875704	0.0
2.1086661430491733	0.8826594116006244	0.0
2.110166973044226	0.8877776086811147	0.0
2.111667803039279	0.8928826006719845	0.0
2.1131686330343316	0.8979743332006975	0.0
2.1146694630293843	0.9030527349655583	0.0
2.1161702930244375	0.9081177464594764	0.0
2.11767112301949	0.9131693162743403	0.0
2.119171953014543	0.9182073793040502	0.0
2.1206727830095957	0.9232318665784445	0.0
2.1221736130046485	0.9282427280232689	0.0
2.123674442999701	0.9332398949524867	0.0
2.125175272994754	0.9382232988234503	0.0
2.126676102989807	0.9431929025361556	0.0
2.1281769329848594	0.9481486403269034	0.0
2.129677762979912	0.9530904404788179	0.0
2.1311785929749654	0.9580182464552844	0.0
2.132679422970018	0.9629320039750322	0.0
2.134180252965071	0.9678316522767351	0.0
2.1356810829601236	0.9727171290980966	0.0
2.1371819129551763	0.9775883781071011	0.0
2.138682742950229	0.9824453388112057	0.0
2.140183572945282	0.9872879583998986	0.0
2.141684402940335	0.9921161657213348	0.0
2.1431852329353873	0.9969299026554788	0.0
2.1446860629304405	1.0017291256061625	0.0
2.1461868929254933	1.0065137712712346	0.0
2.147687722920546	1.011283777566548	0.0
2.1491885529155987	1.0160390872250828	0.0
2.1506893829106515	1.0207796492027035	0.0
2.1521902129057042	1.0255053985325255	0.0
2.153691042900757	1.0302162726034472	0.0
2.1551918728958097	1.0349122240132735	0.0
2.156692702890863	1.0395931997823222	0.0
2.158193532885915	1.0442591404057513	0.0
2.1596943628809684	1.0489099729171765	0.0
2.161195192876021	1.0535456535489915	0.0
2.162696022871074	1.0581661387026027	0.0
2.1641968528661266	1.0627713542427368	0.0
2.1656976828611794	1.0673612420638372	0.0
2.1671985128562326	1.071935756332923	0.0
2.168699342851285	1.0764948475336404	0.0
2.1702001728463376	1.0810384538911566	0.0
2.171701002841391	1.085566513029962	0.0
2.1732018328364435	1.0900789724364928	0.0
2.1747026628314963	1.094575782227217	0.0
2.176203492826549	1.0990568886929903	0.0
2.1777043228216018	1.1035222338196258	0.0
2.1792051528166545	1.1079717588254836	0.0
2.1807059828117072	1.1124054151170228	0.0
2.1822068128067604	1.1168231570322757	0.0
2.1837076428018127	1.1212249186024645	0.0
2.1852084727968655	1.1256106417091694	0.0
2.1867093027919187	1.129980284908238	0.0
2.1882101327869714	1.1343337954843857	0.0
2.189710962782024	1.138671111460871	0.0
2.191211792777077	1.1429921826099279	0.0
2.1927126227721296	1.1472969637384398	0.0
2.1942134527671824	1.1515853932116584	0.0
2.195714282762235	1.155857419533242	0.0
2.1972151127572883	1.1601129946432556	0.0
2.198715942752341	1.164352063556482	0.0
2.200216772747394	1.1685745817009312	0.0
2.2017176027424465	1.1727804906321337	0.0
2.2032184327374993	1.1769697320446046	0.0
2.204719262732552	1.1811422640506506	0.0
2.2062200927276048	1.1852980378558664	0.0
2.2077209227226575	1.1894369992883256	0.0
2.2092217527177103	1.193559098669886	0.0
2.210722582712763	1.1976642857530537	0.0
2.212223412707816	1.2017525012569141	0.0
2.213724242702869	1.2058237048519977	0.0
2.2152250726979217	1.2098778521808464	0.0
2.2167259026929744	1.213914871385536	0.0
2.218226732688027	1.217934722070382	0.0
2.21972756268308	1.2219373714230348	0.0
2.2212283926781327	1.2259227611062204	0.0
2.222729222673186	1.2298908397771449	0.0
2.224230052668238	1.2338415564101728	0.0
2.225730882663291	1.2377748569957918	0.0
2.227231712658344	1.2416907012754224	0.0
2.228732542653397	1.2455890462927408	0.0
2.2302333726484496	1.2494698361676229	0.0
2.2317342026435023	1.2533330232545816	0.0
2.233235032638555	1.2571785584342559	0.0
2.234735862633608	1.2610063930246591	0.0
2.2362366926286605	1.2648164907843806	0.0
2.2377375226237137	1.2686087955190175	0.0
2.2392383526187665	1.272383256909694	0.0
2.2407391826138188	1.2761398370082357	0.0
2.242240012608872	1.2798784857667806	0.0
2.2437408426039247	1.283599159029484	0.0
2.2452416725989774	1.2873018049918605	0.0
2.24674250259403	1.2909863729877866	0.0
2.248243332589083	1.2946528268358162	0.0
2.2497441625841357	1.2983011239669207	0.0
2.2512449925791884	1.301931215253382	0.0
2.2527458225742416	1.3055430523911102	0.0
2.2542466525692944	1.309136581284022	0.0
2.255747482564347	1.312711765654677	0.0
2.2572483125594	1.3162685731710606	0.0
2.2587491425544526	1.319806946121291	0.0
2.2602499725495053	1.323326839860075	0.0
2.261750802544558	1.326828217166638	0.0
2.263251632539611	1.3303110268056042	0.0
2.2647524625346636	1.333775221087468	0.0
2.2662532925297163	1.3372207619571514	0.0
2.2677541225247695	1.3406476085747887	0.0
2.2692549525198222	1.3440557180441983	0.0
2.270755782514875	1.3474450444531845	0.0
2.2722566125099277	1.3508155464161486	0.0
2.2737574425049805	1.3541671873343517	0.0
2.275258272500033	1.357499916618422	0.0
2.276759102495086	1.3608136793010117	0.0
2.278259932490139	1.3641084417175866	0.0
2.279760762485192	1.3673841825005666	0.0
2.281261592480244	1.3706408478144767	0.0
2.2827624224752974	1.3738783819285585	0.0
2.28426325247035	1.3770967553374118	0.0
2.285764082465403	1.3802959239392092	0.0
2.2872649124604556	1.3834758436143202	0.0
2.2887657424555083	1.3866364846930044	0.0
2.290266572450561	1.3897778037761994	0.0
2.291767402445614	1.3928997525720384	0.0
2.293268232440667	1.3960022922155775	0.0
2.2947690624357198	1.399085386973742	0.0
2.2962698924307725	1.4021489969398566	0.0
2.2977707224258253	1.4051930795877166	0.0
2.299271552420878	1.408217592681145	0.0
2.3007723824159307	1.4112225010034025	0.0
2.3022732124109835	1.4142077695199613	0.0
2.3037740424060362	1.417173347866416	0.0
2.3052748724010894	1.4201191972615783	0.0
2.3067757023961417	1.4230452953763058	0.0
2.308276532391195	1.425951601007491	0.0
2.3097773623862476	1.4288380624586854	0.0
2.3112781923813004	1.4317046383289427	0.0
2.312779022376353	1.4345513036508857	0.0
2.314279852371406	1.4373780287475644	0.0
2.3157806823664586	1.4401847598388895	0.0
2.3172815123615114	1.4429714579934592	0.0
2.318782342356564	1.445738101828709	0.0
2.3202831723516173	1.448484649769815	0.0
2.3217840023466696	1.4512110520529453	0.0
2.323284832341723	1.4539172744345963	0.0
2.3247856623367755	1.4566032948293393	0.0
2.3262864923318283	1.4592690775827606	0.0
2.327787322326881	1.4619145682853927	0.0
2.3292881523219338	1.4645397408695089	0.0
2.3307889823169865	1.467144572017673	0.0
2.3322898123120392	1.4697290078329253	0.0
2.3337906423070924	1.472293015371525	0.0
2.335291472302145	1.4748365688931098	0.0
2.3367923022971975	1.4773596278918435	0.0
2.3382931322922507	1.479862164354688	0.0
2.3397939622873034	1.4823441400163464	0.0
2.341294792282356	1.484805513630846	0.0
2.342795622277409	1.487246260824137	0.0
2.3442964522724616	1.4896663425510777	0.0
2.345797282267515	1.4920657222247704	0.0
2.347298112262567	1.4944443795436633	0.0
2.3487989422576203	1.4968022752026282	0.0
2.350299772252673	1.4991393669748567	0.0
2.351800602247726	1.5014556360952622	0.0
2.3533014322427785	1.503751052304243	0.0
2.3548022622378313	1.5060255642010005	0.0
2.356303092232884	1.5082791400190871	0.0
2.3578039222279368	1.5105117649541786	0.0
2.3593047522229895	1.5127234065159618	0.0
2.3608055822180427	1.5149140213684893	0.0
2.362306412213095	1.5170835854840925	0.0
2.363807242208148	1.5192320801348262	0.0
2.365308072203201	1.5213594538433117	0.0
2.3668089021982537	1.5234656741250021	0.0
2.3683097321933064	1.5255507285126024	0.0
2.369810562188359	1.5276145772777057	0.0
2.371311392183412	1.5296571915324906	0.0
2.3728122221784647	1.531678546257102	0.0
2.374313052173518	1.5336786037649284	0.0
2.3758138821685706	1.5356573365125397	0.0
2.377314712163623	1.5376147152721953	0.0
2.378815542158676	1.539550716859359	0.0
2.380316372153729	1.5414653215469114	0.0
2.3818172021487816	1.5433584821135429	0.0
2.3833180321438343	1.5452301677120939	0.0
2.384818862138887	1.5470803675063876	0.0
2.3863196921339402	1.5489090519075084	0.0
2.3878205221289925	1.5507161861667864	0.0
2.3893213521240457	1.5525017461743977	0.0
2.3908221821190985	1.554265706077343	0.0
2.3923230121141508	1.5560080366669125	0.0
2.393823842109204	1.5577287140059353	0.0
2.3953246721042567	1.5594277132201002	0.0
2.3968255020993094	1.561105008043662	0.0
2.398326332094362	1.5627605671615312	0.0
2.399827162089415	1.5643943662003665	0.0
2.401327992084468	1.5660063868431053	0.0
2.4028288220795204	1.5675966063938604	0.0
2.4043296520745736	1.569165000293329	0.0
2.4058304820696264	1.5707115369082503	0.0
2.407331312064679	1.5722361872059154	0.0
2.408832142059732	1.5737389335785148	0.0
2.4103329720547846	1.5752197582374416	0.0
2.4118338020498373	1.5766786340474037	0.0
2.41333463204489	1.5781155335848265	0.0
2.414835462039943	1.579530440155581	0.0
2.416336292034996	1.5809233379144199	0.0
2.4178371220300483	1.582294195182422	0.0
2.4193379520251015	1.5836429834248693	0.0
2.4208387820201542	1.5849696905731687	0.0
2.422339612015207	1.5862742983044973	0.0
2.4238404420102597	1.5875567807499251	0.0
2.4253412720053125	1.5888171197137582	0.0
2.4268421020003657	1.5900552988963201	0.0
2.428342931995418	1.5912712902673931	0.0
2.429843761990471	1.5924650716638558	0.0
2.431344591985524	1.5936366324227251	0.0
2.432845421980576	1.5947859537044489	0.0
2.4343462519756294	1.5959130100472751	0.0
2.435847081970682	1.5970177802369194	0.0
2.437347911965735	1.5981002585463302	0.0
2.4388487419607876	1.5991604269016686	0.0
2.4403495719558403	1.6001982516555597	0.0
2.4418504019508935	1.6012137240918274	0.0
2.443351231945946	1.6022068396150466	0.0
2.444852061940999	1.6031775715925531	0.0
2.4463528919360518	1.6041258970600218	0.0
2.447853721931104	1.6050518019231605	0.0
2.4493545519261573	1.6059552729378501	0.0
2.45085538192121	1.6068363065591433	0.0
2.452356211916263	1.6076948829926856	0.0
2.4538570419113155	1.6085309760664663	0.0
2.4553578719063682	1.6093445770265213	0.0
2.4568587019014214	1.6101356736650811	0.0
2.4583595318964737	1.6109042541176304	0.0
2.459860361891527	1.6116503090702192	0.0
2.4613611918865796	1.6123738176648197	0.0
2.4628620218816324	1.6130747639756757	0.0
2.464362851876685	1.6137531484829832	0.0
2.465863681871738	1.6144089547681222	0.0
2.467364511866791	1.6150421584240788	0.0
2.4688653418618434	1.6156527682009243	0.0
2.470366171856896	1.6162407781978994	0.0
2.4718670018519493	1.6168061531523856	0.0
2.4733678318470016	1.6173488910872948	0.0
2.474868661842055	1.6178689965124335	0.0
2.4763694918371075	1.6183664493621563	0.0
2.4778703218321603	1.6188412408051414	0.0
2.479371151827213	1.619293367405608	0.0
2.4808719818222658	1.6197228141944495	0.0
2.482372811817319	1.6201295787607894	0.0
2.4838736418123712	1.6205136548529673	0.0
2.4853744718074244	1.6208750290781275	0.0
2.486875301802477	1.62121370219654	0.0
2.4883761317975295	1.6215296710961415	0.0
2.4898769617925827	1.6218229235328585	0.0
2.4913777917876354	1.6220934559624407	0.0
2.492878621782688	1.6223412677755584	0.0
2.494379451777741	1.6225663480656114	0.0
2.4958802817727936	1.622768694865354	0.0
2.497381111767847	1.6229483059933352	0.0
2.498881941762899	1.623105179770475	0.0
2.5003827717579523	1.6232393152559457	0.0
2.501883601753005	1.6233507004689858	0.0
2.503384431748058	1.623439340325016	0.0
2.5048852617431105	1.6235052442167328	0.0
2.5063860917381633	1.6235484016428061	0.0
2.5078869217332165	1.623568803194217	0.0
2.509387751728269	1.6235664566363943	0.0
2.5108885817233215	1.623541368501831	0.0
2.5123894117183747	1.6234935298228848	0.0
2.513890241713427	1.6234229463967345	0.0
2.51539107170848	1.6233296307778617	0.0
2.516891901703533	1.623213571597656	0.0
2.5183927316985857	1.6230747704464517	0.0
2.5198935616936384	1.6229132411237803	0.0
2.521394391688691	1.6227289782308478	0.0
2.5228952216837444	1.62252198226034	0.0
2.5243960516787967	1.622292270281635	0.0
2.5258968816738494	1.622039847589281	0.0
2.5273977116689026	1.6217647067929863	0.0
2.528898541663955	1.6214668591177395	0.0
2.530399371659008	1.621146314653202	0.0
2.531900201654061	1.6208030796446764	0.0
2.5334010316491136	1.6204371656626222	0.0
2.5349018616441663	1.6200485696796343	0.0
2.536402691639219	1.6196373043599834	0.0
2.5379035216342722	1.619203387735562	0.0
2.5394043516293245	1.6187468228886002	0.0
2.5409051816243777	1.6182676116555779	0.0
2.5424060116194305	1.6177657657929005	0.0
2.5439068416144828	1.6172413094186568	0.0
2.545407671609536	1.6166942468043282	0.0
2.5469085016045887	1.6161245847905432	0.0
2.5484093315996414	1.6155323441870233	0.0
2.549910161594694	1.6149175343044657	0.0
2.551410991589747	1.6142801655003352	0.0
2.5529118215848	1.6136202537892315	0.0
2.5544126515798524	1.612937816088336	0.0
2.5559134815749056	1.6122328606942533	0.0
2.5574143115699584	1.6115054036609644	0.0
2.558915141565011	1.6107554660415624	0.0
2.560415971560064	1.6099830657204965	0.0
2.5619168015551166	1.6091882228495105	0.0
2.5634176315501698	1.6083709414648766	0.0
2.564918461545222	1.6075312406641784	0.0
2.566419291540275	1.606669147744702	0.0
2.567920121535328	1.6057846803629676	0.0
2.5694209515303803	1.6048778600416207	0.0
2.5709217815254335	1.6039486977788884	0.0
2.5724226115204862	1.6029972111043944	0.0
2.573923441515539	1.602023433495094	0.0
2.5754242715105917	1.601027391297754	0.0
2.5769251015056445	1.6000090863073513	0.0
2.5784259315006977	1.5989685433569183	0.0
2.57992676149575	1.5979058069185528	0.0
2.581427591490803	1.5968208904613879	0.0
2.582928421485856	1.5957138051638808	0.0
2.584429251480908	1.5945845829703744	0.0
2.5859300814759614	1.5934332561752995	0.0
2.587430911471014	1.5922598456942558	0.0
2.588931741466067	1.5910643778733553	0.0
2.5904325714611196	1.5898468757792203	0.0
2.5919334014561723	1.5886073642529326	0.0
2.5934342314512255	1.5873458829734455	0.0
2.594935061446278	1.586062458882419	0.0
2.596435891441331	1.584757109574755	0.0
2.5979367214363838	1.5834298715057344	0.0
2.5994375514314365	1.5820807754348658	0.0
2.6009383814264893	1.5807098419548216	0.0
2.602439211421542	1.5793171113744604	0.0
2.6039400414165947	1.5779026173883408	0.0
2.6054408714116475	1.57646638216195	0.0
2.6069417014067002	1.5750084413598813	0.0
2.6084425314017534	1.5735288343516474	0.0
2.6099433613968057	1.5720275882808634	0.0
2.611444191391859	1.5705047389532283	0.0
2.6129450213869116	1.5689603259342606	0.0
2.6144458513819644	1.5673943722810544	0.0
2.615946681377017	1.5658069168774493	0.0
2.61744751137207	1.5641980042332584	0.0
2.618948341367123	1.5625676632550332	0.0
2.6204491713621754	1.5609159292675288	0.0
2.621950001357228	1.5592428495606372	0.0
2.6234508313522813	1.5575484591165005	0.0
2.6249516613473336	1.5558327851829161	0.0
2.626452491342387	1.5540958719441602	0.0
2.6279533213374395	1.5523377674612509	0.0
2.6294541513324923	1.550558509306409	0.0
2.630954981327545	1.548758129900142	0.0
2.6324558113225978	1.5469366670485127	0.0
2.633956641317651	1.5450941783622318	0.0
2.6354574713127032	1.5432307067808533	0.0
2.6369583013077564	1.5413462764590327	0.0
2.638459131302809	1.5394409350211107	0.0
2.639959961297862	1.5375147275878212	0.0
2.6414607912929147	1.5355677027789554	0.0
2.6429616212879674	1.5335999113598722	0.0
2.64446245128302	1.5316113872056352	0.0
2.645963281278073	1.5296021765801948	0.0
2.6474641112731256	1.5275723280464715	0.0
2.648964941268179	1.5255218767695276	0.0
2.650465771263231	1.5234508788851353	0.0
2.6519666012582843	1.5213593931169187	0.0
2.653467431253337	1.519247452412465	0.0
2.65496826124839	1.5171151099810363	0.0
2.6564690912434425	1.514962412814637	0.0
2.6579699212384953	1.5127894019611743	0.0
2.6594707512335485	1.5105961375772468	0.0
2.660971581228601	1.5083826689869215	0.0
2.6624724112236535	1.5061490456505875	0.0
2.6639732412187067	1.5038953149239416	0.0
2.665474071213759	1.501621531535558	0.0
2.666974901208812	1.4993277489878576	0.0
2.668475731203865	1.497014010970328	0.0
2.6699765611989177	1.494680368070227	0.0
2.6714773911939704	1.4923268818899145	0.0
2.672978221189023	1.4899536146981867	0.0
2.6744790511840764	1.487560609753469	0.0
2.6759798811791287	1.485147916578483	0.0
2.6774807111741814	1.4827155904198246	0.0
2.6789815411692346	1.4802636875300237	0.0
2.6804823711642873	1.477792274904394	0.0
2.68198320115934	1.4753013991814534	0.0
2.683484031154393	1.4727911088984402	0.0
2.6849848611494456	1.4702614708200146	0.0
2.6864856911444983	1.467712536978321	0.0
2.687986521139551	1.4651443684441277	0.0
2.6894873511346042	1.4625570262717655	0.0
2.6909881811296565	1.4599505601895137	0.0
2.6924890111247097	1.457325034908671	0.0
2.6939898411197625	1.4546805081429068	0.0
2.695490671114815	1.4520170311644298	0.0
2.696991501109868	1.4493346642206126	0.0
2.6984923311049207	1.4466334739114517	0.0
2.6999931610999734	1.4439135240972583	0.0
2.701493991095026	1.4411748692095647	0.0
2.702994821090079	1.4384175715163185	0.0
2.704495651085132	1.435641695899084	0.0
2.7059964810801844	1.4328472951541442	0.0
2.7074973110752376	1.4300344293770952	0.0
2.7089981410702904	1.427203168589303	0.0
2.710498971065343	1.4243535762401511	0.0
2.711999801060396	1.4214857124126123	0.0
2.7135006310554486	1.4185996384826431	0.0
2.7150014610505018	1.4156954147673788	0.0
2.716502291045554	1.412773107636738	0.0
2.718003121040607	1.4098327905624728	0.0
2.71950395103566	1.4068745224577186	0.0
2.7210047810307127	1.4038983537409235	0.0
2.7225056110257655	1.4009043551836031	0.0
2.7240064410208182	1.3978926040868722	0.0
2.725507271015871	1.394863161536411	0.0
2.7270081010109237	1.3918160894577847	0.0
2.7285089310059765	1.3887514503347789	0.0
2.7300097610010297	1.385669308098287	0.0
2.731510590996082	1.3825697368766816	0.0
2.7330114209911347	1.3794528026990949	0.0
2.734512250986188	1.3763185700277383	0.0
2.7360130809812406	1.3731671005027448	0.0
2.7375139109762934	1.369998458809072	0.0
2.739014740971346	1.3668127298428734	0.0
2.740515570966399	1.3636099769289487	0.0
2.7420164009614516	1.3603902475765939	0.0
2.7435172309565043	1.3571536223507552	0.0
2.7450180609515575	1.353900175677112	0.0
2.7465188909466103	1.3506299669099493	0.0
2.748019720941663	1.3473430663335546	0.0
2.7495205509367158	1.3440395426446186	0.0
2.7510213809317685	1.340719469188557	0.0
2.7525222109268213	1.3373829124277488	0.0
2.754023040921874	1.33402993147494	0.0
2.7555238709169267	1.330660600212672	0.0
2.7570247009119795	1.3272749988669326	0.0
2.7585255309070322	1.3238731904978769	0.0
2.7600263609020854	1.3204552382029346	0.0
2.761527190897138	1.3170212159128507	0.0
2.763028020892191	1.3135711910679861	0.0
2.7645288508872436	1.3101052382236922	0.0
2.7660296808822964	1.306623427838574	0.0
2.767530510877349	1.303125824920516	0.0
2.769031340872402	1.299612503950433	0.0
2.770532170867455	1.2960835322364967	0.0
2.7720330008625074	1.292538973710861	0.0
2.77353383085756	1.2889789083137542	0.0
2.7750346608526133	1.2854034051203553	0.0
2.776535490847666	1.2818125270001985	0.0
2.778036320842719	1.2782063582324878	0.0
2.7795371508377715	1.2745849669743803	0.0
2.7810379808328243	1.2709484107209015	0.0
2.782538810827877	1.2672967628360403	0.0
2.7840396408229298	1.263630103251108	0.0
2.785540470817983	1.2599485011287195	0.0
2.7870413008130357	1.2562520158993702	0.0
2.7885421308080884	1.252540729140221	0.0
2.790042960803141	1.2488147189832195	0.0
2.791543790798194	1.2450740394895652	0.0
2.7930446207932467	1.2413187614124657	0.0
2.7945454507882994	1.2375489656184413	0.0
2.796046280783352	1.2337647219564896	0.0
2.797547110778405	1.2299661000779922	0.0
2.7990479407734576	1.2261531667150343	0.0
2.800548770768511	1.222325992619101	0.0
2.8020496007635636	1.2184846535110583	0.0
2.8035504307586163	1.2146292177482376	0.0
2.805051260753669	1.210759752979475	0.0
2.806552090748722	1.206876327464989	0.0
2.8080529207437745	1.202979016189488	0.0
2.8095537507388273	1.1990678940491788	0.0
2.81105458073388	1.1951430299879093	0.0
2.812555410728933	1.191204489709215	0.0
2.8140562407239855	1.1872523401256805	0.0
2.8155570707190387	1.1832866563716897	0.0
2.8170579007140915	1.179307508102516	0.0
2.818558730709144	1.1753149635739115	0.0
2.820059560704197	1.1713090979732463	0.0
2.8215603906992497	1.1672899802237606	0.0
2.8230612206943024	1.163257671987534	0.0
2.824562050689355	1.159212244868586	0.0
2.8260628806844084	1.1551537723797356	0.0
2.827563710679461	1.1510823237088565	0.0
2.8290645406745134	1.1469979676510724	0.0
2.8305653706695666	1.1429007692825337	0.0
2.8320662006646193	1.1387908050441728	0.0
2.833567030659672	1.1346681426082807	0.0
2.835067860654725	1.1305328414588134	0.0
2.8365686906497776	1.1263849782515036	0.0
2.8380695206448303	1.1222246210122855	0.0
2.839570350639883	1.1180518298655722	0.0
2.8410711806349362	1.1138666844641976	0.0
2.842572010629989	1.1096692581758754	0.0
2.8440728406250417	1.1054596014615428	0.0
2.8455736706200945	1.1012377845479027	0.0
2.847074500615147	1.0970038850571409	0.0
2.8485753306102	1.0927579622547048	0.0
2.8500761606052527	1.088500082988272	0.0
2.8515769906003055	1.0842303214178521	0.0
2.853077820595358	1.0799487407553594	0.0
2.854578650590411	1.0756554056368994	0.0
2.856079480585464	1.071350388765455	0.0
2.857580310580517	1.0670337523178528	0.0
2.8590811405755696	1.0627055580497053	0.0
2.8605819705706224	1.0583658727427379	0.0
2.862082800565675	1.0540147633632126	0.0
2.863583630560728	1.0496523044191683	0.0
2.8650844605557806	1.045278557913203	0.0
2.8665852905508338	1.0408935825110583	0.0
2.8680861205458865	1.0364974454703448	0.0
2.869586950540939	1.0320902125864633	0.0
2.871087780535992	1.0276719466163335	0.0
2.8725886105310448	1.0232427097190013	0.0
2.8740894405260975	1.0188025729938515	0.0
2.8755902705211502	1.0143516008692677	0.0
2.877091100516203	1.0098898522248447	0.0
2.8785919305112557	1.0054173889436413	0.0
2.8800927605063085	1.0009342763813214	0.0
2.8815935905013617	0.9964405806806991	0.0
2.8830944204964144	0.9919363618721215	0.0
2.8845952504914667	0.9874216835224436	0.0
2.88609608048652	0.9828966128590815	0.0
2.8875969104815726	0.9783612064771303	0.0
2.8890977404766254	0.9738155213681637	0.0
2.890598570471678	0.9692596230784035	0.0
2.892099400466731	0.9646935814460397	0.0
2.893600230461784	0.9601174549527112	0.0
2.8951010604568364	0.9555312961089651	0.0
2.8966018904518895	0.9509351765798298	0.0
2.8981027204469423	0.9463291532257079	0.0
2.899603550441995	0.9417132769872013	0.0
2.9011043804370478	0.9370876137963974	0.0
2.9026052104321005	0.9324522273019844	0.0
2.9041060404271533	0.9278071810385395	0.0
2.905606870422206	0.9231525331532578	0.0
2.9071077004172587	0.9184883399431213	0.0
2.908608530412312	0.9138146555965344	0.0
2.9101093604073642	0.9091315421625625	0.0
2.9116101904024174	0.9044390670132999	0.0
2.91311102039747	0.8997372805411793	0.0
2.914611850392523	0.8950262367129029	0.0
2.9161126803875757	0.8903059981343762	0.0
2.9176135103826284	0.8855766247271942	0.0
2.919114340377681	0.880838177364209	0.0
2.920615170372734	0.8760907111914441	0.0
2.922116000367787	0.8713342763555709	0.0
2.92361683036284	0.8665689328525243	0.0
2.925117660357892	0.861794743578329	0.0
2.9266184903529453	0.8570117609477137	0.0
2.928119320347998	0.8522200431721529	0.0
2.929620150343051	0.847419643823385	0.0
2.9311209803381035	0.8426106164669409	0.0
2.9326218103331563	0.8377930221668184	0.0
2.9341226403282095	0.8329669139599324	0.0
2.9356234703232618	0.8281323465293782	0.0
2.937124300318315	0.8232893757982866	0.0
2.9386251303133677	0.8184380603347539	0.0
2.94012596030842	0.813578451864316	0.0
2.941626790303473	0.8087106010493037	0.0
2.943127620298526	0.8038345672606146	0.0
2.9446284502935787	0.7989504048881642	0.0
2.9461292802886314	0.7940581641051466	0.0
2.947630110283684	0.78915790141624	0.0
2.9491309402787373	0.7842496722397468	0.0
2.9506317702737896	0.7793335319184357	0.0
2.952132600268843	0.774409528733219	0.0
2.9536334302638956	0.7694777087335086	0.0
2.9551342602589483	0.7645381359704848	0.0
2.956635090254001	0.7595908697384496	0.0
2.958135920249054	0.7546359522158773	0.0
2.9596367502441066	0.7496734249402998	0.0
2.9611375802391593	0.7447033553750592	0.0
2.962638410234212	0.7397258030606384	0.0
2.9641392402292652	0.7347408051363155	0.0
2.9656400702243175	0.729748415315276	0.0
2.9671409002193707	0.7247486929180345	0.0
2.9686417302144235	0.7197416825410853	0.0
2.970142560209476	0.7147274353496939	0.0
2.971643390204529	0.7097060101131163	0.0
2.9731442201995817	0.7046774539082525	0.0
2.974645050194635	0.699641815242851	0.0
2.976145880189687	0.694599144252669	0.0
2.9776467101847404	0.6895494926030683	0.0
2.979147540179793	0.6844929216833614	0.0
2.9806483701748454	0.6794294793426514	0.0
2.9821492001698986	0.6743592030321065	0.0
2.9836500301649513	0.6692821516452506	0.0
2.985150860160004	0.6641983773250985	0.0
2.986651690155057	0.6591079209542007	0.0
2.9881525201501096	0.6540108408775984	0.0
2.9896533501451628	0.6489071914377396	0.0
2.991154180140215	0.6437970145953765	0.0
2.9926550101352682	0.6386803665823031	0.0
2.994155840130321	0.6335572967936198	0.0
2.9956566701253737	0.628427850461633	0.0
2.9971575001204265	0.6232920806820614	0.0
2.998658330115479	0.6192129806971816	0.0
3.000159160110532	0.6172483673462974	0.0
