0.0	-1.9999247439418875	0.0
0.0015008299950527925	-1.999929159457838	0.0
0.003001659990105585	-1.9998972864030777	0.0
0.004502489985158378	-1.9998335430368621	0.0
0.00600331998021117	-1.9997513292710212	0.0
0.0075041499752639615	-1.9996503464438353	0.0
0.009004979970316756	-1.9995302251001639	0.0
0.010505809965369548	-1.9993908345243767	0.0
0.01200663996042234	-1.9992322674481975	0.0
0.01350746995547513	-1.9990544122607612	0.0
0.015008299950527923	-1.9988568720567887	0.0
0.016509129945580715	-1.9986391966431596	0.0
0.01800995994063351	-1.9984009193743788	0.0
0.019510789935686303	-1.9981416086482469	0.0
0.021011619930739096	-1.9978607679443443	0.0
0.022512449925791888	-1.9975572115659048	0.0
0.02401327992084468	-1.9972286604253682	0.0
0.02551410991589747	-1.9968723844701808	0.0
0.02701493991095026	-1.9964863230599275	0.0
0.028515769906003054	-1.9960703573929601	0.0
0.030016599901055846	-1.9956270938830054	0.0
0.03151742989610864	-1.995159961686585	0.0
0.03301825989116143	-1.994670683051741	0.0
0.03451908988621422	-1.9941595556893752	0.0
0.03601991988126702	-1.9936266065561974	0.0
0.037520749876319814	-1.9930718524890165	0.0
0.03902157987137261	-1.9924953032820534	0.0
0.0405224098664254	-1.9918969659623948	0.0
0.04202323986147819	-1.991276847194422	0.0
0.043524069856530984	-1.9906349542831845	0.0
0.045024899851583776	-1.989971298157629	0.0
0.04652572984663657	-1.989285891099403	0.0
0.04802655984168936	-1.9885787445745329	0.0
0.04952738983674215	-1.9878498705082883	0.0
0.05102821983179494	-1.9870992815868809	0.0
0.05252904982684774	-1.9863269905084904	0.0
0.05402987982190052	-1.9855330097506534	0.0
0.05553070981695332	-1.9847173510537064	0.0
0.05703153981200611	-1.9838800242853503	0.0
0.05853236980705891	-1.9830210384322928	0.0
0.06003319980211169	-1.9821404034551564	0.0
0.06153402979716449	-1.9812381306386013	0.0
0.06303485979221728	-1.9803142324154774	0.0
0.06453568978727008	-1.9793687221885483	0.0
0.06603651978232286	-1.978401613343698	0.0
0.06753734977737566	-1.9774129186465217	0.0
0.06903817977242845	-1.9764026510962813	0.0
0.07053900976748124	-1.9753708241378254	0.0
0.07203983976253404	-1.9743174510327202	0.0
0.07354066975758683	-1.973242544988961	0.0
0.07504149975263963	-1.9721461197013828	0.0
0.07654232974769241	-1.971028188777936	0.0
0.07804315974274521	-1.9698887654086088	0.0
0.079543989737798	-1.9687278634576335	0.0
0.0810448197328508	-1.9675454977707816	0.0
0.08254564972790358	-1.9663416835757617	0.0
0.08404647972295638	-1.9651164364266833	0.0
0.08554730971800917	-1.9638697720434688	0.0
0.08704813971306197	-1.9626017062926948	0.0
0.08854896970811475	-1.961312255175083	0.0
0.09004979970316755	-1.9600014348548205	0.0
0.09155062969822034	-1.958669262198954	0.0
0.09305145969327314	-1.9573157544851059	0.0
0.09455228968832592	-1.9559409290763954	0.0
0.09605311968337872	-1.9545448035773239	0.0
0.0975539496784315	-1.9531273958580735	0.0
0.0990547796734843	-1.9516887241509777	0.0
0.10055560966853709	-1.950228806990385	0.0
0.10205643966358988	-1.9487476630098435	0.0
0.10355726965864268	-1.9472453114112216	0.0
0.10505809965369547	-1.945721771709089	0.0
0.10655892964874826	-1.9441770632078361	0.0
0.10805975964380105	-1.9426112057047824	0.0
0.10956058963885383	-1.9410242197323255	0.0
0.11106141963390664	-1.9394161261226475	0.0
0.11256224962895943	-1.9377869457214763	0.0
0.11406307962401221	-1.936136699572091	0.0
0.115563909619065	-1.9344654092542188	0.0
0.11706473961411781	-1.932773096861281	0.0
0.1185655696091706	-1.9310597847326414	0.0
0.12006639960422338	-1.92932549505332	0.0
0.1215672295992762	-1.9275702506208494	0.0
0.12306805959432898	-1.9257940753061988	0.0
0.12456888958938177	-1.9239969926713028	0.0
0.12606971958443455	-1.9221790261053104	0.0
0.12757054957948735	-1.9203401998622145	0.0
0.12907137957454015	-1.9184805390836925	0.0
0.13057220956959295	-1.916600068679224	0.0
0.13207303956464572	-1.9146988132712939	0.0
0.13357386955969852	-1.9127767985769137	0.0
0.13507469955475132	-1.9108340509592479	0.0
0.1365755295498041	-1.9088705966659076	0.0
0.1380763595448569	-1.9068864619748824	0.0
0.1395771895399097	-1.9048816738077374	0.0
0.1410780195349625	-1.9028562597229621	0.0
0.14257884953001526	-1.900810247363214	0.0
0.1440796795250681	-1.8987436646417992	0.0
0.14558050952012086	-1.8966565397630397	0.0
0.14708133951517366	-1.8945489011335575	0.0
0.14858216951022643	-1.892420778158266	0.0
0.15008299950527926	-1.8902722007584492	0.0
0.15158382950033203	-1.8881031981987424	0.0
0.15308465949538483	-1.8859138000844478	0.0
0.1545854894904376	-1.8837040369706863	0.0
0.15608631948549043	-1.8814739399841167	0.0
0.1575871494805432	-1.8792235404213309	0.0
0.159087979475596	-1.8769528695275561	0.0
0.16058880947064877	-1.8746619589599787	0.0
0.1620896394657016	-1.8723508411121115	0.0
0.16359046946075437	-1.870019548444234	0.0
0.16509129945580717	-1.86766811376841	0.0
0.16659212945085994	-1.8652965709371006	0.0
0.16809295944591277	-1.8629049533044286	0.0
0.16959378944096554	-1.8604932940192274	0.0
0.17109461943601834	-1.85806162776343	0.0
0.17259544943107114	-1.8556099898937484	0.0
0.17409627942612393	-1.8531384155993462	0.0
0.1755971094211767	-1.850646939656668	0.0
0.1770979394162295	-1.8481355973555096	0.0
0.1785987694112823	-1.8456044252713868	0.0
0.1800995994063351	-1.843053460188137	0.0
0.18160042940138788	-1.840482739058523	0.0
0.18310125939644067	-1.8378922990446167	0.0
0.18460208939149347	-1.8352821770943906	0.0
0.18610291938654627	-1.8326524108043603	0.0
0.18760374938159904	-1.8300030393797324	0.0
0.18910457937665184	-1.827334101736909	0.0
0.19060540937170464	-1.8246456360581413	0.0
0.19210623936675744	-1.8219376818789077	0.0
0.1936070693618102	-1.8192102788597877	0.0
0.195107899356863	-1.8164634666459745	0.0
0.1966087293519158	-1.8136972864702106	0.0
0.1981095593469686	-1.8109117794018192	0.0
0.19961038934202138	-1.8081069860529462	0.0
0.20111121933707418	-1.8052829477132963	0.0
0.20261204933212695	-1.8024397058563242	0.0
0.20411287932717975	-1.7995773029921802	0.0
0.20561370932223258	-1.7966957824245084	0.0
0.20711453931728535	-1.7937951867453716	0.0
0.20861536931233815	-1.790875558801494	0.0
0.21011619930739095	-1.7879369426919942	0.0
0.21161702930244372	-1.784979382495825	0.0
0.21311785929749652	-1.782002921670034	0.0
0.2146186892925493	-1.7790076049879917	0.0
0.2161195192876021	-1.7759934779845574	0.0
0.21762034928265492	-1.772960585791316	0.0
0.21912117927770766	-1.769908974130593	0.0
0.2206220092727605	-1.7668386892905523	0.0
0.2221228392678133	-1.7637497773316992	0.0
0.22362366926286606	-1.760642284811498	0.0
0.22512449925791886	-1.7575162591821838	0.0
0.22662532925297169	-1.7543717474243747	0.0
0.22812615924802443	-1.751208797164286	0.0
0.22962698924307726	-1.7480274567106318	0.0
0.23112781923813	-1.7448277746947938	0.0
0.23262864923318283	-1.7416097997201456	0.0
0.23412947922823563	-1.7383735805236102	0.0
0.2356303092232884	-1.7351191669998416	0.0
0.2371311392183412	-1.731846608595396	0.0
0.238631969213394	-1.7285559551726026	0.0
0.24013279920844677	-1.7252472569170898	0.0
0.2416336292034996	-1.7219205645948865	0.0
0.2431344591985524	-1.7185759301960424	0.0
0.24463528919360517	-1.7152134042537277	0.0
0.24613611918865796	-1.7118330373098936	0.0
0.24763694918371074	-1.7084348819112154	0.0
0.24913777917876354	-1.7050189901615842	0.0
0.25063860917381636	-1.7015854138660012	0.0
0.2521394391688691	-1.6981342064404807	0.0
0.2536402691639219	-1.6946654208942842	0.0
0.2551410991589747	-1.6911791095324713	0.0
0.2566419291540275	-1.6876753261924389	0.0
0.2581427591490803	-1.6841541253968593	0.0
0.25964358914413305	-1.6806155615587446	0.0
0.2611444191391859	-1.677059689947269	0.0
0.2626452491342387	-1.6734865671729047	0.0
0.26414607912929144	-1.6698962489447062	0.0
0.26564690912434424	-1.666288789763224	0.0
0.26714773911939704	-1.6626642466857673	0.0
0.26864856911444984	-1.6590226768919545	0.0
0.27014939910950264	-1.6553641366539802	0.0
0.27165022910455544	-1.6516886839529534	0.0
0.2731510590996082	-1.6479963761876864	0.0
0.27465188909466104	-1.6442872696611324	0.0
0.2761527190897138	-1.64056142204422	0.0
0.2776535490847666	-1.6368188932160548	0.0
0.2791543790798194	-1.6330597416466066	0.0
0.2806552090748722	-1.629284023715253	0.0
0.282156039069925	-1.6254917988346373	0.0
0.2836568690649778	-1.6216831279807167	0.0
0.2851576990600305	-1.6178580700538487	0.0
0.2866585290550834	-1.6140166843377277	0.0
0.2881593590501362	-1.6101590311089216	0.0
0.2896601890451889	-1.6062851701097969	0.0
0.2911610190402417	-1.6023951612549046	0.0
0.2926618490352945	-1.5984890660273428	0.0
0.2941626790303473	-1.5945669459807759	0.0
0.2956635090254001	-1.590628860759912	0.0
0.29716433902045286	-1.586674872386288	0.0
0.2986651690155057	-1.5827050443226016	0.0
0.3001659990105585	-1.578719436945432	0.0
0.30166682900561126	-1.574718111496863	0.0
0.30316765900066406	-1.5707011306600538	0.0
0.30466848899571686	-1.5666685574928054	0.0
0.30616931899076966	-1.5626204549431686	0.0
0.30767014898582246	-1.5585568856840968	0.0
0.3091709789808752	-1.5544779136362985	0.0
0.31067180897592805	-1.550383601652531	0.0
0.31217263897098085	-1.5462740126891752	0.0
0.3136734689660336	-1.5421492113676258	0.0
0.3151742989610864	-1.5380092611874516	0.0
0.3166751289561392	-1.533854225847147	0.0
0.318175958951192	-1.529684170571378	0.0
0.3196767889462448	-1.5254991601497907	0.0
0.32117761894129754	-1.5212992592521812	0.0
0.3226784489363504	-1.517084532287653	0.0
0.3241792789314032	-1.5128550447565983	0.0
0.32568010892645594	-1.5086108623690846	0.0
0.32718093892150873	-1.5043520484798711	0.0
0.32868176891656153	-1.5000786690659385	0.0
0.33018259891161433	-1.4957907919157678	0.0
0.33168342890666713	-1.491488482234544	0.0
0.3331842589017199	-1.4871718050308347	0.0
0.3346850888967727	-1.4828408270633706	0.0
0.33618591889182553	-1.478495615084367	0.0
0.3376867488868783	-1.4741362344526943	0.0
0.3391875788819311	-1.4697627524960075	0.0
0.3406884088769839	-1.465375236378546	0.0
0.34218923887203667	-1.460973752140825	0.0
0.34369006886708947	-1.4565583675981295	0.0
0.34519089886214227	-1.4521291486894603	0.0
0.346691728857195	-1.447686161853786	0.0
0.34819255885224787	-1.4432294770639127	0.0
0.3496933888473006	-1.4387591614799038	0.0
0.3511942188423534	-1.434275280128161	0.0
0.3526950488374062	-1.4297779019092747	0.0
0.354195878832459	-1.4252670954404356	0.0
0.3556967088275118	-1.4207429271466743	0.0
0.3571975388225646	-1.4162054663401276	0.0
0.35869836881761735	-1.4116547806249613	0.0
0.3601991988126702	-1.4070909361294532	0.0
0.361700028807723	-1.4025140029165333	0.0
0.36320085880277575	-1.3979240490363993	0.0
0.36470168879782855	-1.3933211416718772	0.0
0.36620251879288135	-1.388705349915311	0.0
0.36770334878793415	-1.3840767431197314	0.0
0.36920417878298695	-1.3794353890470337	0.0
0.3707050087780397	-1.3747813545578627	0.0
0.37220583877309255	-1.3701147098759947	0.0
0.37370666876814534	-1.365435524737052	0.0
0.3752074987631981	-1.3607438663718936	0.0
0.3767083287582509	-1.3560398021956797	0.0
0.3782091587533037	-1.3513234019791864	0.0
0.3797099887483565	-1.3465947347182659	0.0
0.3812108187434093	-1.3418538689878274	0.0
0.38271164873846203	-1.3371008733635767	0.0
0.3842124787335149	-1.3323358171545243	0.0
0.3857133087285677	-1.3275587704333442	0.0
0.3872141387236204	-1.3227697995384142	0.0
0.38871496871867317	-1.3179689741740903	0.0
0.390215798713726	-1.3131563641786943	0.0
0.3917166287087788	-1.3083320373245504	0.0
0.3932174587038316	-1.3034960635070814	0.0
0.3947182886988844	-1.2986485105425571	0.0
0.3962191186939372	-1.2937894461299075	0.0
0.39771994868898997	-1.2889189416393694	0.0
0.39922077868404277	-1.2840370662127378	0.0
0.40072160867909556	-1.2791438857095685	0.0
0.40222243867414836	-1.2742394701460378	0.0
0.4037232686692012	-1.2693238898191515	0.0
0.4052240986642539	-1.2643972126357488	0.0
0.4067249286593067	-1.2594595060894695	0.0
0.4082257586543595	-1.2545108382369166	0.0
0.40972658864941236	-1.249551279869218	0.0
0.41122741864446516	-1.2445808994528844	0.0
0.41272824863951796	-1.2395997633545903	0.0
0.4142290786345707	-1.2346079399593726	0.0
0.4157299086296235	-1.2296054975751805	0.0
0.4172307386246763	-1.2245925062872378	0.0
0.4187315686197291	-1.219569035135562	0.0
0.4202323986147819	-1.2145351501275403	0.0
0.42173322860983464	-1.2094909172966108	0.0
0.42323405860488744	-1.2044364057792372	0.0
0.42473488859994024	-1.199371686674616	0.0
0.42623571859499304	-1.1942968269970085	0.0
0.42773654859004584	-1.1892118924201132	0.0
0.4292373785850986	-1.184116950902461	0.0
0.4307382085801514	-1.179012071140531	0.0
0.4322390385752042	-1.1738973204210774	0.0
0.43373986857025704	-1.1687727664842396	0.0
0.43524069856530984	-1.1636384763650718	0.0
0.43674152856036264	-1.1584945161033833	0.0
0.4382423585554153	-1.1533409544151965	0.0
0.4397431885504682	-1.1481778592790435	0.0
0.441244018545521	-1.1430052959300694	0.0
0.4427448485405738	-1.1378233317238584	0.0
0.4442456785356266	-1.1326320352578314	0.0
0.4457465085306793	-1.1274314716698486	0.0
0.4472473385257321	-1.1222217069228724	0.0
0.4487481685207849	-1.1170028082232488	0.0
0.4502489985158377	-1.1117748423938447	0.0
0.4517498285108905	-1.1065378759383044	0.0
0.45325065850594337	-1.1012919745596843	0.0
0.45475148850099606	-1.0960372051378733	0.0
0.45625231849604886	-1.0907736322050035	0.0
0.45775314849110166	-1.0855013208251707	0.0
0.4592539784861545	-1.0802203398992631	0.0
0.4607548084812073	-1.0749307543922915	0.0
0.46225563847626	-1.0696326273137937	0.0
0.46375646847131285	-1.0643260259921092	0.0
0.46525729846636565	-1.0590110162364912	0.0
0.46675812846141845	-1.0536876608208998	0.0
0.46825895845647125	-1.048356026913507	0.0
0.46975978845152405	-1.0430161808025937	0.0
0.4712606184465768	-1.0376681847320652	0.0
0.4727614484416296	-1.0323121029327045	0.0
0.4742622784366824	-1.0269480014307266	0.0
0.4757631084317352	-1.021575944966574	0.0
0.477263938426788	-1.0161959960054483	0.0
0.47876476842184074	-1.0108082203619781	0.0
0.48026559841689354	-1.0054126830994408	0.0
0.48176642841194633	-1.0000094457442186	0.0
0.4832672584069992	-0.9945985728193184	0.0
0.484768088402052	-0.9891801281932135	0.0
0.4862689183971048	-0.9837541743492183	0.0
0.4877697483921575	-0.9783207764511741	0.0
0.48927057838721033	-0.9728799980764024	0.0
0.49077140838226313	-0.9674319011380152	0.0
0.49227223837731593	-0.9619765491559513	0.0
0.49377306837236873	-0.9565140051369619	0.0
0.4952738983674215	-0.9510443304095828	0.0
0.49677472836247427	-0.9455675882154368	0.0
0.49827555835752707	-0.9400838429014184	0.0
0.49977638835257987	-0.9345931564536549	0.0
0.5012772183476327	-0.9290955911213409	0.0
0.5027780483426855	-0.9235912071058897	0.0
0.5042788783377382	-0.9180800657917225	0.0
0.5057797083327911	-0.9125622317726725	0.0
0.5072805383278438	-0.9070377675096953	0.0
0.5087813683228967	-0.9015067330282082	0.0
0.5102821983179494	-0.895969189469539	0.0
0.5117830283130022	-0.8904252003008017	0.0
0.513283858308055	-0.8848748241859504	0.0
0.5147846883031078	-0.8793181223691964	0.0
0.5162855182981606	-0.8737551584369805	0.0
0.5177863482932135	-0.8681859901849616	0.0
0.5192871782882661	-0.8626106808088321	0.0
0.520788008283319	-0.8570292925977193	0.0
0.5222888382783718	-0.8514418827316834	0.0
0.5237896682734245	-0.8458485123594826	0.0
0.5252904982684774	-0.840249243150775	0.0
0.5267913282635301	-0.8346441355733206	0.0
0.5282921582585829	-0.8290332485626634	0.0
0.5297929882536357	-0.8234166416009212	0.0
0.5312938182486885	-0.817794376031495	0.0
0.5327946482437413	-0.8121665130989277	0.0
0.5342954782387941	-0.8065331116441785	0.0
0.5357963082338468	-0.8008942285504967	0.0
0.5372971382288997	-0.7952499245156648	0.0
0.5387979682239524	-0.7896002610878284	0.0
0.5402987982190053	-0.7839452968663421	0.0
0.5417996282140581	-0.7782850905909949	0.0
0.5433004582091109	-0.7726197010888891	0.0
0.5448012882041636	-0.7669491874829235	0.0
0.5463021181992164	-0.7612736107346304	0.0
0.5478029481942692	-0.7555930303597223	0.0
0.5493037781893221	-0.7499075028589498	0.0
0.5508046081843748	-0.7442170853804108	0.0
0.5523054381794276	-0.7385218388732004	0.0
0.5538062681744804	-0.7328218227603583	0.0
0.5553070981695332	-0.7271170947624684	0.0
0.556807928164586	-0.7214077143132596	0.0
0.5583087581596388	-0.7156937386618617	0.0
0.5598095881546916	-0.709975226605766	0.0
0.5613104181497444	-0.7042522350182582	0.0
0.5628112481447971	-0.6985248233420058	0.0
0.56431207813985	-0.6927930527011448	0.0
0.5658129081349027	-0.6870569761597396	0.0
0.5673137381299556	-0.6813166544873306	0.0
0.5688145681250083	-0.6755721471135501	0.0
0.570315398120061	-0.6698235093269542	0.0
0.5718162281151139	-0.6640707999789142	0.0
0.5733170581101668	-0.6583140752753793	0.0
0.5748178881052195	-0.6525533955623486	0.0
0.5763187181002724	-0.6467888177871275	0.0
0.5778195480953251	-0.641020399486683	0.0
0.5793203780903778	-0.6352482003609226	0.0
0.5808212080854307	-0.6294722757134488	0.0
0.5823220380804834	-0.6236926842783694	0.0
0.5838228680755363	-0.6179094838049664	0.0
0.585323698070589	-0.6121227306902571	0.0
0.5868245280656418	-0.6063324838379622	0.0
0.5883253580606946	-0.6005388011982722	0.0
0.5898261880557474	-0.5947417389876082	0.0
0.5913270180508002	-0.5889413556338652	0.0
0.592827848045853	-0.5831377096529697	0.0
0.5943286780409057	-0.5773308563672666	0.0
0.5958295080359586	-0.5715208546663809	0.0
0.5973303380310114	-0.5657077625426236	0.0
0.5988311680260642	-0.5598916361627981	0.0
0.600331998021117	-0.5540725352366642	0.0
0.6018328280161698	-0.5482505155827196	0.0
0.6033336580112225	-0.5424256345089715	0.0
0.6048344880062754	-0.5365979485662935	0.0
0.6063353180013281	-0.5307675174873332	0.0
0.607836147996381	-0.5249344035850241	0.0
0.6093369779914337	-0.5190986582495651	0.0
0.6108378079864865	-0.5132603381173493	0.0
0.6123386379815393	-0.507419502109425	0.0
0.6138394679765921	-0.5015762082237343	0.0
0.6153402979716449	-0.49573051855857203	0.0
0.6168411279666978	-0.4898824873989911	0.0
0.6183419579617504	-0.4840321696228828	0.0
0.6198427879568033	-0.4781796263957591	0.0
0.6213436179518561	-0.47232491574630214	0.0
0.6228444479469089	-0.4664680940040231	0.0
0.6243452779419617	-0.46060922137111504	0.0
0.6258461079370145	-0.4547483548698822	0.0
0.6273469379320672	-0.4488855507599835	0.0
0.62884776792712	-0.4430208699070217	0.0
0.6303485979221728	-0.4371543693989802	0.0
0.6318494279172256	-0.43128610760068276	0.0
0.6333502579122784	-0.42541614320072707	0.0
0.6348510879073311	-0.4195445328969656	0.0
0.636351917902384	-0.4136713351999912	0.0
0.6378527478974367	-0.4077966102624938	0.0
0.6393535778924896	-0.4019204175588632	0.0
0.6408544078875424	-0.3960428136256563	0.0
0.6423552378825951	-0.3901638555018999	0.0
0.6438560678776479	-0.38428360305359754	0.0
0.6453568978727008	-0.378402119382389	0.0
0.6468577278677535	-0.3725194613272518	0.0
0.6483585578628064	-0.3666356848387362	0.0
0.6498593878578591	-0.36075084957129866	0.0
0.6513602178529119	-0.3548650143135258	0.0
0.6528610478479647	-0.3489782408221822	0.0
0.6543618778430175	-0.3430905886800317	0.0
0.6558627078380703	-0.33720211622164387	0.0
0.6573635378331231	-0.3313128829443882	0.0
0.6588643678281758	-0.32542294853096954	0.0
0.6603651978232287	-0.3195323728264975	0.0
0.6618660278182814	-0.31364121383207855	0.0
0.6633668578133343	-0.3077495321795154	0.0
0.6648676878083871	-0.301857387627796	0.0
0.6663685178034398	-0.29596483952692465	0.0
0.6678693477984926	-0.2900719516624761	0.0
0.6693701777935454	-0.28417878108139893	0.0
0.6708710077885982	-0.27828538744024156	0.0
0.6723718377836511	-0.27239183567466196	0.0
0.6738726677787038	-0.2664981845480062	0.0
0.6753734977737565	-0.2606044928204939	0.0
0.6768743277688094	-0.2547108189921614	0.0
0.6783751577638621	-0.24881722563616437	0.0
0.679875987758915	-0.24292377576539348	0.0
0.6813768177539677	-0.23703052977859873	0.0
0.6828776477490205	-0.23113755087165344	0.0
0.6843784777440733	-0.22524489593322772	0.0
0.6858793077391261	-0.2193526253675928	0.0
0.6873801377341789	-0.21346080584417526	0.0
0.6888809677292317	-0.2075694983960249	0.0
0.6903817977242845	-0.2016787620754571	0.0
0.6918826277193373	-0.1957886570239904	0.0
0.69338345771439	-0.18989924885447595	0.0
0.6948842877094429	-0.18401060013866133	0.0
0.6963851177044957	-0.17812276810450378	0.0
0.6978859476995485	-0.1722358173606524	0.0
0.6993867776946012	-0.1663498114451113	0.0
0.7008876076896541	-0.1604648115519437	0.0
0.7023884376847068	-0.15458088309439766	0.0
0.7038892676797597	-0.14869808645272153	0.0
0.7053900976748124	-0.14281648107314837	0.0
0.7068909276698653	-0.13693613262273807	0.0
0.708391757664918	-0.13105710579479612	0.0
0.7098925876599708	-0.12517946048452233	0.0
0.7113934176550236	-0.11930326063840735	0.0
0.7128942476500764	-0.11342857445285415	0.0
0.7143950776451292	-0.10755546067978305	0.0
0.715895907640182	-0.10168398039615678	0.0
0.7173967376352347	-0.09581420139232188	0.0
0.7188975676302876	-0.08994618489045092	0.0
0.7203983976253404	-0.0840799926376099	0.0
0.7218992276203932	-0.07821569319175214	0.0
0.723400057615446	-0.07235335196709403	0.0
0.7249008876104988	-0.06649302782864575	0.0
0.7264017176055515	-0.06063478393747901	0.0
0.7279025476006044	-0.05477868722878365	0.0
0.7294033775956571	-0.04892480215369144	0.0
0.73090420759071	-0.0430731954063619	0.0
0.7324050375857627	-0.03722392884692738	0.0
0.7339058675808154	-0.03137706305776766	0.0
0.7354066975758683	-0.025532666765475165	0.0
0.736907527570921	-0.019690806590499932	0.0
0.7384083575659739	-0.013851545305172408	0.0
0.7399091875610266	-0.00801494495268229	0.0
0.7414100175560794	-0.002181073299431624	0.0
0.7429108475511322	0.003650004844193866	0.0
0.7444116775461851	0.009478223888923942	0.0
0.7459125075412378	0.01530351744022318	0.0
0.7474133375362907	0.021125827045459955	0.0
0.7489141675313434	0.02694508184851241	0.0
0.7504149975263962	0.03276121519836939	0.0
0.751915827521449	0.03857416856010554	0.0
0.7534166575165018	0.04438386993701693	0.0
0.7549174875115546	0.05019025299323299	0.0
0.7564183175066074	0.055993258758689546	0.0
0.7579191475016601	0.06179282001549047	0.0
0.759419977496713	0.06758886771640871	0.0
0.7609208074917657	0.07338133878921527	0.0
0.7624216374868186	0.07917016659803178	0.0
0.7639224674818714	0.08495528243274064	0.0
0.7654232974769241	0.09073662603067545	0.0
0.7669241274719769	0.09651413167580247	0.0
0.7684249574670298	0.10228772996536906	0.0
0.7699257874620825	0.10805735886774204	0.0
0.7714266174571354	0.11382295004333898	0.0
0.772927447452188	0.11958443494872584	0.0
0.7744282774472409	0.125341751353651	0.0
0.7759291074422937	0.13109483383949727	0.0
0.7774299374373463	0.13684361648377652	0.0
0.7789307674323993	0.14258803439911505	0.0
0.780431597427452	0.14832802185278116	0.0
0.7819324274225049	0.15406350796489576	0.0
0.7834332574175576	0.1597944269590943	0.0
0.7849340874126104	0.1655207181487317	0.0
0.7864349174076632	0.1712423173779578	0.0
0.787935747402716	0.17695915719884625	0.0
0.7894365773977688	0.18267116764046554	0.0
0.7909374073928216	0.18837828391490397	0.0
0.7924382373878744	0.1940804442903381	0.0
0.7939390673829272	0.19977758222833342	0.0
0.7954398973779799	0.20546962929662493	0.0
0.7969407273730328	0.21115652315257138	0.0
0.7984415573680855	0.21683819704358642	0.0
0.7999423873631384	0.22251458180807027	0.0
0.8014432173581911	0.22818561671146398	0.0
0.8029440473532439	0.23385123963052412	0.0
0.8044448773482967	0.23951138244350556	0.0
0.8059457073433495	0.24516597641992255	0.0
0.8074465373384024	0.25081495846672386	0.0
0.8089473673334551	0.2564582660501942	0.0
0.8104481973285078	0.26209583129870273	0.0
0.8119490273235607	0.2677275903356202	0.0
0.8134498573186134	0.27335348022212047	0.0
0.8149506873136664	0.2789734341565657	0.0
0.816451517308719	0.2845873861189101	0.0
0.8179523473037718	0.2901952744798053	0.0
0.8194531772988247	0.29579703870944596	0.0
0.8209540072938774	0.301392608071009	0.0
0.8224548372889303	0.3069819200287196	0.0
0.8239556672839831	0.3125649130875694	0.0
0.8254564972790359	0.31814151824076675	0.0
0.8269573272740887	0.32371168042137377	0.0
0.8284581572691414	0.32927533316077007	0.0
0.8299589872641943	0.3348324069051092	0.0
0.831459817259247	0.34038284303062283	0.0
0.8329606472542999	0.3459265771276716	0.0
0.8344614772493526	0.351463547082951	0.0
0.8359623072444053	0.3569936920126331	0.0
0.8374631372394582	0.36251694937805223	0.0
0.8389639672345109	0.3680332540358484	0.0
0.8404647972295638	0.37354254280232135	0.0
0.8419656272246165	0.3790447566210984	0.0
0.8434664572196693	0.384539834949547	0.0
0.8449672872147221	0.390027712085776	0.0
0.8464681172097749	0.39550832730264207	0.0
0.8479689472048277	0.4009816233866841	0.0
0.8494697771998805	0.40644753493725516	0.0
0.8509706071949332	0.41190600095269736	0.0
0.8524714371899861	0.41735696094192565	0.0
0.8539722671850388	0.4228003564451812	0.0
0.8554730971800917	0.4282361293451131	0.0
0.8569739271751444	0.43366421616687445	0.0
0.8584747571701972	0.43908455778099875	0.0
0.85997558716525	0.4444970911221058	0.0
0.8614764171603028	0.44990175882389316	0.0
0.8629772471553557	0.4552985059345278	0.0
0.8644780771504084	0.46068727328653414	0.0
0.8659789071454613	0.4660679978410158	0.0
0.8674797371405141	0.4714406199446304	0.0
0.8689805671355667	0.4768050888738342	0.0
0.8704813971306197	0.482161344480202	0.0
0.8719822271256723	0.48750932468151564	0.0
0.8734830571207253	0.4928489712279065	0.0
0.874983887115778	0.49818023432193326	0.0
0.8764847171108306	0.5035030576402801	0.0
0.8779855471058836	0.508817375474256	0.0
0.8794863771009364	0.5141231359996068	0.0
0.8809872070959892	0.5194202883868275	0.0
0.882488037091042	0.5247087730906008	0.0
0.8839888670860947	0.529988532113606	0.0
0.8854896970811476	0.5352595130351094	0.0
0.8869905270762003	0.5405216623441613	0.0
0.8884913570712532	0.5457749214281156	0.0
0.8899921870663059	0.5510192375756415	0.0
0.8914930170613586	0.5562545624113204	0.0
0.8929938470564115	0.5614808417785633	0.0
0.8944946770514642	0.5666980183390227	0.0
0.8959955070465171	0.5719060370676847	0.0
0.8974963370415698	0.5771048468850726	0.0
0.8989971670366227	0.5822943983463726	0.0
0.9004979970316754	0.5874746429322755	0.0
0.9019988270267282	0.5926455275898572	0.0
0.903499657021781	0.5978069934136416	0.0
0.9050004870168338	0.602958987505158	0.0
0.9065013170118867	0.6081014712838626	0.0
0.9080021470069394	0.6132343973948473	0.0
0.9095029770019921	0.6183577044345965	0.0
0.911003806997045	0.6234713433015724	0.0
0.9125046369920977	0.6285752695990663	0.0
0.9140054669871507	0.6336694338388518	0.0
0.9155062969822033	0.638753789265285	0.0
0.9170071269772561	0.6438282863777156	0.0
0.918507956972309	0.6488928760846895	0.0
0.9200087869673617	0.6539475124452236	0.0
0.9215096169624146	0.6589921469387598	0.0
0.9230104469574674	0.6640267347182924	0.0
0.92451127695252	0.6690512292314064	0.0
0.926012106947573	0.6740655845120502	0.0
0.9275129369426257	0.6790697576999998	0.0
0.9290137669376786	0.6840637013701487	0.0
0.9305145969327313	0.6890473689971968	0.0
0.932015426927784	0.6940207160149774	0.0
0.9335162569228369	0.6989837052565453	0.0
0.9350170869178897	0.7039362899001367	0.0
0.9365179169129425	0.7088784179049692	0.0
0.9380187469079952	0.7138100561130813	0.0
0.9395195769030481	0.718731165155235	0.0
0.9410204068981008	0.7236416951687796	0.0
0.9425212368931536	0.7285416055868579	0.0
0.9440220668882064	0.7334308597227159	0.0
0.9455228968832592	0.7383094157744008	0.0
0.947023726878312	0.7431772282602991	0.0
0.9485245568733648	0.7480342595093652	0.0
0.9500253868684175	0.7528804777818892	0.0
0.9515262168634704	0.757715832951781	0.0
0.9530270468585231	0.7625402858947785	0.0
0.954527876853576	0.7673538079463091	0.0
0.9560287068486287	0.7721563537372598	0.0
0.9575295368436815	0.776947887051967	0.0
0.9590303668387343	0.7817283715989638	0.0
0.9605311968337871	0.7864977699636684	0.0
0.96203202682884	0.7912560470277934	0.0
0.9635328568238927	0.796003162939562	0.0
0.9650336868189454	0.8007390831995328	0.0
0.9665345168139984	0.8054637782354969	0.0
0.968035346809051	0.8101772080369383	0.0
0.969536176804104	0.8148793353088719	0.0
0.9710370067991567	0.8195701316947823	0.0
0.9725378367942096	0.8242495598233832	0.0
0.9740386667892623	0.828917586930803	0.0
0.975539496784315	0.8335741832836092	0.0
0.9770403267793679	0.8382193125553393	0.0
0.9785411567744207	0.8428529397991057	0.0
0.9800419867694735	0.8474750411268424	0.0
0.9815428167645263	0.8520855840063777	0.0
0.983043646759579	0.8566845294488654	0.0
0.9845444767546319	0.8612718542259236	0.0
0.9860453067496846	0.8658475281970516	0.0
0.9875461367447375	0.8704115157762273	0.0
0.9890469667397902	0.8749637895235374	0.0
0.990547796734843	0.8795043234668226	0.0
0.9920486267298958	0.8840330903110496	0.0
0.9935494567249485	0.8885500590420267	0.0
0.9950502867200014	0.8930551981919962	0.0
0.9965511167150541	0.8975484793764459	0.0
0.9980519467101069	0.9020298798822258	0.0
0.9995527767051597	0.9064993747446438	0.0
1.0010536067002125	0.910956932952614	0.0
1.0025544366952654	0.9154025320755756	0.0
1.0040552666903182	0.9198361468103747	0.0
1.005556096685371	0.924257745069353	0.0
1.0070569266804237	0.9286673060390135	0.0
1.0085577566754764	0.9330648045990114	0.0
1.0100585866705294	0.9374502149453197	0.0
1.0115594166655821	0.9418235189944612	0.0
1.0130602466606349	0.9461846865884062	0.0
1.0145610766556876	0.9505336943603158	0.0
1.0160619066507404	0.9548705230980358	0.0
1.0175627366457933	0.9591951461988696	0.0
1.019063566640846	0.9635075453561697	0.0
1.0205643966358988	0.9678076947196699	0.0
1.0220652266309516	0.972095574333417	0.0
1.0235660566260043	0.976371167782835	0.0
1.0250668866210573	0.9806344455665406	0.0
1.02656771661611	0.9848853863094682	0.0
1.0280685466111628	0.9891239765540653	0.0
1.0295693766062155	0.9933501974036826	0.0
1.0310702066012682	0.9975640208018418	0.0
1.0325710365963212	1.0017654281085948	0.0
1.034071866591374	1.0059544078955074	0.0
1.035572696586427	1.010130936273984	0.0
1.0370735265814794	1.014294989550805	0.0
1.0385743565765322	1.0184465578940753	0.0
1.0400751865715852	1.0225856237085114	0.0
1.041576016566638	1.0267121602930849	0.0
1.0430768465616909	1.0308261564922327	0.0
1.0445776765567436	1.0349275941593008	0.0
1.0460785065517963	1.039016451447341	0.0
1.047579336546849	1.0430927187670926	0.0
1.0490801665419018	1.047156377963256	0.0
1.0505809965369548	1.0512074103616174	0.0
1.0520818265320075	1.0552457995238815	0.0
1.0535826565270603	1.0592715301826368	0.0
1.055083486522113	1.063284589831677	0.0
1.0565843165171658	1.067284961610773	0.0
1.0580851465122187	1.0712726271837703	0.0
1.0595859765072715	1.0752475751184947	0.0
1.0610868065023242	1.079209795545922	0.0
1.062587636497377	1.083159263556956	0.0
1.0640884664924297	1.0870959645007066	0.0
1.0655892964874827	1.0910198960123316	0.0
1.0670901264825354	1.0949310411332127	0.0
1.0685909564775882	1.0988293806955896	0.0
1.070091786472641	1.1027149007722303	0.0
1.0715926164676937	1.1065875923076764	0.0
1.0730934464627466	1.1104474457713958	0.0
1.0745942764577994	1.1142944419972474	0.0
1.0760951064528521	1.1181285646729047	0.0
1.0775959364479049	1.1219498075862109	0.0
1.0790967664429576	1.1257581618234487	0.0
1.0805975964380106	1.1295536120368008	0.0
1.0820984264330633	1.1333361421135089	0.0
1.0835992564281163	1.1371057398654356	0.0
1.0851000864231688	1.1408623996054346	0.0
1.0866009164182218	1.1446061112863928	0.0
1.0881017464132745	1.1483368530042253	0.0
1.0896025764083273	1.1520546171465644	0.0
1.0911034064033802	1.1557594014171069	0.0
1.0926042363984327	1.1594511865520798	0.0
1.0941050663934857	1.1631299608116188	0.0
1.0956058963885384	1.1667957173254133	0.0
1.0971067263835912	1.1704484422152368	0.0
1.0986075563786442	1.1740881268504253	0.0
1.100108386373697	1.17771476361637	0.0
1.1016092163687496	1.1813283362735336	0.0
1.1031100463638024	1.1849288352996634	0.0
1.1046108763588551	1.1885162523459636	0.0
1.106111706353908	1.1920905771391852	0.0
1.1076125363489608	1.1956518008098436	0.0
1.1091133663440136	1.1991999096337285	0.0
1.1106141963390663	1.2027348960367006	0.0
1.112115026334119	1.206256749163267	0.0
1.113615856329172	1.2097654595787297	0.0
1.1151166863242248	1.2132610202869598	0.0
1.1166175163192775	1.216743416196136	0.0
1.1181183463143303	1.2202126359246068	0.0
1.1196191763093832	1.223668675782166	0.0
1.121120006304436	1.2271115284410556	0.0
1.1226208362994887	1.230541176973302	0.0
1.1241216662945415	1.233957613476884	0.0
1.1256224962895942	1.2373608324045824	0.0
1.1271233262846472	1.2407508203131663	0.0
1.1286241562797	1.2441275684887732	0.0
1.1301249862747527	1.2474910664050778	0.0
1.1316258162698054	1.2508413011762163	0.0
1.1331266462648582	1.2541782699172885	0.0
1.1346274762599111	1.257501965014498	0.0
1.1361283062549639	1.2608123685136865	0.0
1.1376291362500166	1.2641094737655363	0.0
1.1391299662450696	1.2673932750208707	0.0
1.140630796240122	1.2706637578022102	0.0
1.142131626235175	1.2739209116338546	0.0
1.1436324562302278	1.2771647306224185	0.0
1.1451332862252805	1.2803952039084905	0.0
1.1466341162203335	1.2836123187546988	0.0
1.1481349462153863	1.2868160686057957	0.0
1.149635776210439	1.2900064437498306	0.0
1.1511366062054917	1.293183432403864	0.0
1.1526374362005447	1.2963470258660184	0.0
1.1541382661955975	1.2994972130212248	0.0
1.1556390961906502	1.3026339841378518	0.0
1.157139926185703	1.305757328269083	0.0
1.1586407561807557	1.3088672355462714	0.0
1.1601415861758086	1.3119636962192853	0.0
1.1616424161708614	1.3150466962588687	0.0
1.1631432461659141	1.3181162283494676	0.0
1.1646440761609669	1.3211722842078097	0.0
1.1661449061560196	1.3242148507829432	0.0
1.1676457361510726	1.3272439166960324	0.0
1.1691465661461253	1.3302594700546542	0.0
1.170647396141178	1.3332615013684548	0.0
1.1721482261362308	1.3362500002913242	0.0
1.1736490561312836	1.339224954150469	0.0
1.1751498861263365	1.3421863532156157	0.0
1.1766507161213893	1.3451341847796263	0.0
1.178151546116442	1.3480684371093528	0.0
1.1796523761114948	1.3509890991821254	0.0
1.1811532061065475	1.3538961583645406	0.0
1.1826540361016005	1.3567896033713287	0.0
1.1841548660966532	1.3596694238232319	0.0
1.185655696091706	1.36253560789504	0.0
1.187156526086759	1.3653881404810866	0.0
1.1886573560818114	1.3682270098261082	0.0
1.1901581860768644	1.3710522049391198	0.0
1.1916590160719172	1.3738637115964338	0.0
1.1931598460669701	1.3766615178080674	0.0
1.1946606760620229	1.3794456117491936	0.0
1.1961615060570754	1.382215978366964	0.0
1.1976623360521284	1.3849726072250668	0.0
1.199163166047181	1.3877154833746062	0.0
1.200663996042234	1.3904445926665594	0.0
1.2021648260372868	1.393159925708718	0.0
1.2036656560323395	1.3958614659456248	0.0
1.2051664860273923	1.3985491955870932	0.0
1.206667316022445	1.4012231027258413	0.0
1.208168146017498	1.4038831791766126	0.0
1.2096689760125507	1.4065294089687828	0.0
1.2111698060076035	1.4091617732953772	0.0
1.2126706360026562	1.4117802580127348	0.0
1.214171465997709	1.4143848493046545	0.0
1.215672295992762	1.4169755324888083	0.0
1.2171731259878147	1.4195522953145883	0.0
1.2186739559828674	1.4221151220007318	0.0
1.2201747859779202	1.4246639916166042	0.0
1.221675615972973	1.4271988950761703	0.0
1.2231764459680259	1.4297198190776594	0.0
1.2246772759630786	1.4322267398270583	0.0
1.2261781059581316	1.4347196443570271	0.0
1.2276789359531841	1.4371985200364115	0.0
1.2291797659482369	1.4396633478316025	0.0
1.2306805959432898	1.4421141099601695	0.0
1.2321814259383426	1.4445507944826244	0.0
1.2336822559333955	1.4469733837027987	0.0
1.235183085928448	1.4493818556296834	0.0
1.2366839159235008	1.4517761980694495	0.0
1.2381847459185538	1.454156395799775	0.0
1.2396855759136065	1.4565224282550526	0.0
1.2411864059086595	1.4588742785724498	0.0
1.2426872359037122	1.4612119309073979	0.0
1.2441880658987647	1.463535366818781	0.0
1.2456888958938177	1.4658445662070627	0.0
1.2471897258888704	1.4681395141918714	0.0
1.2486905558839234	1.4704201960121777	0.0
1.2501913858789762	1.4726865876016813	0.0
1.251692215874029	1.474938672361012	0.0
1.2531930458690816	1.4771764337044255	0.0
1.2546938758641344	1.479399848062625	0.0
1.2561947058591874	1.4816089013961657	0.0
1.25769553585424	1.483803577398739	0.0
1.2591963658492928	1.4859838542581458	0.0
1.2606971958443456	1.4881497122362444	0.0
1.2621980258393983	1.4903011312555385	0.0
1.2636988558344513	1.4924380913937274	0.0
1.265199685829504	1.4945605768408867	0.0
1.2667005158245568	1.496668570140728	0.0
1.2682013458196095	1.4987620484093842	0.0
1.2697021758146623	1.5008409912479774	0.0
1.2712030058097152	1.5029053784340518	0.0
1.272703835804768	1.5049551909151775	0.0
1.2742046657998207	1.5069904145444597	0.0
1.2757054957948735	1.5090110222829332	0.0
1.2772063257899262	1.5110169897518446	0.0
1.2787071557849792	1.5130083055850845	0.0
1.280207985780032	1.5149849467250318	0.0
1.2817088157750849	1.5169468912702517	0.0
1.2832096457701374	1.5188941223032952	0.0
1.2847104757651902	1.5208266198399836	0.0
1.2862113057602431	1.5227443592169896	0.0
1.2877121357552959	1.5246473174272213	0.0
1.2892129657503488	1.5265354793936414	0.0
1.2907137957454016	1.528408823141399	0.0
1.292214625740454	1.5302673267615714	0.0
1.293715455735507	1.5321109697253918	0.0
1.2952162857305598	1.533939730372312	0.0
1.2967171157256128	1.5357535878771782	0.0
1.2982179457206655	1.5375525192393937	0.0
1.2997187757157183	1.5393365071400655	0.0
1.301219605710771	1.5411055292667122	0.0
1.3027204357058237	1.5428595618453338	0.0
1.3042212657008767	1.5445985879352067	0.0
1.3057220956959295	1.5463225846895714	0.0
1.3072229256909822	1.5480315286312751	0.0
1.308723755686035	1.5497253984580428	0.0
1.3102245856810877	1.5514041734978798	0.0
1.3117254156761406	1.5530678368530624	0.0
1.3132262456711934	1.554716363326252	0.0
1.3147270756662461	1.5563497302412932	0.0
1.3162279056612989	1.5579679204517476	0.0
1.3177287356563516	1.559570909583048	0.0
1.3192295656514046	1.561158675245214	0.0
1.3207303956464573	1.5627311956917072	0.0
1.32223122564151	1.564288451798959	0.0
1.3237320556365628	1.565830425219958	0.0
1.3252328856316156	1.5673570927056624	0.0
1.3267337156266685	1.5688684313006094	0.0
1.3282345456217213	1.5703644215856472	0.0
1.3297353756167742	1.5718450399537844	0.0
1.3312362056118268	1.5733102651736608	0.0
1.3327370356068795	1.5747600833203528	0.0
1.3342378656019325	1.5761944681418705	0.0
1.3357386955969852	1.5776133943567703	0.0
1.3372395255920382	1.5790168451663995	0.0
1.3387403555870907	1.5804048012346734	0.0
1.3402411855821437	1.5817772431913197	0.0
1.3417420155771964	1.5831341495883722	0.0
1.3432428455722492	1.5844755001860773	0.0
1.3447436755673021	1.585801270280393	0.0
1.3462445055623549	1.5871114390347236	0.0
1.3477453355574076	1.5884059940410507	0.0
1.3492461655524604	1.5896849115325091	0.0
1.350746995547513	1.5909481679004438	0.0
1.352247825542566	1.592195746522793	0.0
1.3537486555376188	1.5934276305761066	0.0
1.3552494855326715	1.594643796642348	0.0
1.3567503155277243	1.5958442228927083	0.0
1.358251145522777	1.5970288960516197	0.0
1.35975197551783	1.5981977915601089	0.0
1.3612528055128827	1.5993508904159903	0.0
1.3627536355079355	1.6004881819298142	0.0
1.3642544655029882	1.601609640019035	0.0
1.365755295498041	1.602715243178146	0.0
1.367256125493094	1.6038049808511734	0.0
1.3687569554881467	1.6048788304281856	0.0
1.3702577854831994	1.6059367721633102	0.0
1.3717586154782522	1.6069787937174862	0.0
1.3732594454733051	1.608004874098466	0.0
1.3747602754683579	1.6090149952826964	0.0
1.3762611054634106	1.6100091383235289	0.0
1.3777619354584634	1.6109872881773555	0.0
1.3792627654535161	1.6119494333606117	0.0
1.380763595448569	1.6128955493476762	0.0
1.3822644254436218	1.6138256177401404	0.0
1.3837652554386746	1.6147396293739191	0.0
1.3852660854337275	1.6156375669347798	0.0
1.38676691542878	1.6165194099754714	0.0
1.388267745423833	1.6173851472338467	0.0
1.3897685754188858	1.6182347636966052	0.0
1.3912694054139385	1.6190682376809766	0.0
1.3927702354089915	1.6198855571020494	0.0
1.3942710654040442	1.6206867135849397	0.0
1.395771895399097	1.6214716919620997	0.0
1.3972727253941497	1.6222404707559561	0.0
1.3987735553892024	1.6229930378488107	0.0
1.4002743853842554	1.6237293841264684	0.0
1.4017752153793082	1.6244494932159625	0.0
1.403276045374361	1.6251533503783218	0.0
1.4047768753694136	1.6258409438289365	0.0
1.4062777053644664	1.6265122627742123	0.0
1.4077785353595194	1.6271672962988144	0.0
1.409279365354572	1.627806031894951	0.0
1.4107801953496248	1.6284284526429071	0.0
1.4122810253446776	1.6290345493936509	0.0
1.4137818553397306	1.6296243143384914	0.0
1.4152826853347833	1.6301977335997826	0.0
1.416783515329836	1.6307547994749343	0.0
1.4182843453248888	1.631295501387949	0.0
1.4197851753199415	1.6318198265877935	0.0
1.4212860053149945	1.6323277673588876	0.0
1.4227868353100472	1.6328193162423692	0.0
1.4242876653051	1.6332944622490881	0.0
1.4257884953001527	1.633753193147634	0.0
1.4272893252952055	1.6341955064024027	0.0
1.4287901552902584	1.6346213972477783	0.0
1.4302909852853112	1.6350308510011806	0.0
1.431791815280364	1.6354238606370233	0.0
1.4332926452754169	1.6358004242748128	0.0
1.4347934752704694	1.636160532963998	0.0
1.4362943052655224	1.6365041784615288	0.0
1.4377951352605751	1.636831358655623	0.0
1.4392959652556279	1.6371420651350312	0.0
1.4407967952506808	1.63743629302419	0.0
1.4422976252457334	1.637714041010304	0.0
1.4437984552407863	1.6379753017338838	0.0
1.445299285235839	1.6382200717536113	0.0
1.446800115230892	1.638448347032676	0.0
1.4483009452259448	1.6386601252509851	0.0
1.4498017752209975	1.6388554043967964	0.0
1.4513026052160503	1.639034180292084	0.0
1.452803435211103	1.6391964517144777	0.0
1.454304265206156	1.6393422164875275	0.0
1.4558050952012087	1.639471474575439	0.0
1.4573059251962615	1.6395842231196678	0.0
1.4588067551913142	1.6396804582402806	0.0
1.460307585186367	1.6397601842240341	0.0
1.46180841518142	1.6398234061275028	0.0
1.4633092451764727	1.6398701215109757	0.0
1.4648100751715254	1.6399003260411231	0.0
1.4663109051665781	1.6399140216382646	0.0
1.4678117351616309	1.6399112117839643	0.0
1.4693125651566838	1.639891901849659	0.0
1.4708133951517366	1.6398560929316321	0.0
1.4723142251467893	1.6398037842378277	0.0
1.473815055141842	1.6397349847345342	0.0
1.4753158851368948	1.6396496983741813	0.0
1.4768167151319478	1.6395479252438019	0.0
1.4783175451270005	1.639429670673302	0.0
1.4798183751220533	1.6392949393784337	0.0
1.481319205117106	1.6391437378354237	0.0
1.4828200351121588	1.6389760706664118	0.0
1.4843208651072117	1.6387919468706889	0.0
1.4858216951022645	1.6385913741833342	0.0
1.4873225250973174	1.6383743528858628	0.0
1.4888233550923702	1.6381408947168374	0.0
1.4903241850874227	1.6378910102067863	0.0
1.4918250150824757	1.6376247021437018	0.0
1.4933258450775284	1.6373419809905427	0.0
1.4948266750725814	1.6370428587386125	0.0
1.4963275050676341	1.6367273420587876	0.0
1.4978283350626869	1.636395440873927	0.0
1.4993291650577396	1.6360471658474216	0.0
1.5008299950527924	1.635682526851536	0.0
1.5023308250478453	1.6353015381264098	0.0
1.503831655042898	1.6349042112218504	0.0
1.5053324850379508	1.634490552652315	0.0
1.5068333150330036	1.634060576036655	0.0
1.5083341450280563	1.6336143005045538	0.0
1.5098349750231093	1.6331517349512366	0.0
1.511335805018162	1.6326728899430334	0.0
1.5128366350132147	1.632177783166175	0.0
1.5143374650082675	1.6316664282344162	0.0
1.5158382950033202	1.6311388388930728	0.0
1.5173391249983732	1.630595031048649	0.0
1.518839954993426	1.6300350220441162	0.0
1.5203407849884787	1.629458825904733	0.0
1.5218416149835314	1.6288664564642499	0.0
1.5233424449785842	1.6282579338610856	0.0
1.5248432749736371	1.6276332762723391	0.0
1.5263441049686899	1.6269924993125144	0.0
1.5278449349637429	1.6263356192396317	0.0
1.5293457649587954	1.6256626545841337	0.0
1.5308465949538481	1.624973625787655	0.0
1.532347424948901	1.6242685529197274	0.0
1.5338482549439538	1.62354745333903	0.0
1.5353490849390068	1.6228103478504035	0.0
1.5368499149340595	1.6220572569739078	0.0
1.538350744929112	1.6212881982977798	0.0
1.539851574924165	1.6205031955069509	0.0
1.5413524049192178	1.6197022687369316	0.0
1.5428532349142707	1.6188854404417259	0.0
1.5443540649093235	1.6180527333385126	0.0
1.545854894904376	1.6172041668362354	0.0
1.547355724899429	1.6163397653990428	0.0
1.5488565548944817	1.615459552929373	0.0
1.5503573848895347	1.6145635508114287	0.0
1.5518582148845874	1.6136517851711802	0.0
1.5533590448796402	1.6127242818696121	0.0
1.5548598748746927	1.6117810608867202	0.0
1.5563607048697456	1.6108221475304465	0.0
1.5578615348647986	1.6098475678183846	0.0
1.5593623648598514	1.608857349502988	0.0
1.560863194854904	1.6078515164981644	0.0
1.5623640248499568	1.6068300912106563	0.0
1.5638648548450098	1.6057931048434975	0.0
1.5653656848400623	1.6047405851812067	0.0
1.5668665148351153	1.6036725596357746	0.0
1.568367344830168	1.6025890513735634	0.0
1.5698681748252208	1.6014900880112035	0.0
1.5713690048202735	1.6003757029795032	0.0
1.5728698348153265	1.599245919611704	0.0
1.5743706648103795	1.5981007676761658	0.0
1.575871494805432	1.5969402798853782	0.0
1.5773723248004847	1.5957644799028268	0.0
1.5788731547955377	1.5945733983824804	0.0
1.5803739847905902	1.593367070063354	0.0
1.5818748147856432	1.5921455205871893	0.0
1.5833756447806961	1.5909087808129232	0.0
1.584876474775749	1.5896568830916624	0.0
1.5863773047708014	1.5883898564881773	0.0
1.5878781347658544	1.5871077328211771	0.0
1.5893789647609073	1.5858105447678261	0.0
1.5908797947559599	1.584498325305762	0.0
1.5923806247510128	1.5831711016714172	0.0
1.5938814547460656	1.5818289079247294	0.0
1.595382284741118	1.580471779622296	0.0
1.596883114736171	1.5790997468824592	0.0
1.598383944731224	1.577712843857157	0.0
1.5998847747262768	1.5763111025916914	0.0
1.6013856047213293	1.5748945562741552	0.0
1.6028864347163823	1.5734632402233975	0.0
1.6043872647114352	1.5720171892731465	0.0
1.6058880947064877	1.5705564369240457	0.0
1.6073889247015407	1.5690810135346422	0.0
1.6088897546965935	1.5675909557010759	0.0
1.6103905846916464	1.5660863019712363	0.0
1.611891414686699	1.5645670862547747	0.0
1.613392244681752	1.563033342002727	0.0
1.6148930746768049	1.5614851037624682	0.0
1.6163939046718574	1.5599224074573572	0.0
1.6178947346669101	1.5583452893109868	0.0
1.619395564661963	1.5567537872170414	0.0
1.6208963946570156	1.5551479369589587	0.0
1.6223972246520686	1.5535277722493543	0.0
1.6238980546471213	1.5518933305266274	0.0
1.6253988846421743	1.550244649692131	0.0
1.6268997146372268	1.5485817672036626	0.0
1.6284005446322798	1.5469047190489833	0.0
1.6299013746273328	1.5452135419876454	0.0
1.6314022046223853	1.5435082755926341	0.0
1.632903034617438	1.5417889531746036	0.0
1.634403864612491	1.540055612436408	0.0
1.6359046946075435	1.5383082945821545	0.0
1.6374055246025965	1.5365470362948874	0.0
1.6389063545976494	1.5347718756904247	0.0
1.6404071845927022	1.532982850455828	0.0
1.6419080145877547	1.5311800002885594	0.0
1.6434088445828077	1.5293633625214962	0.0
1.6449096745778606	1.5275329739486274	0.0
1.6464105045729132	1.5256888748968982	0.0
1.6479113345679661	1.5238311042041879	0.0
1.6494121645630189	1.5219597011530184	0.0
1.6509129945580718	1.520074703353569	0.0
1.6524138245531244	1.5181761492073214	0.0
1.6539146545481773	1.5162640792091557	0.0
1.65541548454323	1.5143385331957901	0.0
1.6569163145382828	1.5123995507330037	0.0
1.6584171445333356	1.5104471683579708	0.0
1.6599179745283885	1.5084814255360601	0.0
1.661418804523441	1.5065023653931404	0.0
1.662919634518494	1.5045100274941132	0.0
1.6644204645135467	1.5025044480606875	0.0
1.6659212945085997	1.5004856659653978	0.0
1.6674221245036522	1.4984537232081632	0.0
1.6689229544987052	1.4964086601468651	0.0
1.6704237844937582	1.494350516121826	0.0
1.6719246144888107	1.4922793315528156	0.0
1.6734254444838634	1.4901951469738157	0.0
1.6749262744789164	1.4880980010855365	0.0
1.676427104473969	1.4859879325688679	0.0
1.6779279344690219	1.4838649816520422	0.0
1.6794287644640746	1.4817291899772378	0.0
1.6809295944591276	1.479580597417461	0.0
1.6824304244541801	1.4774192440073584	0.0
1.683931254449233	1.4752451719291342	0.0
1.685432084444286	1.473058417745534	0.0
1.6869329144393386	1.4708590212402877	0.0
1.6884337444343913	1.4686470258145459	0.0
1.6899345744294443	1.4664224696971124	0.0
1.6914354044244972	1.4641853931889421	0.0
1.6929362344195498	1.4619358366938	0.0
1.6944370644146027	1.4596738408251775	0.0
1.6959378944096555	1.4573994462759254	0.0
1.697438724404708	1.4551126910941883	0.0
1.698939554399761	1.4528136167909844	0.0
1.700440384394814	1.450502264116072	0.0
1.7019412143898665	1.44817867069407	0.0
1.7034420443849194	1.4458428784137298	0.0
1.7049428743799722	1.4434949287352838	0.0
1.7064437043750251	1.4411348584229589	0.0
1.7079445343700776	1.4387627090842958	0.0
1.7094453643651306	1.4363785217969265	0.0
1.7109461943601834	1.4339823341377818	0.0
1.712447024355236	1.4315741880250021	0.0
1.7139478543502888	1.4291541220497348	0.0
1.7154486843453418	1.4267221747896028	0.0
1.7169495143403943	1.4242783891389894	0.0
1.7184503443354473	1.4218228042183634	0.0
1.7199511743305	1.4193554572649625	0.0
1.721452004325553	1.4168763891578957	0.0
1.7229528343206055	1.4143856402030746	0.0
1.7244536643156585	1.4118832497256109	0.0
1.7259544943107115	1.4093692569156366	0.0
1.727455324305764	1.406843699613717	0.0
1.7289561543008167	1.4043066174734136	0.0
1.7304569842958697	1.401758052508544	0.0
1.7319578142909227	1.3991980441722787	0.0
1.7334586442859752	1.3966266280007322	0.0
1.7349594742810281	1.3940438427649227	0.0
1.736460304276081	1.3914497301769235	0.0
1.7379611342711334	1.3888443289679324	0.0
1.7394619642661864	1.3862276766644812	0.0
1.7409627942612393	1.3835998138693908	0.0
1.7424636242562919	1.380960777717465	0.0
1.7439644542513446	1.3783106051460077	0.0
1.7454652842463976	1.3756493373355014	0.0
1.7469661142414505	1.3729770130084518	0.0
1.748466944236503	1.3702936690011933	0.0
1.749967774231556	1.3675993433184233	0.0
1.7514686042266088	1.3648940751382461	0.0
1.7529694342216613	1.3621779031659436	0.0
1.7544702642167143	1.3594508644497885	0.0
1.7559710942117672	1.3567129963329623	0.0
1.75747192420682	1.353964338630234	0.0
1.7589727542018727	1.3512049291627855	0.0
1.7604735841969255	1.3484348026049837	0.0
1.7619744141919784	1.3456539969000367	0.0
1.763475244187031	1.3428625525562499	0.0
1.764976074182084	1.3400605052675654	0.0
1.7664769041771367	1.3372478912942722	0.0
1.7679777341721894	1.3344247502003257	0.0
1.7694785641672421	1.331591116660614	0.0
1.770979394162295	1.328747029267172	0.0
1.772480224157348	1.3258925269079591	0.0
1.7739810541524006	1.323027641856093	0.0
1.7754818841474533	1.320152412238396	0.0
1.7769827141425063	1.3172668761378719	0.0
1.7784835441375588	1.3143710698519397	0.0
1.7799843741326118	1.3114650307219016	0.0
1.7814852041276648	1.308548793311743	0.0
1.7829860341227173	1.305622393617933	0.0
1.78448686411777	1.302685868759923	0.0
1.785987694112823	1.2997392551271916	0.0
1.787488524107876	1.2967825879251507	0.0
1.7889893541029285	1.293815901968375	0.0
1.7904901840979814	1.2908392349044902	0.0
1.7919910140930342	1.2878526237964616	0.0
1.7934918440880867	1.2848561025364988	0.0
1.7949926740831397	1.281849705248588	0.0
1.7964935040781926	1.2788334687236753	0.0
1.7979943340732454	1.2758074282317473	0.0
1.7994951640682981	1.2727716178284878	0.0
1.8009959940633509	1.2697260747064236	0.0
1.8024968240584038	1.26667083395031	0.0
1.8039976540534564	1.2636059280920175	0.0
1.8054984840485093	1.2605313930576614	0.0
1.806999314043562	1.2574472658154865	0.0
1.8085001440386146	1.254353579244998	0.0
1.8100009740336676	1.2512503664115155	0.0
1.8115018040287205	1.2481376632906795	0.0
1.8130026340237735	1.2450155047714366	0.0
1.814503464018826	1.2418839244697168	0.0
1.8160042940138788	1.2387429559402294	0.0
1.8175051240089317	1.2355926344988826	0.0
1.8190059540039842	1.2324329959424465	0.0
1.8205067839990372	1.2292640718954084	0.0
1.82200761399409	1.2260858946233317	0.0
1.8235084439891427	1.2228985004441841	0.0
1.8250092739841954	1.2197019238676445	0.0
1.8265101039792484	1.2164961965982686	0.0
1.8280109339743014	1.2132813531960747	0.0
1.8295117639693539	1.2100574280339857	0.0
1.8310125939644066	1.2068244522280476	0.0
1.8325134239594596	1.203582459541257	0.0
1.8340142539545121	1.2003314852511497	0.0
1.835515083949565	1.197071561770515	0.0
1.837015913944618	1.1938027217524039	0.0
1.8385167439396708	1.190524998760034	0.0
1.8400175739347233	1.1872384245369614	0.0
1.8415184039297763	1.1839430328301659	0.0
1.8430192339248292	1.180638858060152	0.0
1.8445200639198818	1.1773259317149538	0.0
1.8460208939149347	1.1740042861576445	0.0
1.8475217239099875	1.1706739543039515	0.0
1.84902255390504	1.1673349691521522	0.0
1.850523383900093	1.1639873633362527	0.0
1.852024213895146	1.1606311684938946	0.0
1.8535250438901987	1.1572664177321228	0.0
1.8550258738852514	1.1538931447338712	0.0
1.8565267038803042	1.1505113808784642	0.0
1.8580275338753571	1.1471211564367507	0.0
1.8595283638704097	1.1437225055950833	0.0
1.8610291938654626	1.140315463072508	0.0
1.8625300238605154	1.1369000585597873	0.0
1.864030853855568	1.1334763220762107	0.0
1.8655316838506208	1.1300442875766257	0.0
1.8670325138456738	1.1266039878786722	0.0
1.8685333438407268	1.1231554548733829	0.0
1.8700341738357793	1.1196987203057698	0.0
1.871535003830832	1.1162338155601699	0.0
1.873035833825885	1.1127607729613567	0.0
1.8745366638209375	1.1092796241028104	0.0
1.8760374938159905	1.1057904016283913	0.0
1.8775383238110435	1.1022931375358627	0.0
1.8790391538060962	1.0987878621075369	0.0
1.8805399838011487	1.0952746078990887	0.0
1.8820408137962017	1.091753407066558	0.0
1.8835416437912547	1.0882242904386037	0.0
1.8850424737863072	1.084687290439396	0.0
1.88654330378136	1.0811424385464834	0.0
1.888044133776413	1.077589766091287	0.0
1.8895449637714654	1.0740293065951163	0.0
1.8910457937665184	1.0704610904929623	0.0
1.8925466237615713	1.066885147377249	0.0
1.894047453756624	1.0633015108674988	0.0
1.8955482837516766	1.0597102133219352	0.0
1.8970491137467296	1.0561112849218997	0.0
1.8985499437417825	1.0525047573323796	0.0
1.900050773736835	1.048890663374905	0.0
1.901551603731888	1.045269033878577	0.0
1.9030524337269408	1.0416398997662735	0.0
1.9045532637219937	1.038003293970208	0.0
1.9060540937170463	1.0343592469089369	0.0
1.9075549237120992	1.0307077900416464	0.0
1.909055753707152	1.0270489566097456	0.0
1.9105565837022047	1.0233827774126678	0.0
1.9120574136972575	1.0197092840849238	0.0
1.9135582436923104	1.0160285079894333	0.0
1.915059073687363	1.012340480638665	0.0
1.916559903682416	1.0086452339111476	0.0
1.9180607336774687	1.0049427997764913	0.0
1.9195615636725216	1.0012332104654798	0.0
1.9210623936675741	0.9975164962729137	0.0
1.922563223662627	0.9937926895629783	0.0
1.92406405365768	0.9900618229154807	0.0
1.9255648836527326	0.9863239274137958	0.0
1.9270657136477853	0.982579035157574	0.0
1.9285665436428383	0.978827177325972	0.0
1.9300673736378908	0.975068386074309	0.0
1.9315682036329438	0.9713026939215665	0.0
1.9330690336279968	0.9675301326113959	0.0
1.9345698636230495	0.9637507342709644	0.0
1.936070693618102	0.9599645300191517	0.0
1.937571523613155	0.9561715519880403	0.0
1.939072353608208	0.952371833312694	0.0
1.9405731836032605	0.9485654055610895	0.0
1.9420740135983134	0.9447523002686802	0.0
1.9435748435933662	0.9409325508181468	0.0
1.9450756735884192	0.9371061890791634	0.0
1.9465765035834717	0.933273246587141	0.0
1.9480773335785246	0.929433756650933	0.0
1.9495781635735774	0.9255877511804003	0.0
1.95107899356863	0.9217352621547061	0.0
1.9525798235636829	0.9178763228490037	0.0
1.9540806535587358	0.9140109654012032	0.0
1.9555814835537884	0.9101392226284408	0.0
1.9570823135488413	0.9062611273467533	0.0
1.958583143543894	0.9023767111532635	0.0
1.960083973538947	0.898486007702759	0.0
1.9615848035339996	0.894589049966326	0.0
1.9630856335290525	0.8906858700178457	0.0
1.9645864635241053	0.8867765010582429	0.0
1.966087293519158	0.8828609764608932	0.0
1.9675881235142108	0.8789393285568592	0.0
1.9690889535092637	0.8750115903865201	0.0
1.9705897835043162	0.8710777961403895	0.0
1.9720906134993692	0.8671379782084181	0.0
1.973591443494422	0.863192169874218	0.0
1.975092273489475	0.8592404047640463	0.0
1.9765931034845274	0.8552827158675389	0.0
1.9780939334795804	0.8513191367255009	0.0
1.9795947634746334	0.8473497008342035	0.0
1.981095593469686	0.8433744421154747	0.0
1.9825964234647386	0.839393394124472	0.0
1.9840972534597916	0.8354065902079093	0.0
1.9855980834548446	0.8314140643791907	0.0
1.987098913449897	0.8274158508711418	0.0
1.98859974344495	0.8234119827485904	0.0
1.9901005734400028	0.8194024939025042	0.0
1.9916014034350553	0.8153874196207913	0.0
1.9931022334301083	0.8113667935611266	0.0
1.9946030634251612	0.8073406493223325	0.0
1.9961038934202138	0.803309021744562	0.0
1.9976047234152667	0.7992719452150587	0.0
1.9991055534103195	0.7952294533896553	0.0
2.0006063834053722	0.7911815812531484	0.0
2.002107213400425	0.7871283640418747	0.0
2.0036080433954777	0.7830698357990742	0.0
2.005108873390531	0.779006030685246	0.0
2.006609703385583	0.774936983504896	0.0
2.0081105333806364	0.7708627301733839	0.0
2.009611363375689	0.7667833053518671	0.0
2.011112193370742	0.7626987432724015	0.0
2.0126130233657946	0.7586090796933178	0.0
2.0141138533608474	0.7545143495264639	0.0
2.0156146833559005	0.7504145878408415	0.0
2.017115513350953	0.7463098303354296	0.0
2.0186163433460056	0.7422001121880026	0.0
2.020117173341059	0.738085469036273	0.0
2.021618003336111	0.7339659360221318	0.0
2.0231188333311643	0.729841548702145	0.0
2.024619663326217	0.7257123434617954	0.0
2.0261204933212698	0.7215783554421369	0.0
2.0276213233163225	0.7174396204876463	0.0
2.0291221533113752	0.7132961749405893	0.0
2.0306229833064284	0.7091480546227205	0.0
2.0321238133014807	0.7049952955947894	0.0
2.0336246432965335	0.7008379336834405	0.0
2.0351254732915867	0.696676005212999	0.0
2.036626303286639	0.6925095468072873	0.0
2.038127133281692	0.6883385949328917	0.0
2.039627963276745	0.6841631856103814	0.0
2.0411287932717976	0.679983355068781	0.0
2.0426296232668504	0.6757991402268408	0.0
2.044130453261903	0.6716105779873824	0.0
2.0456312832569563	0.667417705427412	0.0
2.0471321132520086	0.663220558749867	0.0
2.048632943247062	0.6590191744094334	0.0
2.0501337732421145	0.6548135901998839	0.0
2.0516346032371673	0.650603843289888	0.0
2.05313543323222	0.646389970122057	0.0
2.0546362632272728	0.6421720078822315	0.0
2.0561370932223255	0.6379499940979858	0.0
2.0576379232173783	0.6337239658883598	0.0
2.059138753212431	0.6294939608392558	0.0
2.060639583207484	0.6252600167314246	0.0
2.0621404132025365	0.6210221707514825	0.0
2.0636412431975897	0.616780460355119	0.0
2.0651420731926424	0.6125349234277822	0.0
2.066642903187695	0.6082855975003647	0.0
2.068143733182748	0.6040325205923298	0.0
2.0696445631778007	0.5997757306331193	0.0
2.071145393172854	0.5955152652945335	0.0
2.072646223167906	0.5912511628731654	0.0
2.074147053162959	0.5869834612196352	0.0
2.075647883158012	0.5827121988887887	0.0
2.0771487131530644	0.5784374141281554	0.0
2.0786495431481176	0.5741591442808198	0.0
2.0801503731431703	0.5698774284228401	0.0
2.081651203138223	0.5655923051725955	0.0
2.083152033133276	0.5613038123892975	0.0
2.0846528631283285	0.5570119890101508	0.0
2.0861536931233817	0.5527168737423196	0.0
2.087654523118434	0.5484185049316326	0.0
2.089155353113487	0.5441169212690709	0.0
2.09065618310854	0.5398121618559699	0.0
2.0921570131035927	0.5355042655997984	0.0
2.0936578430986454	0.5311932710326366	0.0
2.095158673093698	0.5268792171068097	0.0
2.096659503088751	0.5225621431358978	0.0
2.0981603330838037	0.5182420882447285	0.0
2.0996611630788564	0.5139190914844625	0.0
2.1011619930739096	0.5095931919114902	0.0
2.102662823068962	0.5052644289889556	0.0
2.104163653064015	0.500932842028269	0.0
2.105664483059068	0.496598469752056	0.0
2.1071653130541206	0.4922613521947381	0.0
2.1086661430491733	0.48792152934101196	0.0
2.110166973044226	0.4835790399755655	0.0
2.111667803039279	0.4792339237443952	0.0
2.1131686330343316	0.4748862205488207	0.0
2.1146694630293843	0.4705359698054865	0.0
2.1161702930244375	0.46618321133478613	0.0
2.11767112301949	0.4618279852396745	0.0
2.119171953014543	0.45747033115640323	0.0
2.1206727830095957	0.4531102887650793	0.0
2.1221736130046485	0.4487478983682127	0.0
2.123674442999701	0.4443831997875618	0.0
2.125175272994754	0.44001623279071644	0.0
2.126676102989807	0.43564703801925786	0.0
2.1281769329848594	0.4312756555797328	0.0
2.129677762979912	0.4269021253235046	0.0
2.1311785929749654	0.42252648746768484	0.0
2.132679422970018	0.41814878248733245	0.0
2.134180252965071	0.41376905078520854	0.0
2.1356810829601236	0.40938733257870363	0.0
2.1371819129551763	0.40500366833615153	0.0
2.138682742950229	0.4006180985305823	0.0
2.140183572945282	0.39623066368437154	0.0
2.141684402940335	0.3918414041814138	0.0
2.1431852329353873	0.38745036069081085	0.0
2.1446860629304405	0.38305757403601204	0.0
2.1461868929254933	0.3786630848316437	0.0
2.147687722920546	0.3742669337278115	0.0
2.1491885529155987	0.3698691614370049	0.0
2.1506893829106515	0.3654698090055746	0.0
2.1521902129057042	0.3610689171110597	0.0
2.153691042900757	0.3566665263702662	0.0
2.1551918728958097	0.35226267804470557	0.0
2.156692702890863	0.3478574132738186	0.0
2.158193532885915	0.3434507728016134	0.0
2.1596943628809684	0.3390427973779613	0.0
2.161195192876021	0.33463352849362704	0.0
2.162696022871074	0.33022300740439947	0.0
2.1641968528661266	0.32581127490693507	0.0
2.1656976828611794	0.3213983722086444	0.0
2.1671985128562326	0.31698434069966086	0.0
2.168699342851285	0.3125692217956417	0.0
2.1702001728463376	0.3081530566953792	0.0
2.171701002841391	0.30373588660264206	0.0
2.1732018328364435	0.29931775286008366	0.0
2.1747026628314963	0.29489869708736083	0.0
2.176203492826549	0.2904787607870365	0.0
2.1777043228216018	0.28605798525553006	0.0
2.1792051528166545	0.281636412084062	0.0
2.1807059828117072	0.2772140828835046	0.0
2.1822068128067604	0.27279103930649873	0.0
2.1837076428018127	0.2683673229149457	0.0
2.1852084727968655	0.2639429752707436	0.0
2.1867093027919187	0.259518038224011	0.0
2.1882101327869714	0.2550925536664259	0.0
2.189710962782024	0.2506665631159828	0.0
2.191211792777077	0.2462401083171295	0.0
2.1927126227721296	0.24181323146043798	0.0
2.1942134527671824	0.23738597425897479	0.0
2.195714282762235	0.23295837852303158	0.0
2.1972151127572883	0.22853048632825113	0.0
2.198715942752341	0.2241023396264108	0.0
2.200216772747394	0.219673980550515	0.0
2.2017176027424465	0.21524545113154026	0.0
2.2032184327374993	0.21081679326172842	0.0
2.204719262732552	0.20638804910315423	0.0
2.2062200927276048	0.2019592610039369	0.0
2.2077209227226575	0.1975304711368111	0.0
2.2092217527177103	0.19310172169823359	0.0
2.210722582712763	0.1886730550725617	0.0
2.212223412707816	0.18424451331353908	0.0
2.213724242702869	0.17981613877469416	0.0
2.2152250726979217	0.17538797412863105	0.0
2.2167259026929744	0.17096006143139864	0.0
2.218226732688027	0.16653244305603865	0.0
2.21972756268308	0.16210516197635805	0.0
2.2212283926781327	0.15767826065378676	0.0
2.222729222673186	0.15325178132659434	0.0
2.224230052668238	0.14882576662408198	0.0
2.225730882663291	0.1444002592220559	0.0
2.227231712658344	0.1399753018378076	0.0
2.228732542653397	0.1355509371527288	0.0
2.2302333726484496	0.13112720782424936	0.0
2.2317342026435023	0.12670415672309732	0.0
2.233235032638555	0.12228182654543573	0.0
2.234735862633608	0.11786026017183948	0.0
2.2362366926286605	0.11343950068765452	0.0
2.2377375226237137	0.10901959070711231	0.0
2.2392383526187665	0.10460057325907224	0.0
2.2407391826138188	0.10018249152200154	0.0
2.242240012608872	0.09576538836026804	0.0
2.2437408426039247	0.09134930691748289	0.0
2.2452416725989774	0.08693429021761001	0.0
2.24674250259403	0.0825203813331048	0.0
2.248243332589083	0.07810762357164647	0.0
2.2497441625841357	0.07369606025345266	0.0
2.2512449925791884	0.06928573461372434	0.0
2.2527458225742416	0.06487668979724392	0.0
2.2542466525692944	0.06046896898652254	0.0
2.255747482564347	0.0560626157424724	0.0
2.2572483125594	0.0516576737477914	0.0
2.2587491425544526	0.04725418626811817	0.0
2.2602499725495053	0.04285219663101181	0.0
2.261750802544558	0.038451748563094856	0.0
2.263251632539611	0.03405288555573782	0.0
2.2647524625346636	0.029655651049747656	0.0
2.2662532925297163	0.025260088935431524	0.0
2.2677541225247695	0.02086624288661265	0.0
2.2692549525198222	0.016474156581907984	0.0
2.270755782514875	0.012083873785475596	0.0
2.2722566125099277	0.007695438461899462	0.0
2.2737574425049805	0.0033088945391654967	0.0
2.275258272500033	-0.0010757144099189375	0.0
2.276759102495086	-0.005458344576358298	0.0
2.278259932490139	-0.009838951890172032	0.0
2.279760762485192	-0.014217491927958958	0.0
2.281261592480244	-0.0185939206211867	0.0
2.2827624224752974	-0.022968194312163126	0.0
2.28426325247035	-0.027340268830851944	0.0
2.285764082465403	-0.03171009990181117	0.0
2.2872649124604556	-0.03607764327226404	0.0
2.2887657424555083	-0.04044285447511142	0.0
2.290266572450561	-0.044805689360201795	0.0
2.291767402445614	-0.0491661037349711	0.0
2.293268232440667	-0.05352405312471653	0.0
2.2947690624357198	-0.05787949303164508	0.0
2.2962698924307725	-0.062232379026126106	0.0
2.2977707224258253	-0.06658266664407786	0.0
2.299271552420878	-0.07093031136371764	0.0
2.3007723824159307	-0.0752752686209488	0.0
2.3022732124109835	-0.07961749366561244	0.0
2.3037740424060362	-0.08395694197269221	0.0
2.3052748724010894	-0.08829356896255325	0.0
2.3067757023961417	-0.09262732952078911	0.0
2.308276532391195	-0.09695817882579938	0.0
2.3097773623862476	-0.10128607257302713	0.0
2.3112781923813004	-0.1056109658789468	0.0
2.312779022376353	-0.10993281342098293	0.0
2.314279852371406	-0.11425157027034416	0.0
2.3157806823664586	-0.11856719171482055	0.0
2.3172815123615114	-0.12287963286363279	0.0
2.318782342356564	-0.12718884841402667	0.0
2.3202831723516173	-0.1314947931547299	0.0
2.3217840023466696	-0.1357974224748557	0.0
2.323284832341723	-0.14009669131182534	0.0
2.3247856623367755	-0.14439255370634418	0.0
2.3262864923318283	-0.14868496472157666	0.0
2.327787322326881	-0.15297387976155674	0.0
2.3292881523219338	-0.15725925278915032	0.0
2.3307889823169865	-0.16154103851092216	0.0
2.3322898123120392	-0.16581919224700448	0.0
2.3337906423070924	-0.17009366824988925	0.0
2.335291472302145	-0.17436442099065408	0.0
2.3367923022971975	-0.17863140525529375	0.0
2.3382931322922507	-0.18289457523521357	0.0
2.3397939622873034	-0.18715388572717417	0.0
2.341294792282356	-0.19140929144090912	0.0
2.342795622277409	-0.19566074628922792	0.0
2.3442964522724616	-0.19990820518252828	0.0
2.345797282267515	-0.20415162269256992	0.0
2.347298112262567	-0.2083909524719929	0.0
2.3487989422576203	-0.21262614917973055	0.0
2.350299772252673	-0.21685716762775864	0.0
2.351800602247726	-0.22108396160674415	0.0
2.3533014322427785	-0.22530648527245067	0.0
2.3548022622378313	-0.22952469360870564	0.0
2.356303092232884	-0.23373854103957625	0.0
2.3578039222279368	-0.23794798116390692	0.0
2.3593047522229895	-0.2421529679869674	0.0
2.3608055822180427	-0.2463534564742451	0.0
2.362306412213095	-0.2505494006563278	0.0
2.363807242208148	-0.2547407537915456	0.0
2.365308072203201	-0.2589274712694687	0.0
2.3668089021982537	-0.26310950758449314	0.0
2.3683097321933064	-0.2672868158076305	0.0
2.369810562188359	-0.2714593505455771	0.0
2.371311392183412	-0.2756270658847497	0.0
2.3728122221784647	-0.27978991608205495	0.0
2.374313052173518	-0.2839478557307977	0.0
2.3758138821685706	-0.2881008384562844	0.0
2.377314712163623	-0.29224881872263886	0.0
2.378815542158676	-0.29639175073797186	0.0
2.380316372153729	-0.30052958792852724	0.0
2.3818172021487816	-0.30466228531103834	0.0
2.3833180321438343	-0.30878979758058156	0.0
2.384818862138887	-0.3129120779224146	0.0
2.3863196921339402	-0.3170290806354996	0.0
2.3878205221289925	-0.3211407604996166	0.0
2.3893213521240457	-0.3252470714261999	0.0
2.3908221821190985	-0.32934796781261133	0.0
2.3923230121141508	-0.33344340411036233	0.0
2.393823842109204	-0.3375333343893764	0.0
2.3953246721042567	-0.3416177128974487	0.0
2.3968255020993094	-0.3456964941691655	0.0
2.398326332094362	-0.3497696329143608	0.0
2.399827162089415	-0.3538370834708978	0.0
2.401327992084468	-0.35789879998902807	0.0
2.4028288220795204	-0.36195473674594836	0.0
2.4043296520745736	-0.3660048483678874	0.0
2.4058304820696264	-0.37004908981804807	0.0
2.407331312064679	-0.37408741592712647	0.0
2.408832142059732	-0.3781197811278194	0.0
2.4103329720547846	-0.38214613978272416	0.0
2.4118338020498373	-0.38616644674751244	0.0
2.41333463204489	-0.3901806572356	0.0
2.414835462039943	-0.3941887257858917	0.0
2.416336292034996	-0.3981906067960368	0.0
2.4178371220300483	-0.4021862559128455	0.0
2.4193379520251015	-0.4061756284221415	0.0
2.4208387820201542	-0.41015867883891777	0.0
2.422339612015207	-0.41413536247168625	0.0
2.4238404420102597	-0.4181056345988601	0.0
2.4253412720053125	-0.42206945021420916	0.0
2.4268421020003657	-0.42602676477265167	0.0
2.428342931995418	-0.42997753404671013	0.0
2.429843761990471	-0.4339217136440159	0.0
2.431344591985524	-0.4378592587758795	0.0
2.432845421980576	-0.4417901249647601	0.0
2.4343462519756294	-0.445714268418142	0.0
2.435847081970682	-0.4496316452432848	0.0
2.437347911965735	-0.45354221067231815	0.0
2.4388487419607876	-0.4574459205428115	0.0
2.4403495719558403	-0.4613427321691531	0.0
2.4418504019508935	-0.4652326012347964	0.0
2.443351231945946	-0.46911548313581086	0.0
2.444852061940999	-0.47299133527788184	0.0
2.4463528919360518	-0.47686011432124753	0.0
2.447853721931104	-0.48072177694196205	0.0
2.4493545519261573	-0.48457628000641506	0.0
2.45085538192121	-0.4884235793750944	0.0
2.452356211916263	-0.4922636323028885	0.0
2.4538570419113155	-0.4960963968664164	0.0
2.4553578719063682	-0.4999218300561178	0.0
2.4568587019014214	-0.5037398891338998	0.0
2.4583595318964737	-0.5075505313007911	0.0
2.459860361891527	-0.5113537138422496	0.0
2.4613611918865796	-0.5151493956166081	0.0
2.4628620218816324	-0.518937534623541	0.0
2.464362851876685	-0.5227180876425345	0.0
2.465863681871738	-0.526491013688322	0.0
2.467364511866791	-0.5302562722339331	0.0
2.4688653418618434	-0.5340138198132953	0.0
2.470366171856896	-0.537763614952372	0.0
2.4718670018519493	-0.541505618737942	0.0
2.4733678318470016	-0.545239789199247	0.0
2.474868661842055	-0.5489660846278671	0.0
2.4763694918371075	-0.5526844649630132	0.0
2.4778703218321603	-0.5563948896172342	0.0
2.479371151827213	-0.5600973185612601	0.0
2.4808719818222658	-0.5637917116331197	0.0
2.482372811817319	-0.5674780287774135	0.0
2.4838736418123712	-0.5711562302476751	0.0
2.4853744718074244	-0.5748262761048771	0.0
2.486875301802477	-0.578488127347049	0.0
2.4883761317975295	-0.5821417445128418	0.0
2.4898769617925827	-0.585787088496958	0.0
2.4913777917876354	-0.5894241208927145	0.0
2.492878621782688	-0.5930528024816603	0.0
2.494379451777741	-0.596673095187337	0.0
2.4958802817727936	-0.6002849612687543	0.0
2.497381111767847	-0.6038883624476232	0.0
2.498881941762899	-0.6074832603034299	0.0
2.5003827717579523	-0.6110696178759648	0.0
2.501883601753005	-0.6146473985307399	0.0
2.503384431748058	-0.6182165637864145	0.0
2.5048852617431105	-0.6217770765175918	0.0
2.5063860917381633	-0.6253289011173154	0.0
2.5078869217332165	-0.6288720012905329	0.0
2.509387751728269	-0.6324063403642475	0.0
2.5108885817233215	-0.6359318823265208	0.0
2.5123894117183747	-0.6394485920828228	0.0
2.513890241713427	-0.6429564333125413	0.0
2.51539107170848	-0.6464553700886373	0.0
2.516891901703533	-0.6499453688315238	0.0
2.5183927316985857	-0.653426394669901	0.0
2.5198935616936384	-0.65689841227636	0.0
2.521394391688691	-0.6603613880554302	0.0
2.5228952216837444	-0.6638152888565311	0.0
2.5243960516787967	-0.6672600797920877	0.0
2.5258968816738494	-0.670695726539622	0.0
2.5273977116689026	-0.6741221977221816	0.0
2.528898541663955	-0.6775394602218614	0.0
2.530399371659008	-0.6809474808888665	0.0
2.531900201654061	-0.6843462274017895	0.0
2.5334010316491136	-0.6877356669344566	0.0
2.5349018616441663	-0.6911157687597235	0.0
2.536402691639219	-0.6944865015778925	0.0
2.5379035216342722	-0.6978478328583273	0.0
2.5394043516293245	-0.7011997319285074	0.0
2.5409051816243777	-0.7045421696958962	0.0
2.5424060116194305	-0.7078751150783988	0.0
2.5439068416144828	-0.7111985369968219	0.0
2.545407671609536	-0.7145124064889833	0.0
2.5469085016045887	-0.71781669349744	0.0
2.5484093315996414	-0.7211113691452253	0.0
2.549910161594694	-0.7243964049158217	0.0
2.551410991589747	-0.7276717716497264	0.0
2.5529118215848	-0.7309374418571531	0.0
2.5544126515798524	-0.7341933871342881	0.0
2.5559134815749056	-0.7374395794642241	0.0
2.5574143115699584	-0.7406759922419921	0.0
2.558915141565011	-0.7439025984979475	0.0
2.560415971560064	-0.7471193705829047	0.0
2.5619168015551166	-0.750326281322672	0.0
2.5634176315501698	-0.7535233067883397	0.0
2.564918461545222	-0.7567104216962018	0.0
2.566419291540275	-0.7598875987218835	0.0
2.567920121535328	-0.7630548124564941	0.0
2.5694209515303803	-0.7662120388222045	0.0
2.5709217815254335	-0.769359254417113	0.0
2.5724226115204862	-0.7724964347923176	0.0
2.573923441515539	-0.7756235551985231	0.0
2.5754242715105917	-0.7787405915280404	0.0
2.5769251015056445	-0.7818475225843802	0.0
2.5784259315006977	-0.7849443260199699	0.0
2.57992676149575	-0.7880309765749698	0.0
2.581427591490803	-0.7911074527846282	0.0
2.582928421485856	-0.7941737349362205	0.0
2.584429251480908	-0.7972298009326939	0.0
2.5859300814759614	-0.8002756286564634	0.0
2.587430911471014	-0.8033111971979792	0.0
2.588931741466067	-0.8063364862342819	0.0
2.5904325714611196	-0.8093514771881891	0.0
2.5919334014561723	-0.8123561498130608	0.0
2.5934342314512255	-0.8153504830454652	0.0
2.594935061446278	-0.8183344585132646	0.0
2.596435891441331	-0.8213080582369932	0.0
2.5979367214363838	-0.8242712632922666	0.0
2.5994375514314365	-0.8272240555651533	0.0
2.6009383814264893	-0.8301664186973008	0.0
2.602439211421542	-0.8330983342038187	0.0
2.6039400414165947	-0.8360197837493172	0.0
2.6054408714116475	-0.8389307529672017	0.0
2.6069417014067002	-0.8418312252023568	0.0
2.6084425314017534	-0.8447211827799943	0.0
2.6099433613968057	-0.8476006115611403	0.0
2.611444191391859	-0.8504694957111714	0.0
2.6129450213869116	-0.8533278197572192	0.0
2.6144458513819644	-0.8561755706978091	0.0
2.615946681377017	-0.8590127335076428	0.0
2.61744751137207	-0.861839293287311	0.0
2.618948341367123	-0.8646552373545646	0.0
2.6204491713621754	-0.8674605527422377	0.0
2.621950001357228	-0.8702552257202245	0.0
2.6234508313522813	-0.8730392438744183	0.0
2.6249516613473336	-0.8758125957271552	0.0
2.626452491342387	-0.8785752697539635	0.0
2.6279533213374395	-0.8813272528273768	0.0
2.6294541513324923	-0.8840685332662201	0.0
2.630954981327545	-0.8867991026064236	0.0
2.6324558113225978	-0.8895189505420333	0.0
2.633956641317651	-0.8922280639420326	0.0
2.6354574713127032	-0.8949264327555189	0.0
2.6369583013077564	-0.8976140502850989	0.0
2.638459131302809	-0.9002909070868307	0.0
2.639959961297862	-0.9029569938500767	0.0
2.6414607912929147	-0.905612300947278	0.0
2.6429616212879674	-0.9082568187939436	0.0
2.64446245128302	-0.9108905419912323	0.0
2.645963281278073	-0.9135134626223185	0.0
2.6474641112731256	-0.916125572072569	0.0
2.648964941268179	-0.9187268662656415	0.0
2.650465771263231	-0.9213173364954494	0.0
2.6519666012582843	-0.9238969748200319	0.0
2.653467431253337	-0.9264657774582838	0.0
2.65496826124839	-0.9290237368604537	0.0
2.6564690912434425	-0.9315708498711303	0.0
2.6579699212384953	-0.9341071115951056	0.0
2.6594707512335485	-0.9366325143958857	0.0
2.660971581228601	-0.9391470553347308	0.0
2.6624724112236535	-0.9416507298856542	0.0
2.6639732412187067	-0.9441435348370382	0.0
2.665474071213759	-0.9466254661345571	0.0
2.666974901208812	-0.9490965188405277	0.0
2.668475731203865	-0.951556691923938	0.0
2.6699765611989177	-0.9540059846370428	0.0
2.6714773911939704	-0.9564443912040012	0.0
2.672978221189023	-0.9588719071970796	0.0
2.6744790511840764	-0.9612885343049287	0.0
2.6759798811791287	-0.9636942706252647	0.0
2.6774807111741814	-0.9660891141637142	0.0
2.6789815411692346	-0.9684730648264178	0.0
2.6804823711642873	-0.9708461192906306	0.0
2.68198320115934	-0.9732082776858199	0.0
2.683484031154393	-0.9755595417417051	0.0
2.6849848611494456	-0.9778999096431662	0.0
2.6864856911444983	-0.980229381580846	0.0
2.687986521139551	-0.9825479577885378	0.0
2.6894873511346042	-0.9848556376800315	0.0
2.6909881811296565	-0.987152424127348	0.0
2.6924890111247097	-0.989438317863027	0.0
2.6939898411197625	-0.9917133187456217	0.0
2.695490671114815	-0.9939774302475102	0.0
2.696991501109868	-0.9962306548150434	0.0
2.6984923311049207	-0.9984729924572672	0.0
2.6999931610999734	-1.000704444386474	0.0
2.701493991095026	-1.0029250144779178	0.0
2.702994821090079	-1.0051347051598212	0.0
2.704495651085132	-1.0073335178377987	0.0
2.7059964810801844	-1.0095214575401084	0.0
2.7074973110752376	-1.011698529038392	0.0
2.7089981410702904	-1.0138647326145307	0.0
2.710498971065343	-1.016020071093104	0.0
2.711999801060396	-1.0181645505770331	0.0
2.7135006310554486	-1.0202981744121709	0.0
2.7150014610505018	-1.0224209464768796	0.0
2.716502291045554	-1.0245328715540971	0.0
2.718003121040607	-1.026633951812799	0.0
2.71950395103566	-1.0287241927808217	0.0
2.7210047810307127	-1.0308036026324952	0.0
2.7225056110257655	-1.0328721839628467	0.0
2.7240064410208182	-1.0349299393601115	0.0
2.725507271015871	-1.0369768755452449	0.0
2.7270081010109237	-1.0390129983530092	0.0
2.7285089310059765	-1.041038313403173	0.0
2.7300097610010297	-1.0430528269283295	0.0
2.731510590996082	-1.0450565436324555	0.0
2.7330114209911347	-1.047049468353959	0.0
2.734512250986188	-1.0490316065700085	0.0
2.7360130809812406	-1.0510029673563912	0.0
2.7375139109762934	-1.0529635581594199	0.0
2.739014740971346	-1.0549133784522362	0.0
2.740515570966399	-1.0568524360241351	0.0
2.7420164009614516	-1.0587807437241152	0.0
2.7435172309565043	-1.0606983035826536	0.0
2.7450180609515575	-1.0626051205473954	0.0
2.7465188909466103	-1.0645012040568473	0.0
2.748019720941663	-1.0663865600794684	0.0
2.7495205509367158	-1.0682611952870134	0.0
2.7510213809317685	-1.0701251150640694	0.0
2.7525222109268213	-1.071978327265641	0.0
2.754023040921874	-1.0738208414831383	0.0
2.7555238709169267	-1.0756526628026215	0.0
2.7570247009119795	-1.0774737957411054	0.0
2.7585255309070322	-1.079284249196241	0.0
2.7600263609020854	-1.0810840315198522	0.0
2.761527190897138	-1.082873148480985	0.0
2.763028020892191	-1.0846516082032989	0.0
2.7645288508872436	-1.0864194173506756	0.0
2.7660296808822964	-1.0881765818412956	0.0
2.767530510877349	-1.0899231096376558	0.0
2.769031340872402	-1.091659007837933	0.0
2.770532170867455	-1.0933842838675474	0.0
2.7720330008625074	-1.0950989464268523	0.0
2.77353383085756	-1.096803001319683	0.0
2.7750346608526133	-1.0984964542990054	0.0
2.776535490847666	-1.100179314586982	0.0
2.778036320842719	-1.1018515872222248	0.0
2.7795371508377715	-1.1035132777785661	0.0
2.7810379808328243	-1.1051643979584622	0.0
2.782538810827877	-1.1068049543233336	0.0
2.7840396408229298	-1.1084349496146106	0.0
2.785540470817983	-1.110054392977253	0.0
2.7870413008130357	-1.1116632938407351	0.0
2.7885421308080884	-1.1132616545220153	0.0
2.790042960803141	-1.1148494811112957	0.0
2.791543790798194	-1.1164267845309965	0.0
2.7930446207932467	-1.117993570307259	0.0
2.7945454507882994	-1.119549843427393	0.0
2.796046280783352	-1.1210956104675542	0.0
2.797547110778405	-1.122630876732989	0.0
2.7990479407734576	-1.1241556502312144	0.0
2.800548770768511	-1.1256699374477128	0.0
2.8020496007635636	-1.127173741857024	0.0
2.8035504307586163	-1.1286670704958937	0.0
2.805051260753669	-1.1301499307861338	0.0
2.806552090748722	-1.1316223276164292	0.0
2.8080529207437745	-1.1330842654980506	0.0
2.8095537507388273	-1.1345357497434378	0.0
2.81105458073388	-1.1359767849435753	0.0
2.812555410728933	-1.1374073772652942	0.0
2.8140562407239855	-1.1388275332055384	0.0
2.8155570707190387	-1.1402372563711678	0.0
2.8170579007140915	-1.141636551985047	0.0
2.818558730709144	-1.1430254240509559	0.0
2.820059560704197	-1.1444038749055911	0.0
2.8215603906992497	-1.1457719112372742	0.0
2.8230612206943024	-1.1471295385213158	0.0
2.824562050689355	-1.1484767588625	0.0
2.8260628806844084	-1.1498135772200648	0.0
2.827563710679461	-1.1511399967456093	0.0
2.8290645406745134	-1.1524560188467312	0.0
2.8305653706695666	-1.1537616494303946	0.0
2.8320662006646193	-1.1550568910246464	0.0
2.833567030659672	-1.1563417450234306	0.0
2.835067860654725	-1.1576162162475985	0.0
2.8365686906497776	-1.158880306542589	0.0
2.8380695206448303	-1.160134018822109	0.0
2.839570350639883	-1.1613773566385097	0.0
2.8410711806349362	-1.162610317598877	0.0
2.842572010629989	-1.1638329031320598	0.0
2.8440728406250417	-1.1650451213370596	0.0
2.8455736706200945	-1.166246970701185	0.0
2.847074500615147	-1.167438449509966	0.0
2.8485753306102	-1.1686195630697842	0.0
2.8500761606052527	-1.1697903107592162	0.0
2.8515769906003055	-1.1709506915511392	0.0
2.853077820595358	-1.1721007071321927	0.0
2.854578650590411	-1.173240356365683	0.0
2.856079480585464	-1.174369639452258	0.0
2.857580310580517	-1.1754885578886318	0.0
2.8590811405755696	-1.1765971099716879	0.0
2.8605819705706224	-1.1776952970537438	0.0
2.862082800565675	-1.178783117956442	0.0
2.863583630560728	-1.1798605661074824	0.0
2.8650844605557806	-1.1809276423081432	0.0
2.8665852905508338	-1.1819843482906665	0.0
2.8680861205458865	-1.1830306812241624	0.0
2.869586950540939	-1.1840666374007323	0.0
2.871087780535992	-1.1850922158538424	0.0
2.8725886105310448	-1.1861074150821957	0.0
2.8740894405260975	-1.187112229194673	0.0
2.8755902705211502	-1.1881066559583875	0.0
2.877091100516203	-1.1890906936212091	0.0
2.8785919305112557	-1.1900643380239373	0.0
2.8800927605063085	-1.1910275857502564	0.0
2.8815935905013617	-1.1919804326065504	0.0
2.8830944204964144	-1.1929228734141697	0.0
2.8845952504914667	-1.1938549050113703	0.0
2.88609608048652	-1.1947765213322699	0.0
2.8875969104815726	-1.195687717647307	0.0
2.8890977404766254	-1.1965884923083605	0.0
2.890598570471678	-1.1974788371020644	0.0
2.892099400466731	-1.1983587449034774	0.0
2.893600230461784	-1.199228210620366	0.0
2.8951010604568364	-1.2000872297775493	0.0
2.8966018904518895	-1.2009357945013706	0.0
2.8981027204469423	-1.2017738974707095	0.0
2.899603550441995	-1.202601536415853	0.0
2.9011043804370478	-1.2034187030239094	0.0
2.9026052104321005	-1.2042253871360542	0.0
2.9041060404271533	-1.2050215805935882	0.0
2.905606870422206	-1.2058072763459005	0.0
2.9071077004172587	-1.20658246697947	0.0
2.908608530412312	-1.207347146062486	0.0
2.9101093604073642	-1.2081013047020548	0.0
2.9116101904024174	-1.2088449317182923	0.0
2.91311102039747	-1.2095780196650834	0.0
2.914611850392523	-1.2103005611717268	0.0
2.9161126803875757	-1.2110125462211117	0.0
2.9176135103826284	-1.21171396380855	0.0
2.919114340377681	-1.2124048034708956	0.0
2.920615170372734	-1.2130850555098036	0.0
2.922116000367787	-1.213754712348543	0.0
2.92361683036284	-1.2144137624275386	0.0
2.925117660357892	-1.215062193193937	0.0
2.9266184903529453	-1.2156999952307783	0.0
2.928119320347998	-1.2163271572554748	0.0
2.929620150343051	-1.2169436688197337	0.0
2.9311209803381035	-1.2175495182158644	0.0
2.9326218103331563	-1.2181446932853262	0.0
2.9341226403282095	-1.2187291823687065	0.0
2.9356234703232618	-1.2193029723969495	0.0
2.937124300318315	-1.2198660537045178	0.0
2.9386251303133677	-1.2204184123476116	0.0
2.94012596030842	-1.2209600343319342	0.0
2.941626790303473	-1.2214909094398827	0.0
2.943127620298526	-1.2220110228095231	0.0
2.9446284502935787	-1.2225203622181318	0.0
2.9461292802886314	-1.2230189158346274	0.0
2.947630110283684	-1.223506668000347	0.0
2.9491309402787373	-1.2239836045593617	0.0
2.9506317702737896	-1.2244497103214482	0.0
2.952132600268843	-1.2249049749900978	0.0
2.9536334302638956	-1.2253493883578912	0.0
2.9551342602589483	-1.2257829288171942	0.0
2.956635090254001	-1.2262055795833509	0.0
2.958135920249054	-1.2266173324602074	0.0
2.9596367502441066	-1.2270181751246727	0.0
2.9611375802391593	-1.2274080892178474	0.0
2.962638410234212	-1.2277870559218034	0.0
2.9641392402292652	-1.228155062799415	0.0
2.9656400702243175	-1.2285120974248125	0.0
2.9671409002193707	-1.2288581420980873	0.0
2.9686417302144235	-1.229193182484313	0.0
2.970142560209476	-1.22951720360347	0.0
2.971643390204529	-1.2298301872561166	0.0
2.9731442201995817	-1.2301321176926516	0.0
2.974645050194635	-1.2304229820453574	0.0
2.976145880189687	-1.2307027662816374	0.0
2.9776467101847404	-1.2309714515513845	0.0
2.979147540179793	-1.2312290164489874	0.0
2.9806483701748454	-1.2314754486156243	0.0
2.9821492001698986	-1.2317107371311011	0.0
2.9836500301649513	-1.2319348597367346	0.0
2.985150860160004	-1.2321478022989951	0.0
2.986651690155057	-1.2323495521072239	0.0
2.9881525201501096	-1.2325400874437147	0.0
2.9896533501451628	-1.2327193915948986	0.0
2.991154180140215	-1.2328874513055994	0.0
2.9926550101352682	-1.2330442468607397	0.0
2.994155840130321	-1.2331897619190961	0.0
2.9956566701253737	-1.233323982657613	0.0
2.9971575001204265	-1.233446891876274	0.0
2.998658330115479	-1.2346214313768573	0.0
3.000159160110532	-1.2379053573223753	0.0
