0.0	1.9999246264180872	0.0
0.0015008299950527925	1.999929002090159	0.0
0.003001659990105585	1.9998969773529631	0.0
0.004502489985158378	1.99983289907348	0.0
0.00600331998021117	1.9997500479897399	0.0
0.0075041499752639615	1.9996481664078714	0.0
0.009004979970316756	1.9995272466016258	0.0
0.010505809965369548	1.9993874133573533	0.0
0.01200663996042234	1.9992283867272655	0.0
0.01350746995547513	1.9990495049543278	0.0
0.015008299950527923	1.9988505375168657	0.0
0.016509129945580715	1.9986313220776626	0.0
0.01800995994063351	1.9983911827482679	0.0
0.019510789935686303	1.998129570989293	0.0
0.021011619930739096	1.9978458051594752	0.0
0.022512449925791888	1.9975380295584604	0.0
0.02401327992084468	1.9972035327924464	0.0
0.02551410991589747	1.9968399163472361	0.0
0.02701493991095026	1.9964466326315058	0.0
0.028515769906003054	1.996026247857407	0.0
0.030016599901055846	1.9955823308616962	0.0
0.03151742989610864	1.9951165532620714	0.0
0.03301825989116143	1.9946291479145373	0.0
0.03451908988621422	1.9941201388669703	0.0
0.03601991988126702	1.9935895609904273	0.0
0.037520749876319814	1.9930374191564384	0.0
0.03902157987137261	1.9924637317100586	0.0
0.0405224098664254	1.9918685535869702	0.0
0.04202323986147819	1.9912519008410698	0.0
0.043524069856530984	1.9906137889052797	0.0
0.045024899851583776	1.98995427689041	0.0
0.04652572984663657	1.9892734020568956	0.0
0.04802655984168936	1.9885711623056537	0.0
0.04952738983674215	1.987847589643312	0.0
0.05102821983179494	1.9871027205975538	0.0
0.05252904982684774	1.9863365950596534	0.0
0.05402987982190052	1.98554926585971	0.0
0.05553070981695332	1.9847407432685222	0.0
0.05703153981200611	1.9839110471702113	0.0
0.05853236980705891	1.9830602086402498	0.0
0.06003319980211169	1.9821882831064133	0.0
0.06153402979716449	1.981295332421176	0.0
0.06303485979221728	1.9803813458775217	0.0
0.06453568978727008	1.9794463480037539	0.0
0.06603651978232286	1.9784904107388126	0.0
0.06753734977737566	1.9775135799317676	0.0
0.06903817977242845	1.9765158860015541	0.0
0.07053900976748124	1.9754973536476124	0.0
0.07203983976253404	1.9744580244373697	0.0
0.07354066975758683	1.9733979421932248	0.0
0.07504149975263963	1.9723171455386928	0.0
0.07654232974769241	1.9712156809116728	0.0
0.07804315974274521	1.9700935938660857	0.0
0.079543989737798	1.9689509209034206	0.0
0.0810448197328508	1.9677877034470794	0.0
0.08254564972790358	1.9666039971098226	0.0
0.08404647972295638	1.9653998424421877	0.0
0.08554730971800917	1.9641752799049867	0.0
0.08704813971306197	1.9629303593832252	0.0
0.08854896970811475	1.9616651204472082	0.0
0.09004979970316755	1.960379616381906	0.0
0.09155062969822034	1.9590738884595857	0.0
0.09305145969327314	1.9577479861000613	0.0
0.09455228968832592	1.9564019863657303	0.0
0.09605311968337872	1.9550359281380587	0.0
0.0975539496784315	1.9536498411373853	0.0
0.0990547796734843	1.9522437748688355	0.0
0.10055560966853709	1.9508177779964593	0.0
0.10205643966358988	1.949371929113043	0.0
0.10355726965864268	1.9479062887714989	0.0
0.10505809965369547	1.9464208770229314	0.0
0.10655892964874826	1.944915750702398	0.0
0.10805975964380105	1.9433909792420296	0.0
0.10956058963885383	1.9418466178595497	0.0
0.11106141963390664	1.9402827163947212	0.0
0.11256224962895943	1.9386993282566316	0.0
0.11406307962401221	1.937096509611934	0.0
0.115563909619065	1.9354743065343125	0.0
0.11706473961411781	1.9338327875610903	0.0
0.1185655696091706	1.9321720291178135	0.0
0.12006639960422338	1.9304920755591246	0.0
0.1215672295992762	1.928792971269392	0.0
0.12306805959432898	1.927074774748399	0.0
0.12456888958938177	1.9253375557419916	0.0
0.12606971958443455	1.9235813917073163	0.0
0.12757054957948735	1.9218063242556764	0.0
0.12907137957454015	1.9200123996076135	0.0
0.13057220956959295	1.9181996964672723	0.0
0.13207303956464572	1.9163682714740227	0.0
0.13357386955969852	1.9145181842303516	0.0
0.13507469955475132	1.9126495125091412	0.0
0.1365755295498041	1.9107623147098984	0.0
0.1380763595448569	1.9088566374877871	0.0
0.1395771895399097	1.9069325418165748	0.0
0.1410780195349625	1.9049900936625506	0.0
0.14257884953001526	1.9030293689891828	0.0
0.1440796795250681	1.9010504439505058	0.0
0.14558050952012086	1.89905336725435	0.0
0.14708133951517366	1.8970381922262702	0.0
0.14858216951022643	1.8950049861638052	0.0
0.15008299950527926	1.8929538229450618	0.0
0.15158382950033203	1.8908847682932999	0.0
0.15308465949538483	1.8887978863095298	0.0
0.1545854894904376	1.886693247717893	0.0
0.15608631948549043	1.8845709068128018	0.0
0.1575871494805432	1.8824309270784116	0.0
0.159087979475596	1.8802733889043284	0.0
0.16058880947064877	1.8780983591271911	0.0
0.1620896394657016	1.8759059020115785	0.0
0.16359046946075437	1.8736960805088143	0.0
0.16509129945580717	1.8714689543242342	0.0
0.16659212945085994	1.8692245978848454	0.0
0.16809295944591277	1.8669630798865566	0.0
0.16959378944096554	1.864684465772895	0.0
0.17109461943601834	1.862388831932128	0.0
0.17259544943107114	1.8600762468340428	0.0
0.17409627942612393	1.8577467619751156	0.0
0.1755971094211767	1.8554004502763326	0.0
0.1770979394162295	1.853037387367837	0.0
0.1785987694112823	1.8506576318755463	0.0
0.1800995994063351	1.8482612705099803	0.0
0.18160042940138788	1.8458483644915908	0.0
0.18310125939644067	1.8434189667175305	0.0
0.18460208939149347	1.840973157633431	0.0
0.18610291938654627	1.838511001060617	0.0
0.18760374938159904	1.836032564024491	0.0
0.18910457937665184	1.833537925406767	0.0
0.19060540937170464	1.8310271567374221	0.0
0.19210623936675744	1.8285003185740722	0.0
0.1936070693618102	1.825957474354113	0.0
0.195107899356863	1.8233986933664337	0.0
0.1966087293519158	1.8208240571980214	0.0
0.1981095593469686	1.8182336229299716	0.0
0.19961038934202138	1.8156274453069745	0.0
0.20111121933707418	1.8130056281229108	0.0
0.20261204933212695	1.810368237586155	0.0
0.20411287932717975	1.807715312413331	0.0
0.20561370932223258	1.8050469283256503	0.0
0.20711453931728535	1.802363163401194	0.0
0.20861536931233815	1.7996640881207686	0.0
0.21011619930739095	1.796949756596852	0.0
0.21161702930244372	1.7942202414595532	0.0
0.21311785929749652	1.791475632688356	0.0
0.2146186892925493	1.7887159790349965	0.0
0.2161195192876021	1.7859413466541323	0.0
0.21762034928265492	1.783151808212877	0.0
0.21912117927770766	1.7803474209226435	0.0
0.2206220092727605	1.7775282656518299	0.0
0.2221228392678133	1.7746944130175186	0.0
0.22362366926286606	1.7718459221678768	0.0
0.22512449925791886	1.7689828529832392	0.0
0.22662532925297169	1.7661052720175199	0.0
0.22812615924802443	1.7632132655620139	0.0
0.22962698924307726	1.760306900512657	0.0
0.23112781923813	1.7573862271693241	0.0
0.23262864923318283	1.754451312828159	0.0
0.23412947922823563	1.7515022271327885	0.0
0.2356303092232884	1.7485390407705343	0.0
0.2371311392183412	1.745561813953466	0.0
0.238631969213394	1.7425706075967116	0.0
0.24013279920844677	1.7395654925994224	0.0
0.2416336292034996	1.7365465271742835	0.0
0.2431344591985524	1.7335137813953896	0.0
0.24463528919360517	1.7304673324196997	0.0
0.24613611918865796	1.7274072352735546	0.0
0.24763694918371074	1.7243335449484223	0.0
0.24913777917876354	1.721246333789687	0.0
0.25063860917381636	1.7181456766016894	0.0
0.2521394391688691	1.7150316245639199	0.0
0.2536402691639219	1.7119042320216298	0.0
0.2551410991589747	1.708763579604529	0.0
0.2566419291540275	1.705609733208605	0.0
0.2581427591490803	1.7024427496421748	0.0
0.25964358914413305	1.6992626916364275	0.0
0.2611444191391859	1.6960696151189356	0.0
0.2626452491342387	1.6928635839408719	0.0
0.26414607912929144	1.6896446728121564	0.0
0.26564690912434424	1.6864129442983995	0.0
0.26714773911939704	1.683168448551949	0.0
0.26864856911444984	1.6799112486116832	0.0
0.27014939910950264	1.6766414083911554	0.0
0.27165022910455544	1.6733589854109567	0.0
0.2731510590996082	1.670064041398019	0.0
0.27465188909466104	1.6667566424358147	0.0
0.2761527190897138	1.6634368522635492	0.0
0.2776535490847666	1.6601047134870985	0.0
0.2791543790798194	1.6567602866425601	0.0
0.2806552090748722	1.6534036496440705	0.0
0.282156039069925	1.650034860031191	0.0
0.2836568690649778	1.6466539677492835	0.0
0.2851576990600305	1.6432610308502726	0.0
0.2866585290550834	1.6398561125622884	0.0
0.2881593590501362	1.6364392616873864	0.0
0.2896601890451889	1.6330105342415742	0.0
0.2911610190402417	1.6295700048306108	0.0
0.2926618490352945	1.6261177249541863	0.0
0.2941626790303473	1.622653743623229	0.0
0.2956635090254001	1.619178124539206	0.0
0.29716433902045286	1.6156909210333141	0.0
0.2986651690155057	1.6121921899929008	0.0
0.3001659990105585	1.608681989682596	0.0
0.30166682900561126	1.6051603781819048	0.0
0.30316765900066406	1.6016274043309193	0.0
0.30466848899571686	1.5980831240714122	0.0
0.30616931899076966	1.5945276021622399	0.0
0.30767014898582246	1.5909608794911438	0.0
0.3091709789808752	1.5873830111768221	0.0
0.31067180897592805	1.583794061051174	0.0
0.31217263897098085	1.5801940796050267	0.0
0.3136734689660336	1.576583123311567	0.0
0.3151742989610864	1.5729612421216075	0.0
0.3166751289561392	1.569328481511631	0.0
0.318175958951192	1.5656849037292981	0.0
0.3196767889462448	1.5620305686594338	0.0
0.32117761894129754	1.5583655171302937	0.0
0.3226784489363504	1.5546897982213428	0.0
0.3241792789314032	1.5510034712371965	0.0
0.32568010892645594	1.547306592574862	0.0
0.32718093892150873	1.5435992084926644	0.0
0.32868176891656153	1.5398813623457943	0.0
0.33018259891161433	1.5361531090056015	0.0
0.33168342890666713	1.5324145035499896	0.0
0.3331842589017199	1.5286656007116042	0.0
0.3346850888967727	1.5249064459834167	0.0
0.33618591889182553	1.5211370801801656	0.0
0.3376867488868783	1.517357560425375	0.0
0.3391875788819311	1.513567943863877	0.0
0.3406884088769839	1.50976827505862	0.0
0.34218923887203667	1.5059586025661156	0.0
0.34369006886708947	1.5021389710158135	0.0
0.34519089886214227	1.498309426669589	0.0
0.346691728857195	1.494470029549141	0.0
0.34819255885224787	1.490620826896473	0.0
0.3496933888473006	1.486761858252825	0.0
0.3511942188423534	1.482893170210671	0.0
0.3526950488374062	1.4790148147032576	0.0
0.354195878832459	1.4751268444846675	0.0
0.3556967088275118	1.4712293050119898	0.0
0.3571975388225646	1.4673222360494664	0.0
0.35869836881761735	1.463405682699023	0.0
0.3601991988126702	1.4594797030054283	0.0
0.361700028807723	1.4555443417741216	0.0
0.36320085880277575	1.4515996409487006	0.0
0.36470168879782855	1.4476456509004296	0.0
0.36620251879288135	1.4436824069815037	0.0
0.36770334878793415	1.4397099625873866	0.0
0.36920417878298695	1.4357283735967101	0.0
0.3707050087780397	1.4317376730760714	0.0
0.37220583877309255	1.4277379045765834	0.0
0.37370666876814534	1.4237291156796192	0.0
0.3752074987631981	1.4197113552019136	0.0
0.3767083287582509	1.4156846671969796	0.0
0.3782091587533037	1.4116490909204769	0.0
0.3797099887483565	1.4076046737706829	0.0
0.3812108187434093	1.4035514667687785	0.0
0.38271164873846203	1.3994895110436905	0.0
0.3842124787335149	1.3954188445251026	0.0
0.3857133087285677	1.391339519295688	0.0
0.3872141387236204	1.3872515745584246	0.0
0.38871496871867317	1.383155061086043	0.0
0.390215798713726	1.3790500233933232	0.0
0.3917166287087788	1.374936484546066	0.0
0.3932174587038316	1.3708145041266704	0.0
0.3947182886988844	1.3666841344683904	0.0
0.3962191186939372	1.3625453974918498	0.0
0.39771994868898997	1.3583983433977382	0.0
0.39922077868404277	1.3542430301651507	0.0
0.40072160867909556	1.3500794867967572	0.0
0.40222243867414836	1.34590775352842	0.0
0.4037232686692012	1.341727879477899	0.0
0.4052240986642539	1.3375399098320278	0.0
0.4067249286593067	1.3333438887447897	0.0
0.4082257586543595	1.3291398444421618	0.0
0.40972658864941236	1.3249278250570737	0.0
0.41122741864446516	1.320707885003538	0.0
0.41272824863951796	1.3164800521033229	0.0
0.4142290786345707	1.31224437688913	0.0
0.4157299086296235	1.3080009059174018	0.0
0.4172307386246763	1.3037496680310867	0.0
0.4187315686197291	1.2994907098373076	0.0
0.4202323986147819	1.2952240764626963	0.0
0.42173322860983464	1.2909498068733	0.0
0.42323405860488744	1.2866679442270992	0.0
0.42473488859994024	1.2823785338557134	0.0
0.42623571859499304	1.2780816112772584	0.0
0.42773654859004584	1.2737772242427634	0.0
0.4292373785850986	1.2694654188885401	0.0
0.4307382085801514	1.2651462233497799	0.0
0.4322390385752042	1.2608196816858317	0.0
0.43373986857025704	1.2564858451830294	0.0
0.43524069856530984	1.2521447573731108	0.0
0.43674152856036264	1.247796450277379	0.0
0.4382423585554153	1.2434409554741417	0.0
0.4397431885504682	1.2390783307537498	0.0
0.441244018545521	1.2347086310406188	0.0
0.4427448485405738	1.2303318814347604	0.0
0.4442456785356266	1.2259481135150128	0.0
0.4457465085306793	1.221557380903989	0.0
0.4472473385257321	1.2171597278490016	0.0
0.4487481685207849	1.2127551891626467	0.0
0.4502489985158377	1.2083438065150451	0.0
0.4517498285108905	1.2039256273022805	0.0
0.45325065850594337	1.1995006946309226	0.0
0.45475148850099606	1.195069040456652	0.0
0.45625231849604886	1.1906307161208365	0.0
0.45775314849110166	1.186185763432877	0.0
0.4592539784861545	1.1817342132058244	0.0
0.4607548084812073	1.1772761167172296	0.0
0.46225563847626	1.1728115142282043	0.0
0.46375646847131285	1.1683404488235465	0.0
0.46525729846636565	1.1638629621996928	0.0
0.46675812846141845	1.159379091204334	0.0
0.46825895845647125	1.154888881553518	0.0
0.46975978845152405	1.1503923747967808	0.0
0.4712606184465768	1.1458896146158541	0.0
0.4727614484416296	1.1413806422434296	0.0
0.4742622784366824	1.1368654985352946	0.0
0.4757631084317352	1.132344229394267	0.0
0.477263938426788	1.127816873129947	0.0
0.47876476842184074	1.1232834724504408	0.0
0.48026559841689354	1.1187440700776794	0.0
0.48176642841194633	1.1141987092673857	0.0
0.4832672584069992	1.1096474373600327	0.0
0.484768088402052	1.1050902876200372	0.0
0.4862689183971048	1.1005273015042982	0.0
0.4877697483921575	1.0959585306850175	0.0
0.48927057838721033	1.091384014231497	0.0
0.49077140838226313	1.0868037918092817	0.0
0.49227223837731593	1.082217908056635	0.0
0.49377306837236873	1.0776264109478715	0.0
0.4952738983674215	1.0730293433305764	0.0
0.49677472836247427	1.0684267387502597	0.0
0.49827555835752707	1.0638186404285437	0.0
0.49977638835257987	1.0592050965339976	0.0
0.5012772183476327	1.054586152495109	0.0
0.5027780483426855	1.0499618527768686	0.0
0.5042788783377382	1.0453322367920261	0.0
0.5057797083327911	1.0406973397534733	0.0
0.5072805383278438	1.0360572097303045	0.0
0.5087813683228967	1.0314119042367242	0.0
0.5102821983179494	1.0267614588619935	0.0
0.5117830283130022	1.022105902207236	0.0
0.513283858308055	1.0174452927922304	0.0
0.5147846883031078	1.0127796775442501	0.0
0.5162855182981606	1.0081090838278908	0.0
0.5177863482932135	1.0034335678363537	0.0
0.5192871782882661	0.9987531785759203	0.0
0.520788008283319	0.9940679467533531	0.0
0.5222888382783718	0.9893779147211116	0.0
0.5237896682734245	0.9846831371941351	0.0
0.5252904982684774	0.9799836603041452	0.0
0.5267913282635301	0.9752795148741724	0.0
0.5282921582585829	0.9705707538059997	0.0
0.5297929882536357	0.965857428596151	0.0
0.5312938182486885	0.9611395701895622	0.0
0.5327946482437413	0.9564172208960678	0.0
0.5342954782387941	0.9516904341706652	0.0
0.5357963082338468	0.9469592556518641	0.0
0.5372971382288997	0.9422237254926863	0.0
0.5387979682239524	0.9374838908575677	0.0
0.5402987982190053	0.932739794649561	0.0
0.5417996282140581	0.9279914760546899	0.0
0.5433004582091109	0.9232389807714632	0.0
0.5448012882041636	0.9184823578706707	0.0
0.5463021181992164	0.9137216575550836	0.0
0.5478029481942692	0.9089569180876921	0.0
0.5493037781893221	0.9041881800134941	0.0
0.5508046081843748	0.8994154985701064	0.0
0.5523054381794276	0.8946389129459607	0.0
0.5538062681744804	0.8898584618699225	0.0
0.5553070981695332	0.8850741966749696	0.0
0.556807928164586	0.8802861613506674	0.0
0.5583087581596388	0.8754944016634869	0.0
0.5598095881546916	0.8706989674017692	0.0
0.5613104181497444	0.8658998976526912	0.0
0.5628112481447971	0.8610972328060044	0.0
0.56431207813985	0.856291023317346	0.0
0.5658129081349027	0.8514813179917946	0.0
0.5673137381299556	0.8466681590571205	0.0
0.5688145681250083	0.8418515855913337	0.0
0.570315398120061	0.83703165034457	0.0
0.5718162281151139	0.8322084040549446	0.0
0.5733170581101668	0.8273818785940192	0.0
0.5748178881052195	0.8225521145825235	0.0
0.5763187181002724	0.8177191706341433	0.0
0.5778195480953251	0.81288309405564	0.0
0.5793203780903778	0.8080439194314711	0.0
0.5808212080854307	0.8032016932703782	0.0
0.5823220380804834	0.7983564666756565	0.0
0.5838228680755363	0.7935082860809146	0.0
0.585323698070589	0.7886571895676993	0.0
0.5868245280656418	0.7838032189431794	0.0
0.5883253580606946	0.7789464295013666	0.0
0.5898261880557474	0.7740868634092515	0.0
0.5913270180508002	0.7692245612546371	0.0
0.592827848045853	0.7643595717209268	0.0
0.5943286780409057	0.7594919358168389	0.0
0.5958295080359586	0.7546217016032715	0.0
0.5973303380310114	0.7497489148550989	0.0
0.5988311680260642	0.7448736148860582	0.0
0.600331998021117	0.73999585633605	0.0
0.6018328280161698	0.7351156831857609	0.0
0.6033336580112225	0.7302331278223048	0.0
0.6048344880062754	0.7253482400594965	0.0
0.6063353180013281	0.7204610673135776	0.0
0.607836147996381	0.7155716566013992	0.0
0.6093369779914337	0.7106800522505018	0.0
0.6108378079864865	0.7057862903804752	0.0
0.6123386379815393	0.7008904192735387	0.0
0.6138394679765921	0.6959924851443384	0.0
0.6153402979716449	0.6910925303796973	0.0
0.6168411279666978	0.6861906047784523	0.0
0.6183419579617504	0.6812867525904018	0.0
0.6198427879568033	0.676381006837698	0.0
0.6213436179518561	0.6714734127162867	0.0
0.6228444479469089	0.6665640228292842	0.0
0.6243452779419617	0.6616528788042615	0.0
0.6258461079370145	0.6567400239868539	0.0
0.6273469379320672	0.6518254983534377	0.0
0.62884776792712	0.6469093452286938	0.0
0.6303485979221728	0.6419916134314241	0.0
0.6318494279172256	0.6370723449420301	0.0
0.6333502579122784	0.6321515780587756	0.0
0.6348510879073311	0.6272293595983267	0.0
0.636351917902384	0.622305736494203	0.0
0.6378527478974367	0.6173807420715396	0.0
0.6393535778924896	0.6124544192266896	0.0
0.6408544078875424	0.6075268203922947	0.0
0.6423552378825951	0.6025979901649102	0.0
0.6438560678776479	0.5976679579625729	0.0
0.6453568978727008	0.5927367638045025	0.0
0.6468577278677535	0.587804467332789	0.0
0.6483585578628064	0.5828711047729641	0.0
0.6498593878578591	0.5779367065933703	0.0
0.6513602178529119	0.5730013257983086	0.0
0.6528610478479647	0.5680650056214279	0.0
0.6543618778430175	0.56312777679183	0.0
0.6558627078380703	0.5581896826359025	0.0
0.6573635378331231	0.5532507735342516	0.0
0.6588643678281758	0.5483110879472017	0.0
0.6603651978232287	0.5433706612391854	0.0
0.6618660278182814	0.538429538421611	0.0
0.6633668578133343	0.5334877593062433	0.0
0.6648676878083871	0.5285453619818402	0.0
0.6663685178034398	0.5236023910100048	0.0
0.6678693477984926	0.5186588883946722	0.0
0.6693701777935454	0.513714890084425	0.0
0.6708710077885982	0.5087704304963523	0.0
0.6723718377836511	0.5038255563675489	0.0
0.6738726677787038	0.49888031135443545	0.0
0.6753734977737565	0.4939347306247631	0.0
0.6768743277688094	0.4889888500639049	0.0
0.6783751577638621	0.48404270611632616	0.0
0.679875987758915	0.4790963468769822	0.0
0.6813768177539677	0.47414981011038426	0.0
0.6828776477490205	0.4692031323090391	0.0
0.6843784777440733	0.46425635041990976	0.0
0.6858793077391261	0.45930949801386434	0.0
0.6873801377341789	0.45436262199620114	0.0
0.6888809677292317	0.4494157585429943	0.0
0.6903817977242845	0.44446894387213975	0.0
0.6918826277193373	0.4395222172885971	0.0
0.69338345771439	0.43457561055181915	0.0
0.6948842877094429	0.42962916563343667	0.0
0.6963851177044957	0.4246829256622945	0.0
0.6978859476995485	0.4197369173542538	0.0
0.6993867776946012	0.4147911739699537	0.0
0.7008876076896541	0.4098457401344161	0.0
0.7023884376847068	0.4049006525787433	0.0
0.7038892676797597	0.3999559510593478	0.0
0.7053900976748124	0.39501167063326226	0.0
0.7068909276698653	0.3900678325412129	0.0
0.708391757664918	0.3851244792902826	0.0
0.7098925876599708	0.3801816627150312	0.0
0.7113934176550236	0.37523940432660474	0.0
0.7128942476500764	0.37029773014854306	0.0
0.7143950776451292	0.36535668512303554	0.0
0.715895907640182	0.3604163080489019	0.0
0.7173967376352347	0.35547663399817786	0.0
0.7188975676302876	0.35053769239545673	0.0
0.7203983976253404	0.34559951285972645	0.0
0.7218992276203932	0.3406621350390028	0.0
0.723400057615446	0.33572559111401634	0.0
0.7249008876104988	0.3307899146841158	0.0
0.7264017176055515	0.32585514550025574	0.0
0.7279025476006044	0.32092131105683785	0.0
0.7294033775956571	0.3159884404188985	0.0
0.73090420759071	0.31105657332915615	0.0
0.7324050375857627	0.30612574260107395	0.0
0.7339058675808154	0.3011959757961641	0.0
0.7354066975758683	0.29626730996231265	0.0
0.736907527570921	0.2913397779576804	0.0
0.7384083575659739	0.2864134020813808	0.0
0.7399091875610266	0.2814882198649161	0.0
0.7414100175560794	0.2765642735504459	0.0
0.7429108475511322	0.2716415867416473	0.0
0.7444116775461851	0.2667201859686166	0.0
0.7459125075412378	0.2618001020691366	0.0
0.7474133375362907	0.25688137513116627	0.0
0.7489141675313434	0.25196403575210646	0.0
0.7504149975263962	0.24704810028366797	0.0
0.751915827521449	0.2421336122724056	0.0
0.7534166575165018	0.2372206061598774	0.0
0.7549174875115546	0.2323090991635377	0.0
0.7564183175066074	0.22739912752974467	0.0
0.7579191475016601	0.22249072537772618	0.0
0.759419977496713	0.21758391544696043	0.0
0.7609208074917657	0.21267872806182953	0.0
0.7624216374868186	0.20777519619174034	0.0
0.7639224674818714	0.20287334651891376	0.0
0.7654232974769241	0.1979732106522779	0.0
0.7669241274719769	0.19307481869672494	0.0
0.7684249574670298	0.18817819609961606	0.0
0.7699257874620825	0.18328337109447435	0.0
0.7714266174571354	0.17839037535518554	0.0
0.772927447452188	0.17349923905589304	0.0
0.7744282774472409	0.1686099818522917	0.0
0.7759291074422937	0.16372263831541367	0.0
0.7774299374373463	0.1588372454629643	0.0
0.7789307674323993	0.15395381725350665	0.0
0.780431597427452	0.1490723807896066	0.0
0.7819324274225049	0.14419297306611245	0.0
0.7834332574175576	0.1393156203563335	0.0
0.7849340874126104	0.1344403482553238	0.0
0.7864349174076632	0.1295671822232214	0.0
0.787935747402716	0.12469614982891786	0.0
0.7894365773977688	0.11982728060298764	0.0
0.7909374073928216	0.11496059848531925	0.0
0.7924382373878744	0.11009613265728446	0.0
0.7939390673829272	0.10523391773981627	0.0
0.7954398973779799	0.1003739736230973	0.0
0.7969407273730328	0.09551631936663307	0.0
0.7984415573680855	0.09066099142484929	0.0
0.7999423873631384	0.08580801616971634	0.0
0.8014432173581911	0.08095741254067845	0.0
0.8029440473532439	0.07610921776203727	0.0
0.8044448773482967	0.07126345242290233	0.0
0.8059457073433495	0.06642013581902817	0.0
0.8074465373384024	0.06157931053655208	0.0
0.8089473673334551	0.056740995221970625	0.0
0.8104481973285078	0.05190520692306144	0.0
0.8119490273235607	0.047071983836553644	0.0
0.8134498573186134	0.042241347270353335	0.0
0.8149506873136664	0.03741331964705541	0.0
0.816451517308719	0.03258793394361703	0.0
0.8179523473037718	0.027765215566314838	0.0
0.8194531772988247	0.022945186738237755	0.0
0.8209540072938774	0.018127871847833932	0.0
0.8224548372889303	0.013313299088513642	0.0
0.8239556672839831	0.008501492684375167	0.0
0.8254564972790359	0.003692481011196902	0.0
0.8269573272740887	-0.0011137073707410128	0.0
0.8284581572691414	-0.005917055014923012	0.0
0.8299589872641943	-0.010717530315351276	0.0
0.831459817259247	-0.015515102292326777	0.0
0.8329606472542999	-0.02030975571098037	0.0
0.8344614772493526	-0.025101465844810322	0.0
0.8359623072444053	-0.029890205178001672	0.0
0.8374631372394582	-0.0346759414458524	0.0
0.8389639672345109	-0.03945864892088724	0.0
0.8404647972295638	-0.04423831045764004	0.0
0.8419656272246165	-0.04901489564491546	0.0
0.8434664572196693	-0.053788373398220735	0.0
0.8449672872147221	-0.05855872552587171	0.0
0.8464681172097749	-0.06332592918145741	0.0
0.8479689472048277	-0.06808994868138263	0.0
0.8494697771998805	-0.07285075860822432	0.0
0.8509706071949332	-0.07760833835128156	0.0
0.8524714371899861	-0.08236266344362875	0.0
0.8539722671850388	-0.08711370649782313	0.0
0.8554730971800917	-0.09186143810480574	0.0
0.8569739271751444	-0.09660583431300651	0.0
0.8584747571701972	-0.10134687013376298	0.0
0.85997558716525	-0.10608451544982156	0.0
0.8614764171603028	-0.11081874510663026	0.0
0.8629772471553557	-0.11554953557239234	0.0
0.8644780771504084	-0.12027685731011162	0.0
0.8659789071454613	-0.12500068489357408	0.0
0.8674797371405141	-0.12972099738860887	0.0
0.8689805671355667	-0.13443776596896573	0.0
0.8704813971306197	-0.13915095242469167	0.0
0.8719822271256723	-0.14386053263523135	0.0
0.8734830571207253	-0.14856649144293854	0.0
0.874983887115778	-0.15326880137223498	0.0
0.8764847171108306	-0.1579674262887425	0.0
0.8779855471058836	-0.16266233953699683	0.0
0.8794863771009364	-0.16735351914659158	0.0
0.8809872070959892	-0.17204093467161563	0.0
0.882488037091042	-0.1767245565058042	0.0
0.8839888670860947	-0.18140435845729197	0.0
0.8854896970811476	-0.1860803143226175	0.0
0.8869905270762003	-0.19075239469482907	0.0
0.8884913570712532	-0.19542057504635624	0.0
0.8899921870663059	-0.200084825624405	0.0
0.8914930170613586	-0.20474511609594526	0.0
0.8929938470564115	-0.20940141828282322	0.0
0.8944946770514642	-0.2140537017746189	0.0
0.8959955070465171	-0.21870194321916037	0.0
0.8974963370415698	-0.22334611164637796	0.0
0.8989971670366227	-0.22798617343372118	0.0
0.9004979970316754	-0.23262210627919888	0.0
0.9019988270267282	-0.23725388130906944	0.0
0.903499657021781	-0.24188146073633865	0.0
0.9050004870168338	-0.24650482084119774	0.0
0.9065013170118867	-0.25112393575458203	0.0
0.9080021470069394	-0.2557387650371956	0.0
0.9095029770019921	-0.2603492824390783	0.0
0.911003806997045	-0.2649554679637527	0.0
0.9125046369920977	-0.26955728252113165	0.0
0.9140054669871507	-0.27415469193081843	0.0
0.9155062969822033	-0.2787476745862152	0.0
0.9170071269772561	-0.283336194012614	0.0
0.918507956972309	-0.28792021603179085	0.0
0.9200087869673617	-0.29249971807712805	0.0
0.9215096169624146	-0.2970746650173399	0.0
0.9230104469574674	-0.301645022944633	0.0
0.92451127695252	-0.3062107592482479	0.0
0.926012106947573	-0.3107718446721639	0.0
0.9275129369426257	-0.31532825207019766	0.0
0.9290137669376786	-0.31987994436699796	0.0
0.9305145969327313	-0.32442688770547945	0.0
0.932015426927784	-0.32896904792252646	0.0
0.9335162569228369	-0.33350639589649655	0.0
0.9350170869178897	-0.3380389010408682	0.0
0.9365179169129425	-0.34256652641217955	0.0
0.9380187469079952	-0.3470892421901921	0.0
0.9395195769030481	-0.35160701050909227	0.0
0.9410204068981008	-0.3561197924932702	0.0
0.9425212368931536	-0.3606275633394245	0.0
0.9440220668882064	-0.3651302914055983	0.0
0.9455228968832592	-0.3696279352290883	0.0
0.947023726878312	-0.3741204610977149	0.0
0.9485245568733648	-0.37860783887229554	0.0
0.9500253868684175	-0.38309002859231045	0.0
0.9515262168634704	-0.3875669971478235	0.0
0.9530270468585231	-0.3920387150999469	0.0
0.954527876853576	-0.3965051372979602	0.0
0.9560287068486287	-0.40096622896535417	0.0
0.9575295368436815	-0.4054219598342459	0.0
0.9590303668387343	-0.4098722911329409	0.0
0.9605311968337871	-0.41431718936214623	0.0
0.96203202682884	-0.41875661494609484	0.0
0.9635328568238927	-0.42319053140007745	0.0
0.9650336868189454	-0.4276189070431593	0.0
0.9665345168139984	-0.4320417007783286	0.0
0.968035346809051	-0.4364588695965492	0.0
0.969536176804104	-0.44087038344952023	0.0
0.9710370067991567	-0.4452762068649947	0.0
0.9725378367942096	-0.4496762974186881	0.0
0.9740386667892623	-0.4540706203730296	0.0
0.975539496784315	-0.4584591358743386	0.0
0.9770403267793679	-0.4628418071715923	0.0
0.9785411567744207	-0.46721859098061214	0.0
0.9800419867694735	-0.47158944610930775	0.0
0.9815428167645263	-0.4759543448927823	0.0
0.983043646759579	-0.4803132507053416	0.0
0.9845444767546319	-0.4846661146458302	0.0
0.9860453067496846	-0.48901289774212486	0.0
0.9875461367447375	-0.49335356260898844	0.0
0.9890469667397902	-0.49768806579611313	0.0
0.990547796734843	-0.5020163757167315	0.0
0.9920486267298958	-0.5063384513304361	0.0
0.9935494567249485	-0.5106542441516875	0.0
0.9950502867200014	-0.5149637214154401	0.0
0.9965511167150541	-0.519266843946669	0.0
0.9980519467101069	-0.5235635633632458	0.0
0.9995527767051597	-0.5278538447856749	0.0
1.0010536067002125	-0.5321376470477961	0.0
1.0025544366952654	-0.5364149233253814	0.0
1.0040552666903182	-0.5406856383871197	0.0
1.005556096685371	-0.5449497534261891	0.0
1.0070569266804237	-0.5492072229674119	0.0
1.0085577566754764	-0.5534580031601839	0.0
1.0100585866705294	-0.5577020547729146	0.0
1.0115594166655821	-0.5619393361817524	0.0
1.0130602466606349	-0.5661698040608327	0.0
1.0145610766556876	-0.5703934190997666	0.0
1.0160619066507404	-0.5746101370949439	0.0
1.0175627366457933	-0.5788199177969389	0.0
1.019063566640846	-0.5830227158600976	0.0
1.0205643966358988	-0.5872184845453705	0.0
1.0220652266309516	-0.5914071888374428	0.0
1.0235660566260043	-0.5955887870049077	0.0
1.0250668866210573	-0.5997632313582066	0.0
1.02656771661611	-0.6039304797647578	0.0
1.0280685466111628	-0.6080904912563894	0.0
1.0295693766062155	-0.6122432160855759	0.0
1.0310702066012682	-0.6163886132908027	0.0
1.0325710365963212	-0.620526647295906	0.0
1.034071866591374	-0.6246572710042457	0.0
1.035572696586427	-0.6287804391562465	0.0
1.0370735265814794	-0.632896107177466	0.0
1.0385743565765322	-0.6370042269214516	0.0
1.0400751865715852	-0.6411047623561602	0.0
1.041576016566638	-0.6451976724056395	0.0
1.0430768465616909	-0.649282905972099	0.0
1.0445776765567436	-0.6533604229023764	0.0
1.0460785065517963	-0.6574301794418242	0.0
1.047579336546849	-0.6614921290109467	0.0
1.0490801665419018	-0.665546226666356	0.0
1.0505809965369548	-0.6695924275483809	0.0
1.0520818265320075	-0.6736306940098192	0.0
1.0535826565270603	-0.6776609813410303	0.0
1.055083486522113	-0.6816832378071883	0.0
1.0565843165171658	-0.6856974248138821	0.0
1.0580851465122187	-0.689703502379574	0.0
1.0595859765072715	-0.6937014185204741	0.0
1.0610868065023242	-0.6976911298226977	0.0
1.062587636497377	-0.701672595916146	0.0
1.0640884664924297	-0.705645773418526	0.0
1.0655892964874827	-0.7096106157077936	0.0
1.0670901264825354	-0.7135670757381484	0.0
1.0685909564775882	-0.7175151131626785	0.0
1.070091786472641	-0.7214546826091759	0.0
1.0715926164676937	-0.7253857406055838	0.0
1.0730934464627466	-0.7293082482174211	0.0
1.0745942764577994	-0.7332221588000102	0.0
1.0760951064528521	-0.7371274189291916	0.0
1.0775959364479049	-0.7410239867309228	0.0
1.0790967664429576	-0.7449118309145141	0.0
1.0805975964380106	-0.7487909030235672	0.0
1.0820984264330633	-0.7526611537572513	0.0
1.0835992564281163	-0.7565225466913565	0.0
1.0851000864231688	-0.7603750333819107	0.0
1.0866009164182218	-0.7642185657371693	0.0
1.0881017464132745	-0.7680531066027966	0.0
1.0896025764083273	-0.7718786129919427	0.0
1.0911034064033802	-0.7756950416984947	0.0
1.0926042363984327	-0.7795023496426899	0.0
1.0941050663934857	-0.7833004951223086	0.0
1.0956058963885384	-0.7870894316089961	0.0
1.0971067263835912	-0.7908691141009451	0.0
1.0986075563786442	-0.7946395095417885	0.0
1.100108386373697	-0.7984005694475538	0.0
1.1016092163687496	-0.8021522460862427	0.0
1.1031100463638024	-0.805894505077775	0.0
1.1046108763588551	-0.8096273004052594	0.0
1.106111706353908	-0.8133505920733018	0.0
1.1076125363489608	-0.8170643431019969	0.0
1.1091133663440136	-0.820768504143362	0.0
1.1106141963390663	-0.8244630320822479	0.0
1.112115026334119	-0.8281478900308059	0.0
1.113615856329172	-0.8318230389316236	0.0
1.1151166863242248	-0.8354884373057713	0.0
1.1166175163192775	-0.8391440414445022	0.0
1.1181183463143303	-0.8427898109487014	0.0
1.1196191763093832	-0.8464257068442882	0.0
1.121120006304436	-0.8500516866725449	0.0
1.1226208362994887	-0.8536677123031234	0.0
1.1241216662945415	-0.8572737427015752	0.0
1.1256224962895942	-0.8608697370168223	0.0
1.1271233262846472	-0.8644556615809064	0.0
1.1286241562797	-0.8680314739524982	0.0
1.1301249862747527	-0.8715971287337244	0.0
1.1316258162698054	-0.8751525963129292	0.0
1.1331266462648582	-0.8786978384614172	0.0
1.1346274762599111	-0.8822328060238565	0.0
1.1361283062549639	-0.8857574687509935	0.0
1.1376291362500166	-0.8892717935333703	0.0
1.1391299662450696	-0.8927757352652522	0.0
1.140630796240122	-0.8962692564623379	0.0
1.142131626235175	-0.899752324607148	0.0
1.1436324562302278	-0.9032248969196772	0.0
1.1451332862252805	-0.9066869363893854	0.0
1.1466341162203335	-0.9101384168712491	0.0
1.1481349462153863	-0.913579297197791	0.0
1.149635776210439	-0.917009538172223	0.0
1.1511366062054917	-0.9204291042081697	0.0
1.1526374362005447	-0.923837961402156	0.0
1.1541382661955975	-0.9272360814529389	0.0
1.1556390961906502	-0.9306234222365709	0.0
1.157139926185703	-0.9339999455573827	0.0
1.1586407561807557	-0.9373656233654192	0.0
1.1601415861758086	-0.9407204259774471	0.0
1.1616424161708614	-0.9440643153869561	0.0
1.1631432461659141	-0.9473972532929947	0.0
1.1646440761609669	-0.9507192115934594	0.0
1.1661449061560196	-0.9540301606061451	0.0
1.1676457361510726	-0.95733006797919	0.0
1.1691465661461253	-0.9606188961229118	0.0
1.170647396141178	-0.9638966120808677	0.0
1.1721482261362308	-0.9671631925767832	0.0
1.1736490561312836	-0.9704186034129659	0.0
1.1751498861263365	-0.9736628109802351	0.0
1.1766507161213893	-0.9768957895968157	0.0
1.178151546116442	-0.9801175073573722	0.0
1.1796523761114948	-0.9833279299355066	0.0
1.1811532061065475	-0.9865270310463184	0.0
1.1826540361016005	-0.9897147869518195	0.0
1.1841548660966532	-0.9928911666659205	0.0
1.185655696091706	-0.9960561356398887	0.0
1.187156526086759	-0.9992096680054957	0.0
1.1886573560818114	-1.002351742300343	0.0
1.1901581860768644	-1.005482326516101	0.0
1.1916590160719172	-1.0086013924919182	0.0
1.1931598460669701	-1.0117089171601128	0.0
1.1946606760620229	-1.014804871814726	0.0
1.1961615060570754	-1.0178892308059957	0.0
1.1976623360521284	-1.0209619701922685	0.0
1.199163166047181	-1.02402306186353	0.0
1.200663996042234	-1.027072483369496	0.0
1.2021648260372868	-1.030110212184887	0.0
1.2036656560323395	-1.033136219296987	0.0
1.2051664860273923	-1.0361504827673587	0.0
1.206667316022445	-1.0391529830753417	0.0
1.208168146017498	-1.0421436938345543	0.0
1.2096689760125507	-1.0451225895078338	0.0
1.2111698060076035	-1.0480896497766914	0.0
1.2126706360026562	-1.051044852254026	0.0
1.214171465997709	-1.053988177691533	0.0
1.215672295992762	-1.0569196070236901	0.0
1.2171731259878147	-1.059839114074357	0.0
1.2186739559828674	-1.062746678551785	0.0
1.2201747859779202	-1.0656422853044711	0.0
1.221675615972973	-1.0685259128998181	0.0
1.2231764459680259	-1.0713975366506083	0.0
1.2246772759630786	-1.0742571410062836	0.0
1.2261781059581316	-1.0771047123519615	0.0
1.2276789359531841	-1.0799402273407557	0.0
1.2291797659482369	-1.0827636640097502	0.0
1.2306805959432898	-1.0855750102590065	0.0
1.2321814259383426	-1.0883742511241639	0.0
1.2336822559333955	-1.091161364150914	0.0
1.235183085928448	-1.093936335242701	0.0
1.2366839159235008	-1.0966991507512927	0.0
1.2381847459185538	-1.0994497899678712	0.0
1.2396855759136065	-1.102188238376972	0.0
1.2411864059086595	-1.1049144828399353	0.0
1.2426872359037122	-1.107628507912062	0.0
1.2441880658987647	-1.1103303009577963	0.0
1.2456888958938177	-1.1130198469706956	0.0
1.2471897258888704	-1.1156971294497968	0.0
1.2486905558839234	-1.118362140228042	0.0
1.2501913858789762	-1.1210148650876866	0.0
1.251692215874029	-1.1236552887399163	0.0
1.2531930458690816	-1.1262834010182712	0.0
1.2546938758641344	-1.1288991855068078	0.0
1.2561947058591874	-1.1315026343774692	0.0
1.25769553585424	-1.1340937400557756	0.0
1.2591963658492928	-1.1366724883650743	0.0
1.2606971958443456	-1.1392388678682401	0.0
1.2621980258393983	-1.1417928681935152	0.0
1.2636988558344513	-1.1443344795739077	0.0
1.265199685829504	-1.1468636909388605	0.0
1.2667005158245568	-1.1493804957935672	0.0
1.2682013458196095	-1.1518848873779404	0.0
1.2697021758146623	-1.1543768517493054	0.0
1.2712030058097152	-1.156856381615622	0.0
1.272703835804768	-1.1593234747168202	0.0
1.2742046657998207	-1.1617781186023215	0.0
1.2757054957948735	-1.1642203042240533	0.0
1.2772063257899262	-1.166650029714826	0.0
1.2787071557849792	-1.1690672823688253	0.0
1.280207985780032	-1.171472056966337	0.0
1.2817088157750849	-1.1738643545369867	0.0
1.2832096457701374	-1.1762441626460416	0.0
1.2847104757651902	-1.178611475228549	0.0
1.2862113057602431	-1.1809662892578807	0.0
1.2877121357552959	-1.1833085990361634	0.0
1.2892129657503488	-1.1856384023508166	0.0
1.2907137957454016	-1.187955691468816	0.0
1.292214625740454	-1.1902604619918775	0.0
1.293715455735507	-1.1925527113425485	0.0
1.2952162857305598	-1.194832437293426	0.0
1.2967171157256128	-1.197099636909181	0.0
1.2982179457206655	-1.1993543031351042	0.0
1.2997187757157183	-1.2015964353712298	0.0
1.301219605710771	-1.2038260319822447	0.0
1.3027204357058237	-1.2060430889068239	0.0
1.3042212657008767	-1.208247605358387	0.0
1.3057220956959295	-1.2104395771852587	0.0
1.3072229256909822	-1.2126190054178794	0.0
1.308723755686035	-1.2147858917421794	0.0
1.3102245856810877	-1.2169402254891297	0.0
1.3117254156761406	-1.2190820075538713	0.0
1.3132262456711934	-1.2212112488080233	0.0
1.3147270756662461	-1.2233279432083413	0.0
1.3162279056612989	-1.225432084451912	0.0
1.3177287356563516	-1.2275236737409594	0.0
1.3192295656514046	-1.229602714541591	0.0
1.3207303956464573	-1.231669207878526	0.0
1.32223122564151	-1.233723150889122	0.0
1.3237320556365628	-1.2357645472682521	0.0
1.3252328856316156	-1.2377933971597848	0.0
1.3267337156266685	-1.239809698187402	0.0
1.3282345456217213	-1.2418134554681655	0.0
1.3297353756167742	-1.2438046716087732	0.0
1.3312362056118268	-1.2457833424686318	0.0
1.3327370356068795	-1.2477494742217525	0.0
1.3342378656019325	-1.2497030725706106	0.0
1.3357386955969852	-1.2516441322618512	0.0
1.3372395255920382	-1.253572656809781	0.0
1.3387403555870907	-1.2554886516963872	0.0
1.3402411855821437	-1.2573921136284085	0.0
1.3417420155771964	-1.2592830481290456	0.0
1.3432428455722492	-1.2611614643214688	0.0
1.3447436755673021	-1.2630273592261414	0.0
1.3462445055623549	-1.2648807336706023	0.0
1.3477453355574076	-1.2667215951009052	0.0
1.3492461655524604	-1.2685499464195833	0.0
1.350746995547513	-1.2703657855686754	0.0
1.352247825542566	-1.2721691191353304	0.0
1.3537486555376188	-1.2739599561186594	0.0
1.3552494855326715	-1.2757382966692654	0.0
1.3567503155277243	-1.2775041414068269	0.0
1.358251145522777	-1.2792574937014944	0.0
1.35975197551783	-1.2809983627564414	0.0
1.3612528055128827	-1.282726747048855	0.0
1.3627536355079355	-1.2844426491800445	0.0
1.3642544655029882	-1.2861460849465707	0.0
1.365755295498041	-1.287837052499794	0.0
1.367256125493094	-1.2895155483667042	0.0
1.3687569554881467	-1.2911815825218131	0.0
1.3702577854831994	-1.2928351645390683	0.0
1.3717586154782522	-1.294476293514333	0.0
1.3732594454733051	-1.2961049712397072	0.0
1.3747602754683579	-1.2977212065798631	0.0
1.3762611054634106	-1.2993250048153497	0.0
1.3777619354584634	-1.3009163680266336	0.0
1.3792627654535161	-1.3024952972154886	0.0
1.380763595448569	-1.3040617993552066	0.0
1.3822644254436218	-1.305615884989743	0.0
1.3837652554386746	-1.3071575549894945	0.0
1.3852660854337275	-1.3086868112119503	0.0
1.38676691542878	-1.3102036632808143	0.0
1.388267745423833	-1.3117081119900922	0.0
1.3897685754188858	-1.3132001573278167	0.0
1.3912694054139385	-1.3146798116504617	0.0
1.3927702354089915	-1.3161470830007056	0.0
1.3942710654040442	-1.3176019652271063	0.0
1.395771895399097	-1.31904446484842	0.0
1.3972727253941497	-1.32047459780256	0.0
1.3987735553892024	-1.3218923594441754	0.0
1.4002743853842554	-1.3232977450999757	0.0
1.4017752153793082	-1.3246907739141571	0.0
1.403276045374361	-1.3260714525246655	0.0
1.4047768753694136	-1.3274397732416612	0.0
1.4062777053644664	-1.3287957435609623	0.0
1.4077785353595194	-1.3301393714411	0.0
1.409279365354572	-1.3314706600562518	0.0
1.4107801953496248	-1.3327896139838904	0.0
1.4122810253446776	-1.334096235374577	0.0
1.4137818553397306	-1.3353905256174983	0.0
1.4152826853347833	-1.3366724962600198	0.0
1.416783515329836	-1.33794215225149	0.0
1.4182843453248888	-1.3391994892467958	0.0
1.4197851753199415	-1.340444509935169	0.0
1.4212860053149945	-1.341677223302919	0.0
1.4227868353100472	-1.342897636034615	0.0
1.4242876653051	-1.3441057476478913	0.0
1.4257884953001527	-1.3453015644564421	0.0
1.4272893252952055	-1.3464850869541722	0.0
1.4287901552902584	-1.3476563117888318	0.0
1.4302909852853112	-1.3488152526746702	0.0
1.431791815280364	-1.3499619179805094	0.0
1.4332926452754169	-1.351096296253273	0.0
1.4347934752704694	-1.352218390204495	0.0
1.4362943052655224	-1.3533282152706572	0.0
1.4377951352605751	-1.3544257703378197	0.0
1.4392959652556279	-1.3555110531217256	0.0
1.4407967952506808	-1.3565840713212864	0.0
1.4422976252457334	-1.357644825172526	0.0
1.4437984552407863	-1.3586933110241182	0.0
1.445299285235839	-1.359729538639543	0.0
1.446800115230892	-1.360753513073334	0.0
1.4483009452259448	-1.361765230705441	0.0
1.4498017752209975	-1.3627646959890394	0.0
1.4513026052160503	-1.363751909610909	0.0
1.452803435211103	-1.364726869158893	0.0
1.454304265206156	-1.3656895808793115	0.0
1.4558050952012087	-1.3666400484411512	0.0
1.4573059251962615	-1.3675782711391475	0.0
1.4588067551913142	-1.3685042483316827	0.0
1.460307585186367	-1.3694179808968143	0.0
1.46180841518142	-1.3703194725652361	0.0
1.4633092451764727	-1.3712087234408017	0.0
1.4648100751715254	-1.3720857329351912	0.0
1.4663109051665781	-1.3729505033927363	0.0
1.4678117351616309	-1.3738030362231228	0.0
1.4693125651566838	-1.3746433295131175	0.0
1.4708133951517366	-1.3754713822673406	0.0
1.4723142251467893	-1.3762871994500196	0.0
1.473815055141842	-1.3770907800715528	0.0
1.4753158851368948	-1.3778821186937908	0.0
1.4768167151319478	-1.3786612196642067	0.0
1.4783175451270005	-1.3794280816535847	0.0
1.4798183751220533	-1.380182704139469	0.0
1.481319205117106	-1.3809250944811224	0.0
1.4828200351121588	-1.3816552408744511	0.0
1.4843208651072117	-1.3823731379594175	0.0
1.4858216951022645	-1.3830787974684213	0.0
1.4873225250973174	-1.383772214219181	0.0
1.4888233550923702	-1.3844533868672448	0.0
1.4903241850874227	-1.3851223185733945	0.0
1.4918250150824757	-1.3857790005679091	0.0
1.4933258450775284	-1.3864234331742478	0.0
1.4948266750725814	-1.3870556173949007	0.0
1.4963275050676341	-1.3876755518082735	0.0
1.4978283350626869	-1.3882832329897592	0.0
1.4993291650577396	-1.388878655094599	0.0
1.5008299950527924	-1.3894618217015873	0.0
1.5023308250478453	-1.390032728625696	0.0
1.503831655042898	-1.390591372101895	0.0
1.5053324850379508	-1.3911377543814967	0.0
1.5068333150330036	-1.3916718701305293	0.0
1.5083341450280563	-1.3921937160552091	0.0
1.5098349750231093	-1.3927032900537868	0.0
1.511335805018162	-1.3932005876698572	0.0
1.5128366350132147	-1.3936856091301038	0.0
1.5143374650082675	-1.3941583535550208	0.0
1.5158382950033202	-1.394618813539154	0.0
1.5173391249983732	-1.3950669857870852	0.0
1.518839954993426	-1.3955028669381935	0.0
1.5203407849884787	-1.395926455737347	0.0
1.5218416149835314	-1.3963377503876626	0.0
1.5233424449785842	-1.3967367432539135	0.0
1.5248432749736371	-1.397123433088163	0.0
1.5263441049686899	-1.3974978181559488	0.0
1.5278449349637429	-1.397859892492293	0.0
1.5293457649587954	-1.3982096479368398	0.0
1.5308465949538481	-1.3985470840429182	0.0
1.532347424948901	-1.3988722058984464	0.0
1.5338482549439538	-1.399185000444696	0.0
1.5353490849390068	-1.399485458596613	0.0
1.5368499149340595	-1.3997735858787586	0.0
1.538350744929112	-1.400049374850273	0.0
1.539851574924165	-1.4003128189446654	0.0
1.5413524049192178	-1.400563919138036	0.0
1.5428532349142707	-1.400802669632754	0.0
1.5443540649093235	-1.401029061087772	0.0
1.545854894904376	-1.4012430929180597	0.0
1.547355724899429	-1.4014447614551178	0.0
1.5488565548944817	-1.401634061045446	0.0
1.5503573848895347	-1.4018109919880468	0.0
1.5518582148845874	-1.401975542965041	0.0
1.5533590448796402	-1.4021277076783982	0.0
1.5548598748746927	-1.4022674866017633	0.0
1.5563607048697456	-1.4023948784923388	0.0
1.5578615348647986	-1.4025098788526433	0.0
1.5593623648598514	-1.4026124752870217	0.0
1.560863194854904	-1.4027026625734569	0.0
1.5623640248499568	-1.402780440829641	0.0
1.5638648548450098	-1.4028458080845962	0.0
1.5653656848400623	-1.4028987566332667	0.0
1.5668665148351153	-1.4029392793104516	0.0
1.568367344830168	-1.4029673767135316	0.0
1.5698681748252208	-1.402983048603566	0.0
1.5713690048202735	-1.4029862847764254	0.0
1.5728698348153265	-1.4029770682069675	0.0
1.5743706648103795	-1.402955406558613	0.0
1.575871494805432	-1.4029213071836908	0.0
1.5773723248004847	-1.4028747509162347	0.0
1.5788731547955377	-1.4028157281899358	0.0
1.5803739847905902	-1.402744245213617	0.0
1.5818748147856432	-1.4026603011894432	0.0
1.5833756447806961	-1.402563882634372	0.0
1.584876474775749	-1.4024549882727997	0.0
1.5863773047708014	-1.4023336171105791	0.0
1.5878781347658544	-1.4021997592940394	0.0
1.5893789647609073	-1.4020534151741202	0.0
1.5908797947559599	-1.401894580928381	0.0
1.5923806247510128	-1.4017232494132181	0.0
1.5938814547460656	-1.4015394210831247	0.0
1.595382284741118	-1.4013430930875024	0.0
1.596883114736171	-1.401134258853669	0.0
1.598383944731224	-1.400912916147379	0.0
1.5998847747262768	-1.4006790600018755	0.0
1.6013856047213293	-1.4004326830894307	0.0
1.6028864347163823	-1.4001737893022557	0.0
1.6043872647114352	-1.3999023792265468	0.0
1.6058880947064877	-1.3996184436753496	0.0
1.6073889247015407	-1.3993219795490908	0.0
1.6088897546965935	-1.3990129797946673	0.0
1.6103905846916464	-1.3986914466169729	0.0
1.611891414686699	-1.3983573871186512	0.0
1.613392244681752	-1.398010792231027	0.0
1.6148930746768049	-1.3976516513179735	0.0
1.6163939046718574	-1.3972799658427926	0.0
1.6178947346669101	-1.3968957400792732	0.0
1.619395564661963	-1.3964989681138775	0.0
1.6208963946570156	-1.3960896506548337	0.0
1.6223972246520686	-1.3956677883554927	0.0
1.6238980546471213	-1.395233375901694	0.0
1.6253988846421743	-1.3947864084948545	0.0
1.6268997146372268	-1.3943268884217521	0.0
1.6284005446322798	-1.393854817478169	0.0
1.6299013746273328	-1.3933701963423641	0.0
1.6314022046223853	-1.3928730243552634	0.0
1.632903034617438	-1.392363291709905	0.0
1.634403864612491	-1.3918410070303895	0.0
1.6359046946075435	-1.391306174614699	0.0
1.6374055246025965	-1.3907587840490365	0.0
1.6389063545976494	-1.390198837922172	0.0
1.6404071845927022	-1.3896263463192746	0.0
1.6419080145877547	-1.3890413054326296	0.0
1.6434088445828077	-1.3884437092324848	0.0
1.6449096745778606	-1.3878335651304077	0.0
1.6464105045729132	-1.387210872848619	0.0
1.6479113345679661	-1.3865756328871492	0.0
1.6494121645630189	-1.385927853869786	0.0
1.6509129945580718	-1.3852675390777818	0.0
1.6524138245531244	-1.3845946823977002	0.0
1.6539146545481773	-1.3839092842557856	0.0
1.65541548454323	-1.383211356018876	0.0
1.6569163145382828	-1.3825009005888125	0.0
1.6584171445333356	-1.3817779178260838	0.0
1.6599179745283885	-1.3810424108852548	0.0
1.661418804523441	-1.3802943811769697	0.0
1.662919634518494	-1.3795338367858467	0.0
1.6644204645135467	-1.3787607842042953	0.0
1.6659212945085997	-1.3779752229247526	0.0
1.6674221245036522	-1.3771771617807613	0.0
1.6689229544987052	-1.3763666057394848	0.0
1.6704237844937582	-1.3755435581091697	0.0
1.6719246144888107	-1.3747080253959802	0.0
1.6734254444838634	-1.3738600104915384	0.0
1.6749262744789164	-1.372999522865289	0.0
1.676427104473969	-1.372126568055496	0.0
1.6779279344690219	-1.3712411508871136	0.0
1.6794287644640746	-1.3703432780859932	0.0
1.6809295944591276	-1.3694329605971383	0.0
1.6824304244541801	-1.3685102045544921	0.0
1.683931254449233	-1.3675750132296498	0.0
1.685432084444286	-1.3666274040998128	0.0
1.6869329144393386	-1.3656673820489955	0.0
1.6884337444343913	-1.3646949507554198	0.0
1.6899345744294443	-1.363710117535956	0.0
1.6914354044244972	-1.362712893964052	0.0
1.6929362344195498	-1.3617032976459138	0.0
1.6944370644146027	-1.3606813252368262	0.0
1.6959378944096555	-1.359646989815969	0.0
1.697438724404708	-1.3586003149120984	0.0
1.698939554399761	-1.3575413004098837	0.0
1.700440384394814	-1.3564699531968718	0.0
1.7019412143898665	-1.3553862890875719	0.0
1.7034420443849194	-1.3542903188395636	0.0
1.7049428743799722	-1.353182055758118	0.0
1.7064437043750251	-1.3520615088221768	0.0
1.7079445343700776	-1.3509286937637717	0.0
1.7094453643651306	-1.3497836246414492	0.0
1.7109461943601834	-1.3486263052534908	0.0
1.712447024355236	-1.3474567550901655	0.0
1.7139478543502888	-1.3462749874144224	0.0
1.7154486843453418	-1.3450810178398762	0.0
1.7169495143403943	-1.343874863383692	0.0
1.7184503443354473	-1.3426565288155174	0.0
1.7199511743305	-1.3414260311803365	0.0
1.721452004325553	-1.340183386775535	0.0
1.7229528343206055	-1.3389286115964627	0.0
1.7244536643156585	-1.3376617240613116	0.0
1.7259544943107115	-1.3363827377181867	0.0
1.727455324305764	-1.335091668455286	0.0
1.7289561543008167	-1.333788527392739	0.0
1.7304569842958697	-1.332473337198945	0.0
1.7319578142909227	-1.331146119819425	0.0
1.7334586442859752	-1.3298068825052431	0.0
1.7349594742810281	-1.3284556483983716	0.0
1.736460304276081	-1.3270924328748641	0.0
1.7379611342711334	-1.3257172478469215	0.0
1.7394619642661864	-1.3243301260147249	0.0
1.7409627942612393	-1.3229310843576552	0.0
1.7424636242562919	-1.3215201324164698	0.0
1.7439644542513446	-1.3200972917516616	0.0
1.7454652842463976	-1.3186625861244066	0.0
1.7469661142414505	-1.3172160347211914	0.0
1.748466944236503	-1.315757651527022	0.0
1.749967774231556	-1.3142874598918564	0.0
1.7514686042266088	-1.3128054852623348	0.0
1.7529694342216613	-1.3113117506366074	0.0
1.7544702642167143	-1.3098062717110996	0.0
1.7559710942117672	-1.3082890669370093	0.0
1.75747192420682	-1.3067601617978195	0.0
1.7589727542018727	-1.3052195810110887	0.0
1.7604735841969255	-1.3036673486780326	0.0
1.7619744141919784	-1.3021034792775865	0.0
1.763475244187031	-1.3005279996262604	0.0
1.764976074182084	-1.2989409342410427	0.0
1.7664769041771367	-1.2973423012993661	0.0
1.7679777341721894	-1.295732134278531	0.0
1.7694785641672421	-1.2941104528894543	0.0
1.770979394162295	-1.2924772744515678	0.0
1.772480224157348	-1.2908326330061144	0.0
1.7739810541524006	-1.2891765511248316	0.0
1.7754818841474533	-1.287509048450735	0.0
1.7769827141425063	-1.285830154268349	0.0
1.7784835441375588	-1.284139892115049	0.0
1.7799843741326118	-1.2824382915379327	0.0
1.7814852041276648	-1.2807253793960882	0.0
1.7829860341227173	-1.2790011748223726	0.0
1.78448686411777	-1.2772657086078691	0.0
1.785987694112823	-1.275519009451858	0.0
1.787488524107876	-1.273761097457383	0.0
1.7889893541029285	-1.2719920033554004	0.0
1.7904901840979814	-1.2702117623206384	0.0
1.7919910140930342	-1.2684203938018612	0.0
1.7934918440880867	-1.266617922150738	0.0
1.7949926740831397	-1.2648043791863737	0.0
1.7964935040781926	-1.2629797927126294	0.0
1.7979943340732454	-1.2611441958476268	0.0
1.7994951640682981	-1.2592976119306103	0.0
1.8009959940633509	-1.2574400634570981	0.0
1.8024968240584038	-1.2555715936934524	0.0
1.8039976540534564	-1.2536922330267395	0.0
1.8054984840485093	-1.2518019971671777	0.0
1.806999314043562	-1.2499009203577263	0.0
1.8085001440386146	-1.2479890311750979	0.0
1.8100009740336676	-1.246066358704609	0.0
1.8115018040287205	-1.2441329487945771	0.0
1.8130026340237735	-1.242188819266953	0.0
1.814503464018826	-1.2402339842056191	0.0
1.8160042940138788	-1.238268493561236	0.0
1.8175051240089317	-1.2362923848747633	0.0
1.8190059540039842	-1.2343056759102076	0.0
1.8205067839990372	-1.2323083965088202	0.0
1.82200761399409	-1.2303005849062556	0.0
1.8235084439891427	-1.2282822745740192	0.0
1.8250092739841954	-1.2262534938019773	0.0
1.8265101039792484	-1.2242142717130238	0.0
1.8280109339743014	-1.2221646317706816	0.0
1.8295117639693539	-1.2201046119765242	0.0
1.8310125939644066	-1.2180342633068488	0.0
1.8325134239594596	-1.2159536026804116	0.0
1.8340142539545121	-1.2138626487679367	0.0
1.835515083949565	-1.2117614513079227	0.0
1.837015913944618	-1.2096500442469873	0.0
1.8385167439396708	-1.2075284536767543	0.0
1.8400175739347233	-1.205396710194261	0.0
1.8415184039297763	-1.203254849938407	0.0
1.8430192339248292	-1.201102913741205	0.0
1.8445200639198818	-1.1989409205872263	0.0
1.8460208939149347	-1.1967689054930966	0.0
1.8475217239099875	-1.1945869150237993	0.0
1.84902255390504	-1.1923949737160024	0.0
1.850523383900093	-1.1901931104488663	0.0
1.852024213895146	-1.1879813599240983	0.0
1.8535250438901987	-1.185759761065226	0.0
1.8550258738852514	-1.1835283461262462	0.0
1.8565267038803042	-1.1812871448331934	0.0
1.8580275338753571	-1.1790361983710747	0.0
1.8595283638704097	-1.1767755384005214	0.0
1.8610291938654626	-1.1745051930722337	0.0
1.8625300238605154	-1.1722252005950384	0.0
1.864030853855568	-1.1699355935387192	0.0
1.8655316838506208	-1.1676364018540901	0.0
1.8670325138456738	-1.1653276646050124	0.0
1.8685333438407268	-1.1630094205555963	0.0
1.8700341738357793	-1.1606816995335347	0.0
1.871535003830832	-1.1583445282843037	0.0
1.873035833825885	-1.155997946589828	0.0
1.8745366638209375	-1.1536419984099977	0.0
1.8760374938159905	-1.1512767053174593	0.0
1.8775383238110435	-1.148902099213946	0.0
1.8790391538060962	-1.1465182228982973	0.0
1.8805399838011487	-1.1441251065570777	0.0
1.8820408137962017	-1.141722793555924	0.0
1.8835416437912547	-1.139311311015522	0.0
1.8850424737863072	-1.1368906779328771	0.0
1.88654330378136	-1.1344609431839479	0.0
1.888044133776413	-1.1320221508997568	0.0
1.8895449637714654	-1.12957433000587	0.0
1.8910457937665184	-1.12711750408126	0.0
1.8925466237615713	-1.1246517061705974	0.0
1.894047453756624	-1.12217698035021	0.0
1.8955482837516766	-1.1196933610034172	0.0
1.8970491137467296	-1.1172008783419307	0.0
1.8985499437417825	-1.1146995664531953	0.0
1.900050773736835	-1.1121894609232847	0.0
1.901551603731888	-1.109670590779317	0.0
1.9030524337269408	-1.107142991268554	0.0
1.9045532637219937	-1.1046067050546085	0.0
1.9060540937170463	-1.1020617620718345	0.0
1.9075549237120992	-1.099508186315779	0.0
1.909055753707152	-1.0969460167918195	0.0
1.9105565837022047	-1.094375296820611	0.0
1.9120574136972575	-1.091796053559622	0.0
1.9135582436923104	-1.0892083158465025	0.0
1.915059073687363	-1.0866121193384741	0.0
1.916559903682416	-1.0840074998962157	0.0
1.9180607336774687	-1.081394497219878	0.0
1.9195615636725216	-1.0787731383260504	0.0
1.9210623936675741	-1.0761434450527383	0.0
1.922563223662627	-1.0735054655188705	0.0
1.92406405365768	-1.0708592362468015	0.0
1.9255648836527326	-1.0682047749917456	0.0
1.9270657136477853	-1.0655421221573955	0.0
1.9285665436428383	-1.0628713132198202	0.0
1.9300673736378908	-1.0601923770279464	0.0
1.9315682036329438	-1.0575053519585893	0.0
1.9330690336279968	-1.0548102688512384	0.0
1.9345698636230495	-1.052107155580385	0.0
1.936070693618102	-1.049396046987976	0.0
1.937571523613155	-1.0466769803373364	0.0
1.939072353608208	-1.0439499841501008	0.0
1.9405731836032605	-1.041215082556763	0.0
1.9420740135983134	-1.0384723123511777	0.0
1.9435748435933662	-1.0357217155242227	0.0
1.9450756735884192	-1.0329633179596083	0.0
1.9465765035834717	-1.0301971475110858	0.0
1.9480773335785246	-1.0274232418401184	0.0
1.9495781635735774	-1.0246416290832134	0.0
1.95107899356863	-1.0218523439329903	0.0
1.9525798235636829	-1.0190554149593585	0.0
1.9540806535587358	-1.016250865189372	0.0
1.9555814835537884	-1.0134387391673811	0.0
1.9570823135488413	-1.0106190698091289	0.0
1.958583143543894	-1.0077918798194492	0.0
1.960083973538947	-1.0049572016917174	0.0
1.9615848035339996	-1.0021150632300357	0.0
1.9630856335290525	-0.9992654995516426	0.0
1.9645864635241053	-0.9964085477888824	0.0
1.966087293519158	-0.9935442276209765	0.0
1.9675881235142108	-0.9906725677548858	0.0
1.9690889535092637	-0.9877936101892784	0.0
1.9705897835043162	-0.9849073781282709	0.0
1.9720906134993692	-0.9820138993325433	0.0
1.973591443494422	-0.979113212465685	0.0
1.975092273489475	-0.976205343251519	0.0
1.9765931034845274	-0.9732903199141945	0.0
1.9780939334795804	-0.9703681672394124	0.0
1.9795947634746334	-0.9674389153114165	0.0
1.981095593469686	-0.9645026076706489	0.0
1.9825964234647386	-0.9615592693138115	0.0
1.9840972534597916	-0.9586089189917661	0.0
1.9855980834548446	-0.9556515925357647	0.0
1.987098913449897	-0.9526873189653222	0.0
1.98859974344495	-0.9497161210308322	0.0
1.9901005734400028	-0.9467380362355882	0.0
1.9916014034350553	-0.9437530931407527	0.0
1.9931022334301083	-0.9407613200282345	0.0
1.9946030634251612	-0.9377627441987821	0.0
1.9961038934202138	-0.9347573873761486	0.0
1.9976047234152667	-0.9317452861129725	0.0
1.9991055534103195	-0.9287264651383247	0.0
2.0006063834053722	-0.9257009534878582	0.0
2.002107213400425	-0.9226687882993327	0.0
2.0036080433954777	-0.9196299863365043	0.0
2.005108873390531	-0.9165845723550332	0.0
2.006609703385583	-0.9135325809140904	0.0
2.0081105333806364	-0.9104740415039512	0.0
2.009611363375689	-0.90740898649409	0.0
2.011112193370742	-0.9043374355212961	0.0
2.0126130233657946	-0.9012594126916302	0.0
2.0141138533608474	-0.8981749530991439	0.0
2.0156146833559005	-0.8950840766785548	0.0
2.017115513350953	-0.8919868116175855	0.0
2.0186163433460056	-0.8888831959960064	0.0
2.020117173341059	-0.8857732532772224	0.0
2.021618003336111	-0.8826570048770792	0.0
2.0231188333311643	-0.8795344802435063	0.0
2.024619663326217	-0.8764057027848906	0.0
2.0261204933212698	-0.8732707005904978	0.0
2.0276213233163225	-0.8701295115936878	0.0
2.0291221533113752	-0.8669821527790644	0.0
2.0306229833064284	-0.8638286455908659	0.0
2.0321238133014807	-0.860669028477052	0.0
2.0336246432965335	-0.8575033219808557	0.0
2.0351254732915867	-0.8543315478648577	0.0
2.036626303286639	-0.8511537416797126	0.0
2.038127133281692	-0.8479699297095593	0.0
2.039627963276745	-0.8447801338023817	0.0
2.0411287932717976	-0.8415843815852206	0.0
2.0426296232668504	-0.8383826994405479	0.0
2.044130453261903	-0.835175112223012	0.0
2.0456312832569563	-0.8319616467958808	0.0
2.0471321132520086	-0.8287423313165581	0.0
2.048632943247062	-0.825517194176826	0.0
2.0501337732421145	-0.8222862618095697	0.0
2.0516346032371673	-0.8190495508765743	0.0
2.05313543323222	-0.8158070900418004	0.0
2.0546362632272728	-0.8125589124917723	0.0
2.0561370932223255	-0.8093050373292052	0.0
2.0576379232173783	-0.8060454990352941	0.0
2.059138753212431	-0.8027803247229983	0.0
2.060639583207484	-0.7995095290356478	0.0
2.0621404132025365	-0.7962331426480052	0.0
2.0636412431975897	-0.7929511936844209	0.0
2.0651420731926424	-0.7896637003132123	0.0
2.066642903187695	-0.7863706983235013	0.0
2.068143733182748	-0.7830722198449882	0.0
2.0696445631778007	-0.7797682747165777	0.0
2.071145393172854	-0.7764588939835735	0.0
2.072646223167906	-0.7731441128067793	0.0
2.074147053162959	-0.7698239495886452	0.0
2.075647883158012	-0.7664984273644309	0.0
2.0771487131530644	-0.7631675768209691	0.0
2.0786495431481176	-0.7598314234568981	0.0
2.0801503731431703	-0.7564899966392995	0.0
2.081651203138223	-0.7531433208548737	0.0
2.083152033133276	-0.7497914136395867	0.0
2.0846528631283285	-0.7464343141535787	0.0
2.0861536931233817	-0.7430720441691738	0.0
2.087654523118434	-0.7397046194931871	0.0
2.089155353113487	-0.7363320839390097	0.0
2.09065618310854	-0.7329544655211719	0.0
2.0921570131035927	-0.7295717765167704	0.0
2.0936578430986454	-0.726184045835512	0.0
2.095158673093698	-0.7227913017560783	0.0
2.096659503088751	-0.7193935701023288	0.0
2.0981603330838037	-0.7159908849263572	0.0
2.0996611630788564	-0.7125832658477953	0.0
2.1011619930739096	-0.7091707373007707	0.0
2.102662823068962	-0.7057533342018389	0.0
2.104163653064015	-0.7023310827025435	0.0
2.105664483059068	-0.698904006374838	0.0
2.1071653130541206	-0.6954721282316387	0.0
2.1086661430491733	-0.692035482531175	0.0
2.110166973044226	-0.6885941006677776	0.0
2.111667803039279	-0.6851479990713711	0.0
2.1131686330343316	-0.6816972017441452	0.0
2.1146694630293843	-0.6782417512517633	0.0
2.1161702930244375	-0.6747816764143573	0.0
2.11767112301949	-0.6713169895090234	0.0
2.119171953014543	-0.6678477245544032	0.0
2.1206727830095957	-0.6643739160669537	0.0
2.1221736130046485	-0.6608955831034318	0.0
2.123674442999701	-0.6574127595113759	0.0
2.125175272994754	-0.6539254780948223	0.0
2.126676102989807	-0.6504337564311107	0.0
2.1281769329848594	-0.6469376229071928	0.0
2.129677762979912	-0.6434371103856236	0.0
2.1311785929749654	-0.6399322515710943	0.0
2.132679422970018	-0.636423073280248	0.0
2.134180252965071	-0.6329096003966423	0.0
2.1356810829601236	-0.6293918667384613	0.0
2.1371819129551763	-0.6258699030686898	0.0
2.138682742950229	-0.622343737649167	0.0
2.140183572945282	-0.6188133880335485	0.0
2.141684402940335	-0.6152788900855124	0.0
2.1431852329353873	-0.6117402834505496	0.0
2.1446860629304405	-0.6081975890675806	0.0
2.1461868929254933	-0.604650846295145	0.0
2.147687722920546	-0.6011000739606127	0.0
2.1491885529155987	-0.5975452974683566	0.0
2.1506893829106515	-0.5939865647441884	0.0
2.1521902129057042	-0.5904238988932231	0.0
2.153691042900757	-0.5868573264540056	0.0
2.1551918728958097	-0.5832868777799993	0.0
2.156692702890863	-0.5797125897129753	0.0
2.158193532885915	-0.5761344952073282	0.0
2.1596943628809684	-0.5725526155911498	0.0
2.161195192876021	-0.5689669929114032	0.0
2.162696022871074	-0.5653776537555477	0.0
2.1641968528661266	-0.5617846196508682	0.0
2.1656976828611794	-0.5581879401242327	0.0
2.1671985128562326	-0.5545876445959868	0.0
2.168699342851285	-0.5509837550711081	0.0
2.1702001728463376	-0.547376306692011	0.0
2.171701002841391	-0.5437653370793061	0.0
2.1732018328364435	-0.5401508817967291	0.0
2.1747026628314963	-0.5365329604511273	0.0
2.176203492826549	-0.5329116140156391	0.0
2.1777043228216018	-0.5292868821933832	0.0
2.1792051528166545	-0.525658786609402	0.0
2.1807059828117072	-0.5220273625026215	0.0
2.1822068128067604	-0.5183926472779647	0.0
2.1837076428018127	-0.5147546771541234	0.0
2.1852084727968655	-0.5111134820615748	0.0
2.1867093027919187	-0.5074690977053469	0.0
2.1882101327869714	-0.5038215588364703	0.0
2.189710962782024	-0.5001708953082502	0.0
2.191211792777077	-0.49651714612286546	0.0
2.1927126227721296	-0.4928603418716404	0.0
2.1942134527671824	-0.4892005159106103	0.0
2.195714282762235	-0.4855377173473685	0.0
2.1972151127572883	-0.4818719760702612	0.0
2.198715942752341	-0.4782033131721066	0.0
2.200216772747394	-0.47453177403451274	0.0
2.2017176027424465	-0.47085740061472503	0.0
2.2032184327374993	-0.4671802169910355	0.0
2.204719262732552	-0.4635002656138325	0.0
2.2062200927276048	-0.4598175907809352	0.0
2.2077209227226575	-0.45613221311771235	0.0
2.2092217527177103	-0.45244417137304627	0.0
2.210722582712763	-0.4487535130661364	0.0
2.212223412707816	-0.4450602713324956	0.0
2.213724242702869	-0.4413644825438878	0.0
2.2152250726979217	-0.4376661761417593	0.0
2.2167259026929744	-0.4339653877349534	0.0
2.218226732688027	-0.430262166911199	0.0
2.21972756268308	-0.42655655897502953	0.0
2.2212283926781327	-0.4228485893102203	0.0
2.222729222673186	-0.41913828516450424	0.0
2.224230052668238	-0.41542569527793494	0.0
2.225730882663291	-0.41171085863323986	0.0
2.227231712658344	-0.40799381469472884	0.0
2.228732542653397	-0.40427460637718693	0.0
2.2302333726484496	-0.40055326535706137	0.0
2.2317342026435023	-0.39682982196630845	0.0
2.233235032638555	-0.39310432654587646	0.0
2.234735862633608	-0.38937682340826396	0.0
2.2362366926286605	-0.3856473385022152	0.0
2.2377375226237137	-0.38191591987782547	0.0
2.2392383526187665	-0.37818261030594136	0.0
2.2407391826138188	-0.37444743278644954	0.0
2.242240012608872	-0.3707104364720546	0.0
2.2437408426039247	-0.36697167134548825	0.0
2.2452416725989774	-0.3632311601118623	0.0
2.24674250259403	-0.35948895300665673	0.0
2.248243332589083	-0.3557450976549934	0.0
2.2497441625841357	-0.35199961474679764	0.0
2.2512449925791884	-0.34825255468080885	0.0
2.2527458225742416	-0.3445039681508155	0.0
2.2542466525692944	-0.34075387834601445	0.0
2.255747482564347	-0.3370023332945258	0.0
2.2572483125594	-0.33324938406471705	0.0
2.2587491425544526	-0.32949505435324644	0.0
2.2602499725495053	-0.3257393941224076	0.0
2.261750802544558	-0.32198244959486266	0.0
2.263251632539611	-0.318224252138124	0.0
2.2647524625346636	-0.3144648455941603	0.0
2.2662532925297163	-0.3107042690890769	0.0
2.2677541225247695	-0.3069425734329514	0.0
2.2692549525198222	-0.3031798030424093	0.0
2.270755782514875	-0.29941598524399304	0.0
2.2722566125099277	-0.29565116252023516	0.0
2.2737574425049805	-0.29188538578085055	0.0
2.275258272500033	-0.28811870335815803	0.0
2.276759102495086	-0.2843511465768773	0.0
2.278259932490139	-0.28058274843345865	0.0
2.279760762485192	-0.27681356895414067	0.0
2.281261592480244	-0.27304364706366857	0.0
2.2827624224752974	-0.26927301667704917	0.0
2.28426325247035	-0.26550172857037424	0.0
2.285764082465403	-0.26172981830522346	0.0
2.2872649124604556	-0.25795732883882994	0.0
2.2887657424555083	-0.25418431230981886	0.0
2.290266572450561	-0.2504108074014131	0.0
2.291767402445614	-0.2466368521307687	0.0
2.293268232440667	-0.24286249166022778	0.0
2.2947690624357198	-0.23908776560444478	0.0
2.2962698924307725	-0.23531271978465362	0.0
2.2977707224258253	-0.23153740278984491	0.0
2.299271552420878	-0.22776184860139836	0.0
2.3007723824159307	-0.2239860997207308	0.0
2.3022732124109835	-0.22021020322517493	0.0
2.3037740424060362	-0.21643420511097267	0.0
2.3052748724010894	-0.21265814521560267	0.0
2.3067757023961417	-0.20888206109807417	0.0
2.308276532391195	-0.20510600340359653	0.0
2.3097773623862476	-0.20133001799543493	0.0
2.3112781923813004	-0.1975541366012008	0.0
2.312779022376353	-0.19377840086460263	0.0
2.314279852371406	-0.19000286787702092	0.0
2.3157806823664586	-0.18622757611799035	0.0
2.3172815123615114	-0.18245256069654348	0.0
2.318782342356564	-0.17867787316413075	0.0
2.3202831723516173	-0.17490355074502872	0.0
2.3217840023466696	-0.17112963171325712	0.0
2.323284832341723	-0.16735617218651955	0.0
2.3247856623367755	-0.16358321503634055	0.0
2.3262864923318283	-0.15981079174753088	0.0
2.327787322326881	-0.15603893993904294	0.0
2.3292881523219338	-0.15226771423089702	0.0
2.3307889823169865	-0.14849716509835975	0.0
2.3322898123120392	-0.14472732506990238	0.0
2.3337906423070924	-0.14095823133708807	0.0
2.335291472302145	-0.13718992890789683	0.0
2.3367923022971975	-0.13342246483866527	0.0
2.3382931322922507	-0.12965588315626642	0.0
2.3397939622873034	-0.12589022672988803	0.0
2.341294792282356	-0.12212552959299483	0.0
2.342795622277409	-0.11836183510495468	0.0
2.3442964522724616	-0.11459919330061052	0.0
2.345797282267515	-0.11083763851199646	0.0
2.347298112262567	-0.10707721765868494	0.0
2.3487989422576203	-0.10331796991503905	0.0
2.350299772252673	-0.09955993701028487	0.0
2.351800602247726	-0.09580316564231506	0.0
2.3533014322427785	-0.0920476863069919	0.0
2.3548022622378313	-0.08829354863681793	0.0
2.356303092232884	-0.08454079871451481	0.0
2.3578039222279368	-0.08078947601590492	0.0
2.3593047522229895	-0.07703961432042616	0.0
2.3608055822180427	-0.07329124677411403	0.0
2.362306412213095	-0.06954443313265957	0.0
2.363807242208148	-0.06579921452549398	0.0
2.365308072203201	-0.062055615241124906	0.0
2.3668089021982537	-0.058313686863724845	0.0
2.3683097321933064	-0.05457347240204302	0.0
2.369810562188359	-0.05083500463688928	0.0
2.371311392183412	-0.04709832769583122	0.0
2.3728122221784647	-0.04336347967756571	0.0
2.374313052173518	-0.039630498996529484	0.0
2.3758138821685706	-0.03589942822595016	0.0
2.377314712163623	-0.032170315291779605	0.0
2.378815542158676	-0.02844319246203919	0.0
2.380316372153729	-0.02471808853194557	0.0
2.3818172021487816	-0.020995054477253694	0.0
2.3833180321438343	-0.017274135370671795	0.0
2.384818862138887	-0.013555359820392576	0.0
2.3863196921339402	-0.009838763442290732	0.0
2.3878205221289925	-0.006124394267935429	0.0
2.3893213521240457	-0.0024122903784278282	0.0
2.3908221821190985	0.0012975147368758932	0.0
2.3923230121141508	0.0050049795515829665	0.0
2.393823842109204	0.008710068994699283	0.0
2.3953246721042567	0.012412745580087092	0.0
2.3968255020993094	0.016112966869571643	0.0
2.398326332094362	0.019810699053443237	0.0
2.399827162089415	0.023505904962497715	0.0
2.401327992084468	0.027198546312216187	0.0
2.4028288220795204	0.030888585182885286	0.0
2.4043296520745736	0.034575986276021986	0.0
2.4058304820696264	0.038260709818410454	0.0
2.407331312064679	0.04194271684982742	0.0
2.408832142059732	0.04562198382625571	0.0
2.4103329720547846	0.04929846941335425	0.0
2.4118338020498373	0.05297212844894594	0.0
2.41333463204489	0.056642936391705145	0.0
2.414835462039943	0.06031085677992065	0.0
2.416336292034996	0.0639758403458901	0.0
2.4178371220300483	0.06763785615557727	0.0
2.4193379520251015	0.07129688714951188	0.0
2.4208387820201542	0.07495289492783508	0.0
2.422339612015207	0.07860583170434166	0.0
2.4238404420102597	0.08225566434846998	0.0
2.4253412720053125	0.08590236006871965	0.0
2.4268421020003657	0.08954588455353196	0.0
2.428342931995418	0.09318620875008343	0.0
2.429843761990471	0.0968233001296328	0.0
2.431344591985524	0.10045712261525042	0.0
2.432845421980576	0.10408764467900833	0.0
2.4343462519756294	0.1077148311371382	0.0
2.435847081970682	0.11133864447014774	0.0
2.437347911965735	0.11495905672767903	0.0
2.4388487419607876	0.11857603784884918	0.0
2.4403495719558403	0.12218955200417059	0.0
2.4418504019508935	0.1257995681081031	0.0
2.443351231945946	0.1294060597468193	0.0
2.444852061940999	0.13300899104643948	0.0
2.4463528919360518	0.1366083257683669	0.0
2.447853721931104	0.14020403830248052	0.0
2.4493545519261573	0.14379609477895994	0.0
2.45085538192121	0.1473844648622643	0.0
2.452356211916263	0.15096912361369375	0.0
2.4538570419113155	0.15455003811106838	0.0
2.4553578719063682	0.15812717414159272	0.0
2.4568587019014214	0.1617005015513221	0.0
2.4583595318964737	0.16526999322414182	0.0
2.459860361891527	0.16883561543545378	0.0
2.4613611918865796	0.17239734501858373	0.0
2.4628620218816324	0.17595515563973307	0.0
2.464362851876685	0.17950900825013638	0.0
2.465863681871738	0.18305888158519634	0.0
2.467364511866791	0.18660474596938603	0.0
2.4688653418618434	0.19014656727334556	0.0
2.470366171856896	0.19368432267589497	0.0
2.4718670018519493	0.19721798422812886	0.0
2.4733678318470016	0.2007475236360624	0.0
2.474868661842055	0.20427291176971307	0.0
2.4763694918371075	0.2077941184062374	0.0
2.4778703218321603	0.2113111222125904	0.0
2.479371151827213	0.21482389705749272	0.0
2.4808719818222658	0.21833240989399294	0.0
2.482372811817319	0.22183663703881829	0.0
2.4838736418123712	0.22533655143314724	0.0
2.4853744718074244	0.2288321300008378	0.0
2.486875301802477	0.23232334594895354	0.0
2.4883761317975295	0.23581015796312454	0.0
2.4898769617925827	0.23929255427343799	0.0
2.4913777917876354	0.2427705219496208	0.0
2.492878621782688	0.246244020952476	0.0
2.494379451777741	0.24971302385005612	0.0
2.4958802817727936	0.2531775057894091	0.0
2.497381111767847	0.2566374416889696	0.0
2.498881941762899	0.26009281243855653	0.0
2.5003827717579523	0.2635435981858635	0.0
2.501883601753005	0.26698976620094617	0.0
2.503384431748058	0.2704312831387444	0.0
2.5048852617431105	0.27386813503991125	0.0
2.5063860917381633	0.2773003069519143	0.0
2.5078869217332165	0.28072776798430477	0.0
2.509387751728269	0.28415048884500627	0.0
2.5108885817233215	0.28756844642621593	0.0
2.5123894117183747	0.29098161783005994	0.0
2.513890241713427	0.2943899889591386	0.0
2.51539107170848	0.297793532745407	0.0
2.516891901703533	0.3011922171244271	0.0
2.5183927316985857	0.30458602475287055	0.0
2.5198935616936384	0.3079749383348732	0.0
2.521394391688691	0.3113589340933077	0.0
2.5228952216837444	0.31473797986180796	0.0
2.5243960516787967	0.3181120577472517	0.0
2.5258968816738494	0.32148115973286917	0.0
2.5273977116689026	0.32484525156391564	0.0
2.528898541663955	0.32820429931632233	0.0
2.530399371659008	0.33155829479465593	0.0
2.531900201654061	0.3349072224122248	0.0
2.5334010316491136	0.338251051491829	0.0
2.5349018616441663	0.34158975866941366	0.0
2.536402691639219	0.3449233316914788	0.0
2.5379035216342722	0.3482517469660241	0.0
2.5394043516293245	0.35157497332288024	0.0
2.5409051816243777	0.35489299170668037	0.0
2.5424060116194305	0.35820578788409757	0.0
2.5439068416144828	0.36151334690099896	0.0
2.545407671609536	0.3648156388525103	0.0
2.5469085016045887	0.3681126316877238	0.0
2.5484093315996414	0.3714043227317999	0.0
2.549910161594694	0.3746906967805409	0.0
2.551410991589747	0.3779717131519187	0.0
2.5529118215848	0.3812473581433585	0.0
2.5544126515798524	0.3845176179745847	0.0
2.5559134815749056	0.3877824659377071	0.0
2.5574143115699584	0.3910418859222119	0.0
2.558915141565011	0.3942958506315215	0.0
2.560415971560064	0.3975443437404096	0.0
2.5619168015551166	0.4007873551407378	0.0
2.5634176315501698	0.40402485405661914	0.0
2.564918461545222	0.40725682250117295	0.0
2.566419291540275	0.4104832415024855	0.0
2.567920121535328	0.4137040836878253	0.0
2.5694209515303803	0.41691933705509676	0.0
2.5709217815254335	0.42012898226532386	0.0
2.5724226115204862	0.42333299825139536	0.0
2.573923441515539	0.4265313670011683	0.0
2.5754242715105917	0.42972406471224417	0.0
2.5769251015056445	0.43291107138076146	0.0
2.5784259315006977	0.43609236634293286	0.0
2.57992676149575	0.4392679350666714	0.0
2.581427591490803	0.44243775983818645	0.0
2.582928421485856	0.445601817989828	0.0
2.584429251480908	0.44876009050302573	0.0
2.5859300814759614	0.4519125507479167	0.0
2.587430911471014	0.455059180418076	0.0
2.588931741466067	0.4581999687317713	0.0
2.5904325714611196	0.46133489035287933	0.0
2.5919334014561723	0.4644639256627723	0.0
2.5934342314512255	0.46758706086122515	0.0
2.594935061446278	0.4707042683887134	0.0
2.596435891441331	0.47381552778976865	0.0
2.5979367214363838	0.4769208271076868	0.0
2.5994375514314365	0.4800201454508149	0.0
2.6009383814264893	0.48311345628472313	0.0
2.602439211421542	0.486200742516677	0.0
2.6039400414165947	0.48928198826655	0.0
2.6054408714116475	0.492357171093789	0.0
2.6069417014067002	0.49542627247338467	0.0
2.6084425314017534	0.4984892678170896	0.0
2.6099433613968057	0.5015461394876833	0.0
2.611444191391859	0.5045968737700031	0.0
2.6129450213869116	0.5076414466903031	0.0
2.6144458513819644	0.5106798354409998	0.0
2.615946681377017	0.5137120169042015	0.0
2.61744751137207	0.5167379790518053	0.0
2.618948341367123	0.5197577065308497	0.0
2.6204491713621754	0.5227711694032662	0.0
2.621950001357228	0.5257783459931202	0.0
2.6234508313522813	0.528779217762857	0.0
2.6249516613473336	0.5317737657051312	0.0
2.626452491342387	0.5347619711951274	0.0
2.6279533213374395	0.5377438102875561	0.0
2.6294541513324923	0.5407192609396406	0.0
2.630954981327545	0.5436883102093996	0.0
2.6324558113225978	0.5466509375859392	0.0
2.633956641317651	0.549607113340477	0.0
2.6354574713127032	0.5525568222239261	0.0
2.6369583013077564	0.5555000446285483	0.0
2.638459131302809	0.5584367574772757	0.0
2.639959961297862	0.5613669407689327	0.0
2.6414607912929147	0.564290567094228	0.0
2.6429616212879674	0.5672076197514722	0.0
2.64446245128302	0.5701180873393334	0.0
2.645963281278073	0.5730219374018741	0.0
2.6474641112731256	0.5759191381793161	0.0
2.648964941268179	0.5788096859899933	0.0
2.650465771263231	0.5816935670338057	0.0
2.6519666012582843	0.5845707406856984	0.0
2.653467431253337	0.5874411837217751	0.0
2.65496826124839	0.5903048898409791	0.0
2.6564690912434425	0.5931618272543735	0.0
2.6579699212384953	0.5960119704291307	0.0
2.6594707512335485	0.5988553078537262	0.0
2.660971581228601	0.6016918156458757	0.0
2.6624724112236535	0.6045214706039541	0.0
2.6639732412187067	0.6073442417190492	0.0
2.665474071213759	0.6101601084509015	0.0
2.666974901208812	0.6129690583765166	0.0
2.668475731203865	0.6157710652464459	0.0
2.6699765611989177	0.6185661058314519	0.0
2.6714773911939704	0.6213541581008672	0.0
2.672978221189023	0.6241351943242341	0.0
2.6744790511840764	0.6269091870990255	0.0
2.6759798811791287	0.6296761243611348	0.0
2.6774807111741814	0.6324359873302914	0.0
2.6789815411692346	0.6351887414924526	0.0
2.6804823711642873	0.6379343662735569	0.0
2.68198320115934	0.6406728437052949	0.0
2.683484031154393	0.643404144996042	0.0
2.6849848611494456	0.6461282410067772	0.0
2.6864856911444983	0.6488451147601905	0.0
2.687986521139551	0.6515547485906671	0.0
2.6894873511346042	0.6542571131675019	0.0
2.6909881811296565	0.6569521831830522	0.0
2.6924890111247097	0.6596399341632289	0.0
2.6939898411197625	0.6623203409540737	0.0
2.695490671114815	0.6649933846612468	0.0
2.696991501109868	0.6676590411061312	0.0
2.6984923311049207	0.6703172832924079	0.0
2.6999931610999734	0.6729680844640422	0.0
2.701493991095026	0.6756114223953291	0.0
2.702994821090079	0.678247274008277	0.0
2.704495651085132	0.6808756100638352	0.0
2.7059964810801844	0.6834964122916188	0.0
2.7074973110752376	0.6861096559562181	0.0
2.7089981410702904	0.6887153114857576	0.0
2.710498971065343	0.6913133573012957	0.0
2.711999801060396	0.6939037680265558	0.0
2.7135006310554486	0.6964865161534137	0.0
2.7150014610505018	0.6990615779586138	0.0
2.716502291045554	0.7016289304622045	0.0
2.718003121040607	0.7041885482874353	0.0
2.71950395103566	0.706740402923421	0.0
2.7210047810307127	0.7092844649081606	0.0
2.7225056110257655	0.7118207186911119	0.0
2.7240064410208182	0.7143491429074246	0.0
2.725507271015871	0.7168696990928882	0.0
2.7270081010109237	0.7193823611604521	0.0
2.7285089310059765	0.721887115796477	0.0
2.7300097610010297	0.7243839341589936	0.0
2.731510590996082	0.7268727769192078	0.0
2.7330114209911347	0.7293536335958454	0.0
2.734512250986188	0.7318264822021627	0.0
2.7360130809812406	0.7342912810413299	0.0
2.7375139109762934	0.7367480099876691	0.0
2.739014740971346	0.7391966470147862	0.0
2.740515570966399	0.7416371672241724	0.0
2.7420164009614516	0.7440695430073638	0.0
2.7435172309565043	0.7464937438014975	0.0
2.7450180609515575	0.7489097461583534	0.0
2.7465188909466103	0.7513175273634829	0.0
2.748019720941663	0.7537170567510787	0.0
2.7495205509367158	0.756108314829752	0.0
2.7510213809317685	0.7584912762554888	0.0
2.7525222109268213	0.760865904337767	0.0
2.754023040921874	0.7632321797643079	0.0
2.7555238709169267	0.7655900797171367	0.0
2.7570247009119795	0.7679395741531673	0.0
2.7585255309070322	0.7702806369206994	0.0
2.7600263609020854	0.7726132412512784	0.0
2.761527190897138	0.7749373648631954	0.0
2.763028020892191	0.7772529830998484	0.0
2.7645288508872436	0.7795600645448377	0.0
2.7660296808822964	0.7818585884229897	0.0
2.767530510877349	0.7841485240857203	0.0
2.769031340872402	0.7864298445055715	0.0
2.770532170867455	0.7887025329445666	0.0
2.7720330008625074	0.7909665580282503	0.0
2.77353383085756	0.7932218911710668	0.0
2.7750346608526133	0.7954685111869638	0.0
2.776535490847666	0.797706393040732	0.0
2.778036320842719	0.799935504991407	0.0
2.7795371508377715	0.8021558255492851	0.0
2.7810379808328243	0.8043673355669785	0.0
2.782538810827877	0.806570001692715	0.0
2.7840396408229298	0.8087637963337819	0.0
2.785540470817983	0.8109486992605405	0.0
2.7870413008130357	0.8131246843248814	0.0
2.7885421308080884	0.8152917268306311	0.0
2.790042960803141	0.817449803030107	0.0
2.791543790798194	0.8195988864418202	0.0
2.7930446207932467	0.8217389548511954	0.0
2.7945454507882994	0.8238699808858491	0.0
2.796046280783352	0.825991933594675	0.0
2.797547110778405	0.8281047912646047	0.0
2.7990479407734576	0.8302085376766228	0.0
2.800548770768511	0.8323031473331701	0.0
2.8020496007635636	0.8343885868647739	0.0
2.8035504307586163	0.8364648364352292	0.0
2.805051260753669	0.8385318764971822	0.0
2.806552090748722	0.8405896785030724	0.0
2.8080529207437745	0.8426382218250181	0.0
2.8095537507388273	0.844677478933134	0.0
2.81105458073388	0.8467074214228787	0.0
2.812555410728933	0.8487280347416568	0.0
2.8140562407239855	0.8507392958135698	0.0
2.8155570707190387	0.8527411744582896	0.0
2.8170579007140915	0.8547336544635894	0.0
2.818558730709144	0.8567167154612358	0.0
2.820059560704197	0.8586903265705156	0.0
2.8215603906992497	0.860654466928529	0.0
2.8230612206943024	0.8626091107823023	0.0
2.824562050689355	0.864554239824794	0.0
2.8260628806844084	0.8664898387976574	0.0
2.827563710679461	0.8684158793880269	0.0
2.8290645406745134	0.8703323392431346	0.0
2.8305653706695666	0.8722391955029367	0.0
2.8320662006646193	0.8741364266747261	0.0
2.833567030659672	0.8760240119448535	0.0
2.835067860654725	0.8779019327083124	0.0
2.8365686906497776	0.8797701723363095	0.0
2.8380695206448303	0.8816287052481846	0.0
2.839570350639883	0.8834775088779663	0.0
2.8410711806349362	0.8853165608171676	0.0
2.842572010629989	0.8871458416505995	0.0
2.8440728406250417	0.8889653397389796	0.0
2.8455736706200945	0.890775030470152	0.0
2.847074500615147	0.8925748930558355	0.0
2.8485753306102	0.8943649135028272	0.0
2.8500761606052527	0.8961450644433374	0.0
2.8515769906003055	0.8979153269345035	0.0
2.853077820595358	0.8996756894864766	0.0
2.854578650590411	0.9014261339306422	0.0
2.856079480585464	0.9031666381814579	0.0
2.857580310580517	0.904897182633019	0.0
2.8590811405755696	0.9066177520708874	0.0
2.8605819705706224	0.908328328502048	0.0
2.862082800565675	0.9100288950256592	0.0
2.863583630560728	0.9117194339740756	0.0
2.8650844605557806	0.9133999292925747	0.0
2.8665852905508338	0.9150703644091822	0.0
2.8680861205458865	0.9167307228277579	0.0
2.869586950540939	0.9183809897684501	0.0
2.871087780535992	0.920021149864986	0.0
2.8725886105310448	0.9216511846894873	0.0
2.8740894405260975	0.9232710750089919	0.0
2.8755902705211502	0.9248808118522491	0.0
2.877091100516203	0.9264803820451742	0.0
2.8785919305112557	0.9280697697403617	0.0
2.8800927605063085	0.9296489613596294	0.0
2.8815935905013617	0.9312179391389794	0.0
2.8830944204964144	0.93277669245405	0.0
2.8845952504914667	0.9343252069905077	0.0
2.88609608048652	0.9358634638091038	0.0
2.8875969104815726	0.9373914591242043	0.0
2.8890977404766254	0.9389091781331691	0.0
2.890598570471678	0.9404166038527422	0.0
2.892099400466731	0.9419137336939083	0.0
2.893600230461784	0.9434005486456425	0.0
2.8951010604568364	0.9448770321663649	0.0
2.8966018904518895	0.9463431839245362	0.0
2.8981027204469423	0.9477989919151699	0.0
2.899603550441995	0.949244435899198	0.0
2.9011043804370478	0.9506795109895374	0.0
2.9026052104321005	0.9521042126319005	0.0
2.9041060404271533	0.9535185267854431	0.0
2.905606870422206	0.9549224425422298	0.0
2.9071077004172587	0.9563159497873455	0.0
2.908608530412312	0.9576990412459243	0.0
2.9101093604073642	0.9590717086893659	0.0
2.9116101904024174	0.9604339435405129	0.0
2.91311102039747	0.9617857396600501	0.0
2.914611850392523	0.9631270857327113	0.0
2.9161126803875757	0.9644579765927878	0.0
2.9176135103826284	0.9657784043783322	0.0
2.919114340377681	0.9670883600481683	0.0
2.920615170372734	0.9683878455945202	0.0
2.922116000367787	0.9696768507309864	0.0
2.92361683036284	0.9709553626038369	0.0
2.925117660357892	0.9722233789410253	0.0
2.9266184903529453	0.9734808975428553	0.0
2.928119320347998	0.974727915544133	0.0
2.929620150343051	0.9759644229217226	0.0
2.9311209803381035	0.9771904132900952	0.0
2.9326218103331563	0.978405889521667	0.0
2.9341226403282095	0.9796108461028418	0.0
2.9356234703232618	0.9808052778472107	0.0
2.937124300318315	0.9819891782332799	0.0
2.9386251303133677	0.9831625451111561	0.0
2.94012596030842	0.9843253843635044	0.0
2.941626790303473	0.9854776885279543	0.0
2.943127620298526	0.9866194485538028	0.0
2.9446284502935787	0.9877506725207545	0.0
2.9461292802886314	0.98887135863004	0.0
2.947630110283684	0.9899814920020366	0.0
2.9491309402787373	0.9910810836894905	0.0
2.9506317702737896	0.9921701448023154	0.0
2.952132600268843	0.993248659634385	0.0
2.9536334302638956	0.994316620524153	0.0
2.9551342602589483	0.995374036888082	0.0
2.956635090254001	0.9964209107625673	0.0
2.958135920249054	0.9974572417831881	0.0
2.9596367502441066	0.9984830359595933	0.0
2.9611375802391593	0.9994982936995968	0.0
2.962638410234212	1.0005030089849023	0.0
2.9641392402292652	1.0014971830744512	0.0
2.9656400702243175	1.0024808260584237	0.0
2.9671409002193707	1.0034539410195356	0.0
2.9686417302144235	1.004416525136791	0.0
2.970142560209476	1.0053685830688077	0.0
2.971643390204529	1.0063101190443293	0.0
2.9731442201995817	1.0072411333575728	0.0
2.974645050194635	1.0081616334226058	0.0
2.976145880189687	1.0090716241140532	0.0
2.9776467101847404	1.0099711082981122	0.0
2.979147540179793	1.0108600949725446	0.0
2.9806483701748454	1.0117385823557876	0.0
2.9821492001698986	1.012606573136782	0.0
2.9836500301649513	1.013464079318829	0.0
2.985150860160004	1.0143111073972957	0.0
2.986651690155057	1.0151476619834	0.0
2.9881525201501096	1.0159737457624014	0.0
2.9896533501451628	1.0167893672392383	0.0
2.991154180140215	1.0175945354410685	0.0
2.9926550101352682	1.018389253233879	0.0
2.994155840130321	1.0191735259181867	0.0
2.9956566701253737	1.0199473698002746	0.0
2.9971575001204265	1.0207107892188194	0.0
2.998658330115479	1.0224918985859193	0.0
3.000159160110532	1.026315010712949	0.0
