0.0	1.9999247553220663	0.0
0.0015008299950527925	1.9999291711224185	0.0
0.003001659990105585	1.999897294716866	0.0
0.004502489985158378	1.999833544499948	0.0
0.00600331998021117	1.99975133298112	0.0
0.0075041499752639615	1.9996503542828163	0.0
0.009004979970316756	1.999530232427224	0.0
0.010505809965369548	1.9993908425340303	0.0
0.01200663996042234	1.9992322638491984	0.0
0.01350746995547513	1.999054399827937	0.0
0.015008299950527923	1.9988568688306905	0.0
0.016509129945580715	1.998639200111639	0.0
0.01800995994063351	1.9984009330788604	0.0
0.019510789935686303	1.9981416309876412	0.0
0.021011619930739096	1.9978607752939417	0.0
0.022512449925791888	1.9975571989197995	0.0
0.02401327992084468	1.9972286403313615	0.0
0.02551410991589747	1.996872372733142	0.0
0.02701493991095026	1.996486319732348	0.0
0.028515769906003054	1.9960703517114298	0.0
0.030016599901055846	1.9956270920741135	0.0
0.03151742989610864	1.9951599689681756	0.0
0.03301825989116143	1.9946706982856535	0.0
0.03451908988621422	1.9941595702992245	0.0
0.03601991988126702	1.9936266051704554	0.0
0.037520749876319814	1.9930718381951633	0.0
0.03902157987137261	1.9924953020231655	0.0
0.0405224098664254	1.9918969840611285	0.0
0.04202323986147819	1.9912768548630184	0.0
0.043524069856530984	1.9906349387609747	0.0
0.045024899851583776	1.9899712798939158	0.0
0.04652572984663657	1.989285887916889	0.0
0.04802655984168936	1.9885787626581852	0.0
0.04952738983674215	1.987849895894167	0.0
0.05102821983179494	1.987099286505962	0.0
0.05252904982684774	1.9863269746001324	0.0
0.05402987982190052	1.98553299182664	0.0
0.05553070981695332	1.9847173394214355	0.0
0.05703153981200611	1.9838800205403027	0.0
0.05853236980705891	1.9830210410973768	0.0
0.06003319980211169	1.982140406561934	0.0
0.06153402979716449	1.981238125470845	0.0
0.06303485979221728	1.9803142306480965	0.0
0.06453568978727008	1.9793687324183362	0.0
0.06603651978232286	1.9784016147383556	0.0
0.06753734977737566	1.9774129131599956	0.0
0.06903817977242845	1.9764026541567483	0.0
0.07053900976748124	1.9753708277693764	0.0
0.07203983976253404	1.9743174525443143	0.0
0.07354066975758683	1.9732425546114656	0.0
0.07504149975263963	1.972146126837083	0.0
0.07654232974769241	1.971028180368038	0.0
0.07804315974274521	1.9698887556610358	0.0
0.079543989737798	1.9687278583714078	0.0
0.0810448197328508	1.967545487867346	0.0
0.08254564972790358	1.9663416756141883	0.0
0.08404647972295638	1.9651164353939707	0.0
0.08554730971800917	1.9638697777601815	0.0
0.08704813971306197	1.9626017166062901	0.0
0.08854896970811475	1.961312260935492	0.0
0.09004979970316755	1.9600014393827656	0.0
0.09155062969822034	1.958669269348873	0.0
0.09305145969327314	1.9573157606609897	0.0
0.09455228968832592	1.955940926146105	0.0
0.09605311968337872	1.9545447919209675	0.0
0.0975539496784315	1.953127389876733	0.0
0.0990547796734843	1.9516887263571248	0.0
0.10055560966853709	1.9502288089600246	0.0
0.10205643966358988	1.9487476721809958	0.0
0.10355726965864268	1.9472453210651472	0.0
0.10505809965369547	1.945721761064676	0.0
0.10655892964874826	1.9441770486101697	0.0
0.10805975964380105	1.942611209650249	0.0
0.10956058963885383	1.9410242339350825	0.0
0.11106141963390664	1.939416133202524	0.0
0.11256224962895943	1.9377869410315098	0.0
0.11406307962401221	1.9361366928074564	0.0
0.115563909619065	1.934465411183454	0.0
0.11706473961411781	1.9327731012634528	0.0
0.1185655696091706	1.9310597756419408	0.0
0.12006639960422338	1.9293254847670673	0.0
0.1215672295992762	1.927570258535041	0.0
0.12306805959432898	1.9257940828545992	0.0
0.12456888958938177	1.923996983352438	0.0
0.12606971958443455	1.9221790182154788	0.0
0.12757054957948735	1.9203402125400537	0.0
0.12907137957454015	1.918480551124475	0.0
0.13057220956959295	1.9166000625565802	0.0
0.13207303956464572	1.914698810540564	0.0
0.13357386955969852	1.9127768087030603	0.0
0.13507469955475132	1.9108340602716651	0.0
0.1365755295498041	1.9088705960285688	0.0
0.1380763595448569	1.906886458194577	0.0
0.1395771895399097	1.9048816754413698	0.0
0.1410780195349625	1.9028562630530832	0.0
0.14257884953001526	1.900810244368157	0.0
0.1440796795250681	1.898743656091744	0.0
0.14558050952012086	1.8966565319333861	0.0
0.14708133951517366	1.8945489068227892	0.0
0.14858216951022643	1.8924207954706809	0.0
0.15008299950527926	1.89027220442129	0.0
0.15158382950033203	1.8881031862590072	0.0
0.15308465949538483	1.885913790038075	0.0
0.1545854894904376	1.8837040379090348	0.0
0.15608631948549043	1.881473946215876	0.0
0.1575871494805432	1.8792235409617117	0.0
0.159087979475596	1.8769528657335197	0.0
0.16058880947064877	1.874661956110817	0.0
0.1620896394657016	1.8723508383857186	0.0
0.16359046946075437	1.870019550660115	0.0
0.16509129945580717	1.867668123057873	0.0
0.16659212945085994	1.8652965696309305	0.0
0.16809295944591277	1.8629049374029127	0.0
0.16959378944096554	1.8604932862243269	0.0
0.17109461943601834	1.8580616380195485	0.0
0.17259544943107114	1.855610002948047	0.0
0.17409627942612393	1.8531384123802004	0.0
0.1755971094211767	1.8506469267606525	0.0
0.1770979394162295	1.84813559439254	0.0
0.1785987694112823	1.8456044309352968	0.0
0.1800995994063351	1.84305346832521	0.0
0.18160042940138788	1.8404827455355002	0.0
0.18310125939644067	1.837892292892069	0.0
0.18460208939149347	1.8352821656655314	0.0
0.18610291938654627	1.8326524145862468	0.0
0.18760374938159904	1.8300030483744563	0.0
0.18910457937665184	1.8273341008853445	0.0
0.19060540937170464	1.8246456330331373	0.0
0.19210623936675744	1.8219376750146605	0.0
0.1936070693618102	1.819210271853691	0.0
0.195107899356863	1.8164634737547203	0.0
0.1966087293519158	1.813697297770641	0.0
0.1981095593469686	1.810911781849429	0.0
0.19961038934202138	1.8081069788845265	0.0
0.20111121933707418	1.8052829352146722	0.0
0.20261204933212695	1.802439701272312	0.0
0.20411287932717975	1.799577309343966	0.0
0.20561370932223258	1.7966957906999745	0.0
0.20711453931728535	1.7937951926256126	0.0
0.20861536931233815	1.790875564955047	0.0
0.21011619930739095	1.7879369449170146	0.0
0.21161702930244372	1.7849793727367118	0.0
0.21311785929749652	1.7820029109713054	0.0
0.2146186892925493	1.7790076011010307	0.0
0.2161195192876021	1.7759934768884686	0.0
0.21762034928265492	1.7729605874598766	0.0
0.21912117927770766	1.7699089783312116	0.0
0.2206220092727605	1.76683869244521	0.0
0.2221228392678133	1.763749777714561	0.0
0.22362366926286606	1.7606422832781643	0.0
0.22512449925791886	1.7575162559790896	0.0
0.22662532925297169	1.7543717462566173	0.0
0.22812615924802443	1.751208796861318	0.0
0.22962698924307726	1.7480274587157483	0.0
0.23112781923813	1.7448277792845024	0.0
0.23262864923318283	1.7416098022189608	0.0
0.23412947922823563	1.7383735829716294	0.0
0.2356303092232884	1.735119167591902	0.0
0.2371311392183412	1.7318466052844297	0.0
0.238631969213394	1.7285559499393492	0.0
0.24013279920844677	1.7252472576576707	0.0
0.2416336292034996	1.7219205732854515	0.0
0.2431344591985524	1.7185759305267145	0.0
0.24463528919360517	1.715213394641918	0.0
0.24613611918865796	1.7118330311520826	0.0
0.24763694918371074	1.7084348794592257	0.0
0.24913777917876354	1.7050189917373377	0.0
0.25063860917381636	1.7015854223251863	0.0
0.2521394391688691	1.698134213632051	0.0
0.2536402691639219	1.6946654199463023	0.0
0.2551410991589747	1.6911791062671306	0.0
0.2566419291540275	1.687675325671098	0.0
0.2581427591490803	1.684154123269799	0.0
0.25964358914413305	1.6806155583673772	0.0
0.2611444191391859	1.6770596972913134	0.0
0.2626452491342387	1.673486574678627	0.0
0.26414607912929144	1.6698962419287848	0.0
0.26564690912434424	1.6662887854304822	0.0
0.26714773911939704	1.6626642486265897	0.0
0.26864856911444984	1.6590226791978377	0.0
0.27014939910950264	1.655364144467868	0.0
0.27165022910455544	1.651688690298992	0.0
0.2731510590996082	1.6479963719736859	0.0
0.27465188909466104	1.6442872627609622	0.0
0.2761527190897138	1.6405614256271592	0.0
0.2776535490847666	1.6368188952109899	0.0
0.2791543790798194	1.633059728642389	0.0
0.2806552090748722	1.6292840140472102	0.0
0.282156039069925	1.6254918035173118	0.0
0.2836568690649778	1.6216831362291995	0.0
0.2851576990600305	1.6178580764479253	0.0
0.2866585290550834	1.6140166861126055	0.0
0.2881593590501362	1.6101590264162595	0.0
0.2896601890451889	1.606285163119118	0.0
0.2911610190402417	1.6023951579624043	0.0
0.2926618490352945	1.5984890676482584	0.0
0.2941626790303473	1.5945669453329043	0.0
0.2956635090254001	1.5906288637208883	0.0
0.29716433902045286	1.5866748829438768	0.0
0.2986651690155057	1.5827050459420557	0.0
0.3001659990105585	1.5787194288273765	0.0
0.30166682900561126	1.5747181035005617	0.0
0.30316765900066406	1.570701128941917	0.0
0.30466848899571686	1.5666685596546637	0.0
0.30616931899076966	1.5626204562517767	0.0
0.30767014898582246	1.5585568912376844	0.0
0.3091709789808752	1.5544779167886056	0.0
0.31067180897592805	1.5503835974331537	0.0
0.31217263897098085	1.546274007491745	0.0
0.3136734689660336	1.5421492050674135	0.0
0.3151742989610864	1.538009256199567	0.0
0.3166751289561392	1.5338542268693047	0.0
0.318175958951192	1.5296841751407442	0.0
0.3196767889462448	1.5254991664304554	0.0
0.32117761894129754	1.521299264219007	0.0
0.3226784489363504	1.5170845363504306	0.0
0.3241792789314032	1.512855044474378	0.0
0.32568010892645594	1.5086108511463996	0.0
0.32718093892150873	1.50435204045789	0.0
0.32868176891656153	1.500078673037982	0.0
0.33018259891161433	1.495790797355703	0.0
0.33168342890666713	1.4914884820431829	0.0
0.3331842589017199	1.4871718057081633	0.0
0.3346850888967727	1.482840829322607	0.0
0.33618591889182553	1.478495612219019	0.0
0.3376867488868783	1.4741362357028351	0.0
0.3391875788819311	1.4697627582268427	0.0
0.3406884088769839	1.4653752384235526	0.0
0.34218923887203667	1.460973752543962	0.0
0.34369006886708947	1.4565583642091577	0.0
0.34519089886214227	1.4521291447198224	0.0
0.346691728857195	1.447686167661869	0.0
0.34819255885224787	1.4432294840056772	0.0
0.3496933888473006	1.4387591601104466	0.0
0.3511942188423534	1.4342752810044908	0.0
0.3526950488374062	1.4297779060278835	0.0
0.354195878832459	1.4252670975459383	0.0
0.3556967088275118	1.420742931647368	0.0
0.3571975388225646	1.4162054670580009	0.0
0.35869836881761735	1.4116547748029096	0.0
0.3601991988126702	1.4070909337730266	0.0
0.361700028807723	1.4025140006987251	0.0
0.36320085880277575	1.3979240454431494	0.0
0.36470168879782855	1.3933211437715336	0.0
0.36620251879288135	1.388705356344643	0.0
0.36770334878793415	1.3840767449005609	0.0
0.36920417878298695	1.379435386070099	0.0
0.3707050087780397	1.374781359057514	0.0
0.37220583877309255	1.370114716168589	0.0
0.37370666876814534	1.3654355221576981	0.0
0.3752074987631981	1.3607438588267637	0.0
0.3767083287582509	1.3560397933968495	0.0
0.3782091587533037	1.3513233948499324	0.0
0.3797099887483565	1.3465947324284107	0.0
0.3812108187434093	1.341853869217815	0.0
0.38271164873846203	1.3371008778354647	0.0
0.3842124787335149	1.3323358243156647	0.0
0.3857133087285677	1.3275587709836434	0.0
0.3872141387236204	1.322769801471928	0.0
0.38871496871867317	1.3179689794315645	0.0
0.390215798713726	1.3131563658351297	0.0
0.3917166287087788	1.3083320387685493	0.0
0.3932174587038316	1.303496063096711	0.0
0.3947182886988844	1.2986485076431573	0.0
0.3962191186939372	1.2937894480269356	0.0
0.39771994868898997	1.2889189446454306	0.0
0.39922077868404277	1.2840370632672413	0.0
0.40072160867909556	1.2791438853733172	0.0
0.40222243867414836	1.2742394752962756	0.0
0.4037232686692012	1.2693238929023956	0.0
0.4052240986642539	1.2643972105622587	0.0
0.4067249286593067	1.259459502481981	0.0
0.4082257586543595	1.2545108397524607	0.0
0.40972658864941236	1.2495512810120928	0.0
0.41122741864446516	1.2445808943701206	0.0
0.41272824863951796	1.2395997588757075	0.0
0.4142290786345707	1.2346079379788883	0.0
0.4157299086296235	1.2296055018113732	0.0
0.4172307386246763	1.2245925140661806	0.0
0.4187315686197291	1.2195690322467638	0.0
0.4202323986147819	1.214535138844384	0.0
0.42173322860983464	1.209490914084558	0.0
0.42323405860488744	1.204436413244442	0.0
0.42473488859994024	1.199371692162138	0.0
0.42623571859499304	1.1942968266962932	0.0
0.42773654859004584	1.1892118910536702	0.0
0.4292373785850986	1.18411695060815	0.0
0.4307382085801514	1.1790120718968469	0.0
0.4322390385752042	1.1738973215872133	0.0
0.43373986857025704	1.1687727618837251	0.0
0.43524069856530984	1.1636384689645187	0.0
0.43674152856036264	1.1584945174208214	0.0
0.4382423585554153	1.153340959681948	0.0
0.4397431885504682	1.1481778598419465	0.0
0.441244018545521	1.143005298184351	0.0
0.4427448485405738	1.1378233398991562	0.0
0.4442456785356266	1.1326320394102152	0.0
0.4457465085306793	1.1274314700988124	0.0
0.4472473385257321	1.1222217055152897	0.0
0.4487481685207849	1.1170028099796272	0.0
0.4502489985158377	1.1117748463715276	0.0
0.4517498285108905	1.1065378769095766	0.0
0.45325065850594337	1.1012919724444497	0.0
0.45475148850099606	1.0960371999793164	0.0
0.45625231849604886	1.090773626738632	0.0
0.45775314849110166	1.0855013205157922	0.0
0.4592539784861545	1.0802203413336287	0.0
0.4607548084812073	1.0749307515510746	0.0
0.46225563847626	1.0696326232097229	0.0
0.46375646847131285	1.0643260253938656	0.0
0.46525729846636565	1.0590110169137943	0.0
0.46675812846141845	1.053687665407503	0.0
0.46825895845647125	1.0483560322611605	0.0
0.46975978845152405	1.0430161797336632	0.0
0.4712606184465768	1.0376681811865451	0.0
0.4727614484416296	1.0323121024309208	0.0
0.4742622784366824	1.0269480030978217	0.0
0.4757631084317352	1.0215759431219937	0.0
0.477263938426788	1.0161959963851555	0.0
0.47876476842184074	1.0108082238685943	0.0
0.48026559841689354	1.0054126802479286	0.0
0.48176642841194633	1.0000094410537779	0.0
0.4832672584069992	0.9945985687882535	0.0
0.484768088402052	0.9891801235492415	0.0
0.4862689183971048	0.983754175601403	0.0
0.4877697483921575	0.9783207803033458	0.0
0.48927057838721033	0.9728799992423582	0.0
0.49077140838226313	0.967431900988604	0.0
0.49227223837731593	0.9619765463234703	0.0
0.49377306837236873	0.956514001266379	0.0
0.4952738983674215	0.9510443304112833	0.0
0.49677472836247427	0.9455675930474338	0.0
0.49827555835752707	0.9400838474500379	0.0
0.49977638835257987	0.9345931572533053	0.0
0.5012772183476327	0.9290955865855195	0.0
0.5027780483426855	0.9235912014887886	0.0
0.5042788783377382	0.9180800666068044	0.0
0.5057797083327911	0.9125622363029232	0.0
0.5072805383278438	0.9070377704103225	0.0
0.5087813683228967	0.9015067341975401	0.0
0.5102821983179494	0.8959691888214076	0.0
0.5117830283130022	0.8904251945328273	0.0
0.513283858308055	0.8848748197241031	0.0
0.5147846883031078	0.8793181193304803	0.0
0.5162855182981606	0.8737551539687974	0.0
0.5177863482932135	0.8681859940803268	0.0
0.5192871782882661	0.8626106868727833	0.0
0.520788008283319	0.8570292932397834	0.0
0.5222888382783718	0.8514418825634009	0.0
0.5237896682734245	0.8458485138638643	0.0
0.5252904982684774	0.8402492473597395	0.0
0.5267913282635301	0.8346441374594334	0.0
0.5282921582585829	0.8290332464162646	0.0
0.5297929882536357	0.823416642605825	0.0
0.5312938182486885	0.8177943826121207	0.0
0.5327946482437413	0.8121665151357277	0.0
0.5342954782387941	0.8065331032995229	0.0
0.5357963082338468	0.8008942211885036	0.0
0.5372971382288997	0.7952499227016168	0.0
0.5387979682239524	0.7896002599144414	0.0
0.5402987982190053	0.7839452948488675	0.0
0.5417996282140581	0.7782850884471153	0.0
0.5433004582091109	0.772619702730788	0.0
0.5448012882041636	0.7669491945556368	0.0
0.5463021181992164	0.7612736164518008	0.0
0.5478029481942692	0.755593027876388	0.0
0.5493037781893221	0.7499074962753275	0.0
0.5508046081843748	0.7442170829892857	0.0
0.5523054381794276	0.7385218401508563	0.0
0.5538062681744804	0.732821825436435	0.0
0.5553070981695332	0.7271170972997487	0.0
0.556807928164586	0.7214077133477481	0.0
0.5583087581596388	0.7156937374158673	0.0
0.5598095881546916	0.7099752230831514	0.0
0.5613104181497444	0.7042522350165364	0.0
0.5628112481447971	0.6985248291222825	0.0
0.56431207813985	0.6927930508723582	0.0
0.5658129081349027	0.6870569756492984	0.0
0.5673137381299556	0.681316656650673	0.0
0.5688145681250083	0.6755721439412762	0.0
0.570315398120061	0.66982350263047	0.0
0.5718162281151139	0.6640707918899205	0.0
0.5733170581101668	0.6583140722259634	0.0
0.5748178881052195	0.6525533928516347	0.0
0.5763187181002724	0.6467888161605432	0.0
0.5778195480953251	0.6410204023635716	0.0
0.5793203780903778	0.6352482028248356	0.0
0.5808212080854307	0.629472277462545	0.0
0.5823220380804834	0.6236926837230568	0.0
0.5838228680755363	0.6179094832987795	0.0
0.585323698070589	0.61212273293794	0.0
0.5868245280656418	0.6063324858636885	0.0
0.5883253580606946	0.6005388018068271	0.0
0.5898261880557474	0.5947417405017452	0.0
0.5913270180508002	0.5889413575359841	0.0
0.592827848045853	0.5831377096635274	0.0
0.5943286780409057	0.5773308578502188	0.0
0.5958295080359586	0.5715208568515444	0.0
0.5973303380310114	0.5657077631257985	0.0
0.5988311680260642	0.5598916374975106	0.0
0.600331998021117	0.5540725336878635	0.0
0.6018328280161698	0.548250512056156	0.0
0.6033336580112225	0.5424256344880019	0.0
0.6048344880062754	0.536597957115267	0.0
0.6063353180013281	0.5307675293077594	0.0
0.607836147996381	0.5249344034590477	0.0
0.6093369779914337	0.5190986522890668	0.0
0.6108378079864865	0.5132603338510909	0.0
0.6123386379815393	0.5074195003444669	0.0
0.6138394679765921	0.5015762114614999	0.0
0.6153402979716449	0.49573051825976056	0.0
0.6168411279666978	0.48988248258406736	0.0
0.6183419579617504	0.4840321672230883	0.0
0.6198427879568033	0.4781796252773769	0.0
0.6213436179518561	0.47232491391311726	0.0
0.6228444479469089	0.46646809628638997	0.0
0.6243452779419617	0.460609224774699	0.0
0.6258461079370145	0.4547483544843224	0.0
0.6273469379320672	0.44888555171751776	0.0
0.62884776792712	0.44302087286683334	0.0
0.6303485979221728	0.4371543737327259	0.0
0.6318494279172256	0.43128610830554615	0.0
0.6333502579122784	0.4254161399316959	0.0
0.6348510879073311	0.4195445317289187	0.0
0.636351917902384	0.41367133674280565	0.0
0.6378527478974367	0.4077966135365976	0.0
0.6393535778924896	0.4019204171609434	0.0
0.6408544078875424	0.3960428093463041	0.0
0.6423552378825951	0.39016385573246826	0.0
0.6438560678776479	0.38428360990118016	0.0
0.6453568978727008	0.37840212141202667	0.0
0.6468577278677535	0.3725194562593258	0.0
0.6483585578628064	0.36663567909318096	0.0
0.6498593878578591	0.3607508454337919	0.0
0.6513602178529119	0.3548650160290113	0.0
0.6528610478479647	0.3489782468504572	0.0
0.6543618778430175	0.3430905941106711	0.0
0.6558627078380703	0.3372021194157905	0.0
0.6573635378331231	0.33131288474000986	0.0
0.6588643678281758	0.3254229473385366	0.0
0.6603651978232287	0.3195323663540671	0.0
0.6618660278182814	0.3136412061704966	0.0
0.6633668578133343	0.30774952601507854	0.0
0.6648676878083871	0.30185738451926514	0.0
0.6663685178034398	0.29596484202492757	0.0
0.6678693477984926	0.29007195331640345	0.0
0.6693701777935454	0.28417878179272715	0.0
0.6708710077885982	0.2782853936903791	0.0
0.6723718377836511	0.27239184201727207	0.0
0.6738726677787038	0.266498182277521	0.0
0.6753734977737565	0.26060448252836266	0.0
0.6768743277688094	0.25471081299435516	0.0
0.6783751577638621	0.24881722635387904	0.0
0.679875987758915	0.24292377780157748	0.0
0.6813768177539677	0.23703053252950412	0.0
0.6828776477490205	0.23113754873683967	0.0
0.6843784777440733	0.22524489320697616	0.0
0.6858793077391261	0.21935262895030494	0.0
0.6873801377341789	0.2134608110903503	0.0
0.6888809677292317	0.20756949910152978	0.0
0.6903817977242845	0.20167875996542284	0.0
0.6918826277193373	0.19578865799449963	0.0
0.69338345771439	0.1898992479952477	0.0
0.6948842877094429	0.18401059452931645	0.0
0.6963851177044957	0.1781227644235408	0.0
0.6978859476995485	0.17223581813408917	0.0
0.6993867776946012	0.16634981440576735	0.0
0.7008876076896541	0.16046481558459447	0.0
0.7023884376847068	0.15458088265407333	0.0
0.7038892676797597	0.14869807921675005	0.0
0.7053900976748124	0.14281647616612536	0.0
0.7068909276698653	0.13693613297112617	0.0
0.708391757664918	0.1310571066729458	0.0
0.7098925876599708	0.12517946311241923	0.0
0.7113934176550236	0.11930326739424257	0.0
0.7128942476500764	0.11342857649547189	0.0
0.7143950776451292	0.10755545657982712	0.0
0.715895907640182	0.10168397734356616	0.0
0.7173967376352347	0.09581419582600725	0.0
0.7188975676302876	0.08994618003265242	0.0
0.7203983976253404	0.0840799958015297	0.0
0.7218992276203932	0.07821569726746813	0.0
0.723400057615446	0.07235334926554393	0.0
0.7249008876104988	0.06649302198490137	0.0
0.7264017176055515	0.0606347808908696	0.0
0.7279025476006044	0.054778689634670696	0.0
0.7294033775956571	0.04892480879830452	0.0
0.73090420759071	0.0430731953785537	0.0
0.7324050375857627	0.03722392261488694	0.0
0.7339058675808154	0.031377063935592364	0.0
0.7354066975758683	0.025532671814370023	0.0
0.736907527570921	0.01969080714795468	0.0
0.7384083575659739	0.013851542523268812	0.0
0.7399091875610266	0.0080149478882241	0.0
0.7414100175560794	0.002181078724068364	0.0
0.7429108475511322	-0.0036500019332053046	0.0
0.7444116775461851	-0.009478222481172693	0.0
0.7459125075412378	-0.015303521441872636	0.0
0.7474133375362907	-0.02112582637694138	0.0
0.7489141675313434	-0.026945079220694224	0.0
0.7504149975263962	-0.03276121726528425	0.0
0.751915827521449	-0.03857416469381092	0.0
0.7534166575165018	-0.04438386687157214	0.0
0.7549174875115546	-0.05019025696363255	0.0
0.7564183175066074	-0.05599326203275212	0.0
0.7579191475016601	-0.06179281796020364	0.0
0.759419977496713	-0.06758886405913733	0.0
0.7609208074917657	-0.07338133462044527	0.0
0.7624216374868186	-0.07917016128941534	0.0
0.7639224674818714	-0.08495528409218212	0.0
0.7654232974769241	-0.09073663089378958	0.0
0.7669241274719769	-0.09651413314409196	0.0
0.7684249574670298	-0.10228773198805285	0.0
0.7699257874620825	-0.10805735778520287	0.0
0.7714266174571354	-0.11382294585553332	0.0
0.772927447452188	-0.11958443348404413	0.0
0.7744282774472409	-0.12534175326517993	0.0
0.7759291074422937	-0.1310948381907282	0.0
0.7774299374373463	-0.13684362238757397	0.0
0.7789307674323993	-0.14258803594081737	0.0
0.780431597427452	-0.14832801279120256	0.0
0.7819324274225049	-0.15406350078857645	0.0
0.7834332574175576	-0.1597944291106257	0.0
0.7849340874126104	-0.1655207247115238	0.0
0.7864349174076632	-0.17124232073691936	0.0
0.787935747402716	-0.17695915318305744	0.0
0.7894365773977688	-0.1826711635938958	0.0
0.7909374073928216	-0.18837828369435994	0.0
0.7924382373878744	-0.19408044528351076	0.0
0.7939390673829272	-0.19977758060298623	0.0
0.7954398973779799	-0.20546962783138034	0.0
0.7969407273730328	-0.2111565194138505	0.0
0.7984415573680855	-0.2168381922635989	0.0
0.7999423873631384	-0.22251458694732884	0.0
0.8014432173581911	-0.2281856268226672	0.0
0.8029440473532439	-0.233851244036541	0.0
0.8044448773482967	-0.23951138126141647	0.0
0.8059457073433495	-0.24516597621745495	0.0
0.8074465373384024	-0.25081495963815104	0.0
0.8089473673334551	-0.2564582642149895	0.0
0.8104481973285078	-0.2620958288350508	0.0
0.8119490273235607	-0.2677275892519908	0.0
0.8134498573186134	-0.27335347790005127	0.0
0.8149506873136664	-0.27897343102738303	0.0
0.816451517308719	-0.28458738791854055	0.0
0.8179523473037718	-0.2901952799883101	0.0
0.8194531772988247	-0.2957970375947314	0.0
0.8209540072938774	-0.3013926069316015	0.0
0.8224548372889303	-0.306981922696822	0.0
0.8239556672839831	-0.31256491411681075	0.0
0.8254564972790359	-0.31814152431587184	0.0
0.8269573272740887	-0.3237116828121134	0.0
0.8284581572691414	-0.32927532677193394	0.0
0.8299589872641943	-0.3348324002327756	0.0
0.831459817259247	-0.34038283797238744	0.0
0.8329606472542999	-0.3459265764374788	0.0
0.8344614772493526	-0.3514635508101456	0.0
0.8359623072444053	-0.35699369526539626	0.0
0.8374631372394582	-0.3625169482441164	0.0
0.8389639672345109	-0.3680332519961891	0.0
0.8404647972295638	-0.3735425450137335	0.0
0.8419656272246165	-0.3790447607485883	0.0
0.8434664572196693	-0.3845398342282538	0.0
0.8449672872147221	-0.39002771247960966	0.0
0.8464681172097749	-0.3955083311158498	0.0
0.8479689472048277	-0.40098162164256523	0.0
0.8494697771998805	-0.4064475325153698	0.0
0.8509706071949332	-0.4119060008473394	0.0
0.8524714371899861	-0.4173569638061545	0.0
0.8539722671850388	-0.4228003618415963	0.0
0.8554730971800917	-0.4282361302932336	0.0
0.8569739271751444	-0.43366421199517324	0.0
0.8584747571701972	-0.43908455030080007	0.0
0.85997558716525	-0.4444970891806541	0.0
0.8614764171603028	-0.4499017629202504	0.0
0.8629772471553557	-0.45529850922988624	0.0
0.8644780771504084	-0.46068727207809435	0.0
0.8659789071454613	-0.4660679944084072	0.0
0.8674797371405141	-0.4714406234247652	0.0
0.8689805671355667	-0.47680509301935414	0.0
0.8704813971306197	-0.4821613401726723	0.0
0.8719822271256723	-0.4875093174720404	0.0
0.8734830571207253	-0.4928489743689608	0.0
0.874983887115778	-0.49818023864590844	0.0
0.8764847171108306	-0.5035030517183459	0.0
0.8779855471058836	-0.5088173730455929	0.0
0.8794863771009364	-0.514123139405432	0.0
0.8809872070959892	-0.5194202877016272	0.0
0.882488037091042	-0.5247087669034824	0.0
0.8839888670860947	-0.5299885279533421	0.0
0.8854896970811476	-0.5352595118751442	0.0
0.8869905270762003	-0.5405216579556771	0.0
0.8884913570712532	-0.5457749214385241	0.0
0.8899921870663059	-0.5510192468214228	0.0
0.8914930170613586	-0.5562545710224827	0.0
0.8929938470564115	-0.5614808420229798	0.0
0.8944946770514642	-0.5666980134081097	0.0
0.8959955070465171	-0.5719060355808132	0.0
0.8974963370415698	-0.5771048514484192	0.0
0.8989971670366227	-0.582294406563244	0.0
0.9004979970316754	-0.5874746451175092	0.0
0.9019988270267282	-0.5926455163994591	0.0
0.903499657021781	-0.597806982284866	0.0
0.9050004870168338	-0.6029589944776454	0.0
0.9065013170118867	-0.6081014820639137	0.0
0.9080021470069394	-0.6132343940968439	0.0
0.9095029770019921	-0.6183576986105666	0.0
0.911003806997045	-0.6234713417225384	0.0
0.9125046369920977	-0.628575271611983	0.0
0.9140054669871507	-0.6336694385935044	0.0
0.9155062969822033	-0.6387537911858956	0.0
0.9170071269772561	-0.6438282858586042	0.0
0.918507956972309	-0.6488928739082986	0.0
0.9200087869673617	-0.6539475097143863	0.0
0.9215096169624146	-0.6589921480031864	0.0
0.9230104469574674	-0.6640267359983583	0.0
0.92451127695252	-0.6690512311768988	0.0
0.926012106947573	-0.674065589217737	0.0
0.9275129369426257	-0.679069758456472	0.0
0.9290137669376786	-0.6840636984177488	0.0
0.9305145969327313	-0.6890473678747142	0.0
0.932015426927784	-0.6940207194270862	0.0
0.9335162569228369	-0.6989837030375001	0.0
0.9350170869178897	-0.7039362813475996	0.0
0.9365179169129425	-0.7088784198078142	0.0
0.9380187469079952	-0.7138100613306515	0.0
0.9395195769030481	-0.7187311640701008	0.0
0.9410204068981008	-0.7236416954206288	0.0
0.9425212368931536	-0.728541608765233	0.0
0.9440220668882064	-0.7334308626608432	0.0
0.9455228968832592	-0.7383094139500967	0.0
0.947023726878312	-0.7431772285924316	0.0
0.9485245568733648	-0.7480342662490873	0.0
0.9500253868684175	-0.7528804739369868	0.0
0.9515262168634704	-0.757715825755344	0.0
0.9530270468585231	-0.7625402862149588	0.0
0.954527876853576	-0.7673538066277024	0.0
0.9560287068486287	-0.772156353422941	0.0
0.9575295368436815	-0.7769478874954789	0.0
0.9590303668387343	-0.7817283717960437	0.0
0.9605311968337871	-0.7864977706413652	0.0
0.96203202682884	-0.7912560450193118	0.0
0.9635328568238927	-0.7960031613747341	0.0
0.9650336868189454	-0.800739087111958	0.0
0.9665345168139984	-0.8054637788025347	0.0
0.968035346809051	-0.810177204439132	0.0
0.969536176804104	-0.8148793338366636	0.0
0.9710370067991567	-0.8195701284667077	0.0
0.9725378367942096	-0.8242495578583507	0.0
0.9740386667892623	-0.8289175860686273	0.0
0.975539496784315	-0.8335741797413796	0.0
0.9770403267793679	-0.8382193092903512	0.0
0.9785411567744207	-0.8428529442662102	0.0
0.9800419867694735	-0.8474750451995536	0.0
0.9815428167645263	-0.8520855812340808	0.0
0.983043646759579	-0.8566845318765152	0.0
0.9845444767546319	-0.8612718562284918	0.0
0.9860453067496846	-0.8658475235333514	0.0
0.9875461367447375	-0.870411514544232	0.0
0.9890469667397902	-0.8749637939966485	0.0
0.990547796734843	-0.8795043288702263	0.0
0.9920486267298958	-0.8840330904960622	0.0
0.9935494567249485	-0.8885500516243006	0.0
0.9950502867200014	-0.8930551891230994	0.0
0.9965511167150541	-0.8975484782245406	0.0
0.9980519467101069	-0.9020298859572256	0.0
0.9995527767051597	-0.9064993788727075	0.0
1.0010536067002125	-0.9109569379802059	0.0
1.0025544366952654	-0.9154025358771098	0.0
1.0040552666903182	-0.91983614376078	0.0
1.005556096685371	-0.9242577441083929	0.0
1.0070569266804237	-0.9286673045420716	0.0
1.0085577566754764	-0.9330648024613196	0.0
1.0100585866705294	-0.9374502185250907	0.0
1.0115594166655821	-0.9418235181320921	0.0
1.0130602466606349	-0.9461846838900351	0.0
1.0145610766556876	-0.9505336924258847	0.0
1.0160619066507404	-0.9548705204119327	0.0
1.0175627366457933	-0.9591951493472973	0.0
1.019063566640846	-0.963507546151026	0.0
1.0205643966358988	-0.9678076970362642	0.0
1.0220652266309516	-0.972095580328151	0.0
1.0235660566260043	-0.9763711663658001	0.0
1.0250668866210573	-0.9806344416665859	0.0
1.02656771661611	-0.9848853891497159	0.0
1.0280685466111628	-0.9891239823700974	0.0
1.0295693766062155	-0.9933501947112169	0.0
1.0310702066012682	-0.9975640177704547	0.0
1.0325710365963212	-1.0017654327230696	0.0
1.034071866591374	-1.005954408610001	0.0
1.035572696586427	-1.0101309340064977	0.0
1.0370735265814794	-1.0142949953727922	0.0
1.0385743565765322	-1.0184465625269303	0.0
1.0400751865715852	-1.0225856204736483	0.0
1.041576016566638	-1.0267121604098621	0.0
1.0430768465616909	-1.0308261545758666	0.0
1.0445776765567436	-1.0349275883799487	0.0
1.0460785065517963	-1.0390164520816847	0.0
1.047579336546849	-1.0430927208184713	0.0
1.0490801665419018	-1.0471563766752792	0.0
1.0505809965369548	-1.0512074060607968	0.0
1.0520818265320075	-1.0552457969727258	0.0
1.0535826565270603	-1.0592715324432076	0.0
1.055083486522113	-1.063284590551895	0.0
1.0565843165171658	-1.0672849600389953	0.0
1.0580851465122187	-1.0712726300910504	0.0
1.0595859765072715	-1.0752475790423097	0.0
1.0610868065023242	-1.0792097899015434	0.0
1.062587636497377	-1.0831592593357553	0.0
1.0640884664924297	-1.0870959710675203	0.0
1.0655892964874827	-1.0910199016179978	0.0
1.0670901264825354	-1.0949310406147446	0.0
1.0685909564775882	-1.0988293791728458	0.0
1.070091786472641	-1.1027149029707504	0.0
1.0715926164676937	-1.1065875955166062	0.0
1.0730934464627466	-1.1104474419690389	0.0
1.0745942764577994	-1.1142944353854407	0.0
1.0760951064528521	-1.1181285662367912	0.0
1.0775959364479049	-1.121949813967965	0.0
1.0790967664429576	-1.1257581639170429	0.0
1.0805975964380106	-1.1295536077967903	0.0
1.0820984264330633	-1.133336138421809	0.0
1.0835992564281163	-1.1371057429324203	0.0
1.0851000864231688	-1.1408624020439586	0.0
1.0866009164182218	-1.1446061042675886	0.0
1.0881017464132745	-1.1483368506430973	0.0
1.0896025764083273	-1.1520546239468579	0.0
1.0911034064033802	-1.1557594023704667	0.0
1.0926042363984327	-1.1594511855338672	0.0
1.0941050663934857	-1.163129962276324	0.0
1.0956058963885384	-1.1667957184451083	0.0
1.0971067263835912	-1.1704484468898884	0.0
1.0986075563786442	-1.174088132566352	0.0
1.100108386373697	-1.1777147619144115	0.0
1.1016092163687496	-1.1813283345654417	0.0
1.1031100463638024	-1.1849288378735423	0.0
1.1046108763588551	-1.1885162539648904	0.0
1.106111706353908	-1.192090577260998	0.0
1.1076125363489608	-1.1956517999644203	0.0
1.1091133663440136	-1.199199910938566	0.0
1.1106141963390663	-1.2027348945136267	0.0
1.112115026334119	-1.2062567475169872	0.0
1.113615856329172	-1.2097654608898099	0.0
1.1151166863242248	-1.2132610148948602	0.0
1.1166175163192775	-1.2167434090974796	0.0
1.1181183463143303	-1.2202126379567075	0.0
1.1196191763093832	-1.223668682164035	0.0
1.121120006304436	-1.2271115284092935	0.0
1.1226208362994887	-1.2305411761221539	0.0
1.1241216662945415	-1.2339576161683903	0.0
1.1256224962895942	-1.2373608317383349	0.0
1.1271233262846472	-1.2407508179896456	0.0
1.1286241562797	-1.2441275640458795	0.0
1.1301249862747527	-1.2474910604034268	0.0
1.1316258162698054	-1.2508413033441468	0.0
1.1331266462648582	-1.2541782754183775	0.0
1.1346274762599111	-1.2575019643976422	0.0
1.1361283062549639	-1.2608123679830896	0.0
1.1376291362500166	-1.264109474584255	0.0
1.1391299662450696	-1.267393272709804	0.0
1.140630796240122	-1.2706637540494612	0.0
1.142131626235175	-1.2739209101730067	0.0
1.1436324562302278	-1.2771647297837831	0.0
1.1451332862252805	-1.2803952023304521	0.0
1.1466341162203335	-1.2836123209040624	0.0
1.1481349462153863	-1.2868160723200512	0.0
1.149635776210439	-1.290006446040863	0.0
1.1511366062054917	-1.29318343379536	0.0
1.1526374362005447	-1.2963470256987575	0.0
1.1541382661955975	-1.2994972138027756	0.0
1.1556390961906502	-1.3026339831265186	0.0
1.157139926185703	-1.30575732588995	0.0
1.1586407561807557	-1.3088672331362807	0.0
1.1601415861758086	-1.3119636920225326	0.0
1.1616424161708614	-1.315046697502284	0.0
1.1631432461659141	-1.3181162327226439	0.0
1.1646440761609669	-1.3211722865354518	0.0
1.1661449061560196	-1.3242148520816424	0.0
1.1676457361510726	-1.327243916429806	0.0
1.1691465661461253	-1.3302594714950358	0.0
1.170647396141178	-1.3332615035912432	0.0
1.1721482261362308	-1.3362500020951273	0.0
1.1736490561312836	-1.3392249566874332	0.0
1.1751498861263365	-1.342186352659704	0.0
1.1766507161213893	-1.3451341835336925	0.0
1.178151546116442	-1.3480684360297501	0.0
1.1796523761114948	-1.350989098164091	0.0
1.1811532061065475	-1.3538961603469062	0.0
1.1826540361016005	-1.3567896063640734	0.0
1.1841548660966532	-1.359669425589911	0.0
1.185655696091706	-1.3625356071849315	0.0
1.187156526086759	-1.365388138261467	0.0
1.1886573560818114	-1.3682270072860723	0.0
1.1901581860768644	-1.3710522023805385	0.0
1.1916590160719172	-1.373863710830646	0.0
1.1931598460669701	-1.3766615169189922	0.0
1.1946606760620229	-1.3794456103794839	0.0
1.1961615060570754	-1.382215981482438	0.0
1.1976623360521284	-1.3849726100077708	0.0
1.199163166047181	-1.387715485541163	0.0
1.200663996042234	-1.390444597174315	0.0
1.2021648260372868	-1.393159925879086	0.0
1.2036656560323395	-1.3958614604170074	0.0
1.2051664860273923	-1.3985491931143772	0.0
1.206667316022445	-1.4012231094762744	0.0
1.208168146017498	-1.4038831837152055	0.0
1.2096689760125507	-1.406529404789436	0.0
1.2111698060076035	-1.4091617675325985	0.0
1.2126706360026562	-1.4117802520896743	0.0
1.214171465997709	-1.4143848462217137	0.0
1.215672295992762	-1.4169755352156348	0.0
1.2171731259878147	-1.4195522968090755	0.0
1.2186739559828674	-1.422115119108398	0.0
1.2201747859779202	-1.424663994133588	0.0
1.221675615972973	-1.4271989015299962	0.0
1.2231764459680259	-1.4297198186741187	0.0
1.2246772759630786	-1.4322267371006945	0.0
1.2261781059581316	-1.4347196451547197	0.0
1.2276789359531841	-1.4371985202056001	0.0
1.2291797659482369	-1.439663346133884	0.0
1.2306805959432898	-1.4421141122239034	0.0
1.2321814259383426	-1.4445507953600327	0.0
1.2336822559333955	-1.4469733791768495	0.0
1.235183085928448	-1.4493818565869594	0.0
1.2366839159235008	-1.4517762025384	0.0
1.2381847459185538	-1.4541563958757653	0.0
1.2396855759136065	-1.4565224285095741	0.0
1.2411864059086595	-1.4588742816239115	0.0
1.2426872359037122	-1.461211931950201	0.0
1.2441880658987647	-1.4635353652984366	0.0
1.2456888958938177	-1.4658445687221113	0.0
1.2471897258888704	-1.468139519356079	0.0
1.2486905558839234	-1.4704201954588232	0.0
1.2501913858789762	-1.4726865855573021	0.0
1.251692215874029	-1.4749386705322223	0.0
1.2531930458690816	-1.47717642941116	0.0
1.2546938758641344	-1.4793998478356074	0.0
1.2561947058591874	-1.4816089052723516	0.0
1.25769553585424	-1.4838035787734607	0.0
1.2591963658492928	-1.4859838515911938	0.0
1.2606971958443456	-1.4881497081768866	0.0
1.2621980258393983	-1.4903011286747643	0.0
1.2636988558344513	-1.4924380949739133	0.0
1.265199685829504	-1.494560583587801	0.0
1.2667005158245568	-1.4966685730985152	0.0
1.2682013458196095	-1.4987620487055278	0.0
1.2697021758146623	-1.5008409891659056	0.0
1.2712030058097152	-1.5029053778120742	0.0
1.272703835804768	-1.5049551938542634	0.0
1.2742046657998207	-1.506990408870358	0.0
1.2757054957948735	-1.5090110110330193	0.0
1.2772063257899262	-1.5110169865420198	0.0
1.2787071557849792	-1.5130083052831518	0.0
1.280207985780032	-1.5149849479509312	0.0
1.2817088157750849	-1.5169468980656533	0.0
1.2832096457701374	-1.5188941299365224	0.0
1.2847104757651902	-1.5208266204187317	0.0
1.2862113057602431	-1.5227443555322284	0.0
1.2877121357552959	-1.5246473198542008	0.0
1.2892129657503488	-1.5265354836072904	0.0
1.2907137957454016	-1.5284088250507528	0.0
1.292214625740454	-1.5302673270443972	0.0
1.293715455735507	-1.5321109680058536	0.0
1.2952162857305598	-1.5339397281228742	0.0
1.2967171157256128	-1.5357535853258673	0.0
1.2982179457206655	-1.5375525199103228	0.0
1.2997187757157183	-1.5393365076754029	0.0
1.301219605710771	-1.5411055278982284	0.0
1.3027204357058237	-1.5428595649990633	0.0
1.3042212657008767	-1.544598590897921	0.0
1.3057220956959295	-1.5463225816390185	0.0
1.3072229256909822	-1.5480315237631534	0.0
1.308723755686035	-1.549725398142904	0.0
1.3102245856810877	-1.5514041795902067	0.0
1.3117254156761406	-1.553067839790832	0.0
1.3132262456711934	-1.554716363091044	0.0
1.3147270756662461	-1.5563497312075294	0.0
1.3162279056612989	-1.5579679177090138	0.0
1.3177287356563516	-1.5595709038891208	0.0
1.3192295656514046	-1.5611586684175853	0.0
1.3207303956464573	-1.5627311947355114	0.0
1.32223122564151	-1.564288460028867	0.0
1.3237320556365628	-1.5658304314351539	0.0
1.3252328856316156	-1.5673570925255997	0.0
1.3267337156266685	-1.5688684312560424	0.0
1.3282345456217213	-1.5703644206723508	0.0
1.3297353756167742	-1.571845039120562	0.0
1.3312362056118268	-1.5733102678214208	0.0
1.3327370356068795	-1.5747600801274064	0.0
1.3342378656019325	-1.5761944598968303	0.0
1.3357386955969852	-1.5776133892600164	0.0
1.3372395255920382	-1.5790168469577108	0.0
1.3387403555870907	-1.5804048089097664	0.0
1.3402411855821437	-1.5817772482910382	0.0
1.3417420155771964	-1.5831341503198693	0.0
1.3432428455722492	-1.5844754946887576	0.0
1.3447436755673021	-1.5858012653252842	0.0
1.3462445055623549	-1.587111441928816	0.0
1.3477453355574076	-1.5884059954749632	0.0
1.3492461655524604	-1.5896849098920651	0.0
1.350746995547513	-1.59094816818842	0.0
1.352247825542566	-1.592195749090369	0.0
1.3537486555376188	-1.5934276290157974	0.0
1.3552494855326715	-1.5946437936465503	0.0
1.3567503155277243	-1.595844223008285	0.0
1.358251145522777	-1.597028891361545	0.0
1.35975197551783	-1.5981977896671258	0.0
1.3612528055128827	-1.5993508961750162	0.0
1.3627536355079355	-1.6004881811210823	0.0
1.3642544655029882	-1.6016096356491984	0.0
1.365755295498041	-1.6027152447537618	0.0
1.367256125493094	-1.6038049790874709	0.0
1.3687569554881467	-1.604878829342204	0.0
1.3702577854831994	-1.60593677731852	0.0
1.3717586154782522	-1.6069787946831913	0.0
1.3732594454733051	-1.6080048725689822	0.0
1.3747602754683579	-1.609014993285023	0.0
1.3762611054634106	-1.6100091407310664	0.0
1.3777619354584634	-1.6109872955076265	0.0
1.3792627654535161	-1.611949429508575	0.0
1.380763595448569	-1.6128955414232187	0.0
1.3822644254436218	-1.613825619981493	0.0
1.3837652554386746	-1.6147396306480126	0.0
1.3852660854337275	-1.6156375629042163	0.0
1.38676691542878	-1.6165194105596101	0.0
1.388267745423833	-1.6173851455692285	0.0
1.3897685754188858	-1.6182347563083392	0.0
1.3912694054139385	-1.61906823800017	0.0
1.3927702354089915	-1.6198855681353577	0.0
1.3942710654040442	-1.6206867240083347	0.0
1.395771895399097	-1.6214716917638403	0.0
1.3972727253941497	-1.622240469208513	0.0
1.3987735553892024	-1.622993040749721	0.0
1.4002743853842554	-1.6237293845198488	0.0
1.4017752153793082	-1.6244494898388133	0.0
1.403276045374361	-1.625153348356693	0.0
1.4047768753694136	-1.62584094681011	0.0
1.4062777053644664	-1.6265122687004354	0.0
1.4077785353595194	-1.62716729834979	0.0
1.409279365354572	-1.627806024821429	0.0
1.4107801953496248	-1.6284284481694313	0.0
1.4122810253446776	-1.6290345509518576	0.0
1.4137818553397306	-1.6296243149787533	0.0
1.4152826853347833	-1.6301977370126086	0.0
1.416783515329836	-1.6307548020314644	0.0
1.4182843453248888	-1.6312955006669059	0.0
1.4197851753199415	-1.6318198266800648	0.0
1.4212860053149945	-1.6323277678948283	0.0
1.4227868353100472	-1.6328193129770066	0.0
1.4242876653051	-1.6332944563900131	0.0
1.4257884953001527	-1.6337531971279615	0.0
1.4272893252952055	-1.634195514134975	0.0
1.4287901552902584	-1.6346213957202853	0.0
1.4302909852853112	-1.6350308489500907	0.0
1.431791815280364	-1.6354238621163446	0.0
1.4332926452754169	-1.6358004233206027	0.0
1.4347934752704694	-1.6361605301122628	0.0
1.4362943052655224	-1.63650417699608	0.0
1.4377951352605751	-1.636831355803968	0.0
1.4392959652556279	-1.6371420635957223	0.0
1.4407967952506808	-1.6374362956005697	0.0
1.4422976252457334	-1.6377140418800644	0.0
1.4437984552407863	-1.6379753011188454	0.0
1.445299285235839	-1.6382200721243954	0.0
1.446800115230892	-1.6384483501697489	0.0
1.4483009452259448	-1.638660128449738	0.0
1.4498017752209975	-1.6388554062895042	0.0
1.4513026052160503	-1.6390341825052164	0.0
1.452803435211103	-1.6391964512291821	0.0
1.454304265206156	-1.6393422151459034	0.0
1.4558050952012087	-1.6394714699191826	0.0
1.4573059251962615	-1.6395842169478465	0.0
1.4588067551913142	-1.639680462061731	0.0
1.460307585186367	-1.639760195217063	0.0
1.46180841518142	-1.6398234107315504	0.0
1.4633092451764727	-1.6398701151360227	0.0
1.4648100751715254	-1.6399003161852508	0.0
1.4663109051665781	-1.6399140148136986	0.0
1.4678117351616309	-1.6399112125313886	0.0
1.4693125651566838	-1.6398919039463558	0.0
1.4708133951517366	-1.639856092588583	0.0
1.4723142251467893	-1.6398037923909796	0.0
1.473815055141842	-1.6397349927213978	0.0
1.4753158851368948	-1.63964969671904	0.0
1.4768167151319478	-1.6395479216171933	0.0
1.4783175451270005	-1.6394296675334767	0.0
1.4798183751220533	-1.639294937002675	0.0
1.481319205117106	-1.6391437364825023	0.0
1.4828200351121588	-1.6389760745565765	0.0
1.4843208651072117	-1.6387919494423415	0.0
1.4858216951022645	-1.6385913682527273	0.0
1.4873225250973174	-1.6383743521983658	0.0
1.4888233550923702	-1.63814089706058	0.0
1.4903241850874227	-1.637891005785665	0.0
1.4918250150824757	-1.6376247000576787	0.0
1.4933258450775284	-1.6373419832481526	0.0
1.4948266750725814	-1.637042857928063	0.0
1.4963275050676341	-1.6367273403241394	0.0
1.4978283350626869	-1.6363954387942772	0.0
1.4993291650577396	-1.636047165117069	0.0
1.5008299950527924	-1.635682532276114	0.0
1.5023308250478453	-1.6353015420538435	0.0
1.503831655042898	-1.6349042079655152	0.0
1.5053324850379508	-1.6344905510101857	0.0
1.5068333150330036	-1.6340605808205517	0.0
1.5083341450280563	-1.6336143012221747	0.0
1.5098349750231093	-1.633151730197852	0.0
1.511335805018162	-1.6326728885043131	0.0
1.5128366350132147	-1.632177783692844	0.0
1.5143374650082675	-1.6316664265739358	0.0
1.5158382950033202	-1.6311388379473264	0.0
1.5173391249983732	-1.6305950345574105	0.0
1.518839954993426	-1.6300350214557513	0.0
1.5203407849884787	-1.629458820886577	0.0
1.5218416149835314	-1.62886645762571	0.0
1.5233424449785842	-1.6282579359652205	0.0
1.5248432749736371	-1.6276332738111514	0.0
1.5263441049686899	-1.6269924946271623	0.0
1.5278449349637429	-1.6263356143386982	0.0
1.5293457649587954	-1.625662654630553	0.0
1.5308465949538481	-1.6249736305164546	0.0
1.532347424948901	-1.6242685556523697	0.0
1.5338482549439538	-1.6235474570389492	0.0
1.5353490849390068	-1.6228103491721948	0.0
1.5368499149340595	-1.6220572512474405	0.0
1.538350744929112	-1.621288196588355	0.0
1.539851574924165	-1.6205031964098178	0.0
1.5413524049192178	-1.6197022679146753	0.0
1.5428532349142707	-1.6188854388308211	0.0
1.5443540649093235	-1.6180527305322987	0.0
1.545854894904376	-1.617204166408189	0.0
1.547355724899429	-1.6163397648784779	0.0
1.5488565548944817	-1.6154595534068608	0.0
1.5503573848895347	-1.6145635581153874	0.0
1.5518582148845874	-1.6136517893576117	0.0
1.5533590448796402	-1.6127242781945386	0.0
1.5548598748746927	-1.6117810595898292	0.0
1.5563607048697456	-1.6108221468681534	0.0
1.5578615348647986	-1.6098475656527809	0.0
1.5593623648598514	-1.608857343751604	0.0
1.560863194854904	-1.6078515094960297	0.0
1.5623640248499568	-1.6068300933329887	0.0
1.5638648548450098	-1.6057931127694758	0.0
1.5653656848400623	-1.6047405925588345	0.0
1.5668665148351153	-1.6036725577655766	0.0
1.568367344830168	-1.6025890474085789	0.0
1.5698681748252208	-1.6014900909528684	0.0
1.5713690048202735	-1.6003757003022674	0.0
1.5728698348153265	-1.5992459161458212	0.0
1.5743706648103795	-1.5981007692439184	0.0
1.575871494805432	-1.596940277128077	0.0
1.5773723248004847	-1.5957644771146797	0.0
1.5788731547955377	-1.5945734012809585	0.0
1.5803739847905902	-1.59336707036802	0.0
1.5818748147856432	-1.5921455196719425	0.0
1.5833756447806961	-1.5909087819800665	0.0
1.584876474775749	-1.589656883556438	0.0
1.5863773047708014	-1.5883898574520283	0.0
1.5878781347658544	-1.587107736902478	0.0
1.5893789647609073	-1.5858105482329712	0.0
1.5908797947559599	-1.5844983206444492	0.0
1.5923806247510128	-1.583171098513362	0.0
1.5938814547460656	-1.5818289098125449	0.0
1.595382284741118	-1.580471780690686	0.0
1.596883114736171	-1.5790997474394628	0.0
1.598383944731224	-1.5777128418942232	0.0
1.5998847747262768	-1.5763111020951037	0.0
1.6013856047213293	-1.5748945593016546	0.0
1.6028864347163823	-1.5734632433186118	0.0
1.6043872647114352	-1.5720171873655375	0.0
1.6058880947064877	-1.5705564297055772	0.0
1.6073889247015407	-1.56908101207059	0.0
1.6088897546965935	-1.5675909606506246	0.0
1.6103905846916464	-1.5660863066989292	0.0
1.611891414686699	-1.564567085918088	0.0
1.613392244681752	-1.5630333357390958	0.0
1.6148930746768049	-1.5614850977760422	0.0
1.6163939046718574	-1.559922404360473	0.0
1.6178947346669101	-1.5583452923196646	0.0
1.619395564661963	-1.5567537917043428	0.0
1.6208963946570156	-1.5551479339358958	0.0
1.6223972246520686	-1.553527769873151	0.0
1.6238980546471213	-1.5518933357316145	0.0
1.6253988846421743	-1.5502446571643946	0.0
1.6268997146372268	-1.5485817714074832	0.0
1.6284005446322798	-1.5469047205295787	0.0
1.6299013746273328	-1.5452135423038187	0.0
1.6314022046223853	-1.5435082681028223	0.0
1.632903034617438	-1.5417889444032407	0.0
1.634403864612491	-1.5400556088833643	0.0
1.6359046946075435	-1.5383082941835184	0.0
1.6374055246025965	-1.5365470402675043	0.0
1.6389063545976494	-1.5347718799094145	0.0
1.6404071845927022	-1.5329828540001043	0.0
1.6419080145877547	-1.5311800010511336	0.0
1.6434088445828077	-1.5293633605115184	0.0
1.6449096745778606	-1.5275329732878287	0.0
1.6464105045729132	-1.5256888750185091	0.0
1.6479113345679661	-1.523831104997252	0.0
1.6494121645630189	-1.521959698634438	0.0
1.6509129945580718	-1.5200746984629814	0.0
1.6524138245531244	-1.5181761498154505	0.0
1.6539146545481773	-1.5162640834275858	0.0
1.65541548454323	-1.5143385353778924	0.0
1.6569163145382828	-1.5123995474224845	0.0
1.6584171445333356	-1.510447165543396	0.0
1.6599179745283885	-1.5084814311528394	0.0
1.661418804523441	-1.506502370572398	0.0
1.662919634518494	-1.504510022070111	0.0
1.6644204645135467	-1.5025044387089281	0.0
1.6659212945085997	-1.5004856628423566	0.0
1.6674221245036522	-1.4984537257593773	0.0
1.6689229544987052	-1.4964086646418566	0.0
1.6704237844937582	-1.4943505217781214	0.0
1.6719246144888107	-1.4922793382440969	0.0
1.6734254444838634	-1.490195149050489	0.0
1.6749262744789164	-1.4880979951589677	0.0
1.676427104473969	-1.4859879271074072	0.0
1.6779279344690219	-1.483864980688107	0.0
1.6794287644640746	-1.4817291902700465	0.0
1.6809295944591276	-1.479580601221976	0.0
1.6824304244541801	-1.477419249940463	0.0
1.683931254449233	-1.4752451683617986	0.0
1.685432084444286	-1.473058411344051	0.0
1.6869329144393386	-1.4708590211446753	0.0
1.6884337444343913	-1.4686470247731656	0.0
1.6899345744294443	-1.4664224693333239	0.0
1.6914354044244972	-1.4641853946210182	0.0
1.6929362344195498	-1.4619358399648492	0.0
1.6944370644146027	-1.4596738443025186	0.0
1.6959378944096555	-1.4573994465895406	0.0
1.697438724404708	-1.4551126930958407	0.0
1.698939554399761	-1.4528136180871205	0.0
1.700440384394814	-1.4505022619034855	0.0
1.7019412143898665	-1.448178672427644	0.0
1.7034420443849194	-1.445842881798389	0.0
1.7049428743799722	-1.4434949266088144	0.0
1.7064437043750251	-1.4411348577165963	0.0
1.7079445343700776	-1.438762709255851	0.0
1.7094453643651306	-1.4363785195748329	0.0
1.7109461943601834	-1.433982335562983	0.0
1.712447024355236	-1.4315741855440582	0.0
1.7139478543502888	-1.429154116602143	0.0
1.7154486843453418	-1.4267221766674403	0.0
1.7169495143403943	-1.4242783918947532	0.0
1.7184503443354473	-1.4218228027568827	0.0
1.7199511743305	-1.4193554570479165	0.0
1.721452004325553	-1.4168763912912263	0.0
1.7229528343206055	-1.4143856419913687	0.0
1.7244536643156585	-1.4118832479280987	0.0
1.7259544943107115	-1.4093692525612087	0.0
1.727455324305764	-1.4068436995843152	0.0
1.7289561543008167	-1.404306624831137	0.0
1.7304569842958697	-1.4017580613048617	0.0
1.7319578142909227	-1.399198042913734	0.0
1.7334586442859752	-1.396626621871881	0.0
1.7349594742810281	-1.3940438426523771	0.0
1.736460304276081	-1.391449731552321	0.0
1.7379611342711334	-1.3888443292619979	0.0
1.7394619642661864	-1.3862276793213284	0.0
1.7409627942612393	-1.3835998130144813	0.0
1.7424636242562919	-1.3809607713792507	0.0
1.7439644542513446	-1.3783106020546558	0.0
1.7454652842463976	-1.3756493364374704	0.0
1.7469661142414505	-1.3729770089682716	0.0
1.748466944236503	-1.3702936666583363	0.0
1.749967774231556	-1.367599346110702	0.0
1.7514686042266088	-1.3648940793875106	0.0
1.7529694342216613	-1.3621779048552691	0.0
1.7544702642167143	-1.359450865559955	0.0
1.7559710942117672	-1.3567130021071012	0.0
1.75747192420682	-1.3539643436558007	0.0
1.7589727542018727	-1.3512049243336552	0.0
1.7604735841969255	-1.3484347940330732	0.0
1.7619744141919784	-1.3456539961096228	0.0
1.763475244187031	-1.3428625527330489	0.0
1.764976074182084	-1.3400605029274897	0.0
1.7664769041771367	-1.3372478922472797	0.0
1.7679777341721894	-1.3344247499457444	0.0
1.7694785641672421	-1.331591119769965	0.0
1.770979394162295	-1.3287470335440326	0.0
1.772480224157348	-1.3258925232709027	0.0
1.7739810541524006	-1.3230276388166087	0.0
1.7754818841474533	-1.3201524130033526	0.0
1.7769827141425063	-1.3172668808705232	0.0
1.7784835441375588	-1.3143710758075329	0.0
1.7799843741326118	-1.3114650302699686	0.0
1.7814852041276648	-1.3085487889413658	0.0
1.7829860341227173	-1.3056223887978653	0.0
1.78448686411777	-1.302685864469677	0.0
1.785987694112823	-1.2997392502146525	0.0
1.787488524107876	-1.2967825835423854	0.0
1.7889893541029285	-1.293815905462464	0.0
1.7904901840979814	-1.2908392422122725	0.0
1.7919910140930342	-1.2878526272535686	0.0
1.7934918440880867	-1.2848561019395919	0.0
1.7949926740831397	-1.281849703058987	0.0
1.7964935040781926	-1.2788334655975353	0.0
1.7979943340732454	-1.2758074255244893	0.0
1.7994951640682981	-1.2727716232198765	0.0
1.8009959940633509	-1.2697260821093654	0.0
1.8024968240584038	-1.2666708342710558	0.0
1.8039976540534564	-1.2636059303072975	0.0
1.8054984840485093	-1.2605314015788813	0.0
1.806999314043562	-1.2574472683512405	0.0
1.8085001440386146	-1.2543535731152469	0.0
1.8100009740336676	-1.2512503624134816	0.0
1.8115018040287205	-1.248137660226095	0.0
1.8130026340237735	-1.2450154996891796	0.0
1.814503464018826	-1.2418839227020189	0.0
1.8160042940138788	-1.2387429609773477	0.0
1.8175051240089317	-1.2355926405771887	0.0
1.8190059540039842	-1.2324329930903088	0.0
1.8205067839990372	-1.2292640662800411	0.0
1.82200761399409	-1.226085895708115	0.0
1.8235084439891427	-1.2228985031216209	0.0
1.8250092739841954	-1.2197019228854173	0.0
1.8265101039792484	-1.2164961987182399	0.0
1.8280109339743014	-1.2132813554269055	0.0
1.8295117639693539	-1.2100574220243225	0.0
1.8310125939644066	-1.2068244483285704	0.0
1.8325134239594596	-1.203582461614932	0.0
1.8340142539545121	-1.2003314871584219	0.0
1.835515083949565	-1.1970715645618841	0.0
1.837015913944618	-1.193802720894904	0.0
1.8385167439396708	-1.1905249921480192	0.0
1.8400175739347233	-1.187238424725273	0.0
1.8415184039297763	-1.1839430400682946	0.0
1.8430192339248292	-1.1806388606204337	0.0
1.8445200639198818	-1.177325929654499	0.0
1.8460208939149347	-1.1740042838199867	0.0
1.8475217239099875	-1.1706739530583825	0.0
1.84902255390504	-1.1673349676771407	0.0
1.850523383900093	-1.1639873611603797	0.0
1.852024213895146	-1.1606311700716019	0.0
1.8535250438901987	-1.15726642338388	0.0
1.8550258738852514	-1.1538931453889776	0.0
1.8565267038803042	-1.1505113753524254	0.0
1.8580275338753571	-1.1471211601461646	0.0
1.8595283638704097	-1.143722519513473	0.0
1.8610291938654626	-1.1403154655020942	0.0
1.8625300238605154	-1.1369000447180255	0.0
1.864030853855568	-1.1334763128691159	0.0
1.8655316838506208	-1.1300442876834964	0.0
1.8670325138456738	-1.126603989980122	0.0
1.8685333438407268	-1.1231554561029953	0.0
1.8700341738357793	-1.1196987177509197	0.0
1.871535003830832	-1.116233814239037	0.0
1.873035833825885	-1.1127607743618058	0.0
1.8745366638209375	-1.1092796285930113	0.0
1.8760374938159905	-1.1057904058336092	0.0
1.8775383238110435	-1.1022931339180253	0.0
1.8790391538060962	-1.0987878586036623	0.0
1.8805399838011487	-1.0952746068888686	0.0
1.8820408137962017	-1.0917534040801646	0.0
1.8835416437912547	-1.0882242906744137	0.0
1.8850424737863072	-1.0846872910370642	0.0
1.88654330378136	-1.0811424416454745	0.0
1.888044133776413	-1.0775897779051227	0.0
1.8895449637714654	-1.0740293086067374	0.0
1.8910457937665184	-1.0704610790287985	0.0
1.8925466237615713	-1.0668851449759909	0.0
1.894047453756624	-1.0633015144717477	0.0
1.8955482837516766	-1.0597102120435609	0.0
1.8970491137467296	-1.0561112853039023	0.0
1.8985499437417825	-1.0525047613309522	0.0
1.900050773736835	-1.0488906628112455	0.0
1.901551603731888	-1.045269030245111	0.0
1.9030524337269408	-1.0416398986341746	0.0
1.9045532637219937	-1.0380032896081315	0.0
1.9060540937170463	-1.0343592444983347	0.0
1.9075549237120992	-1.0307077948394283	0.0
1.909055753707152	-1.0270489607436244	0.0
1.9105565837022047	-1.0233827795626436	0.0
1.9120574136972575	-1.0197092827970227	0.0
1.9135582436923104	-1.0160285051658837	0.0
1.915059073687363	-1.0123404791489476	0.0
1.916559903682416	-1.008645234802693	0.0
1.9180607336774687	-1.004942801732395	0.0
1.9195615636725216	-1.0012332075279469	0.0
1.9210623936675741	-0.9975164965683927	0.0
1.922563223662627	-0.9937926940418524	0.0
1.92406405365768	-0.9900618239734118	0.0
1.9255648836527326	-0.9863239276230165	0.0
1.9270657136477853	-0.9825790345165673	0.0
1.9285665436428383	-0.978827177947978	0.0
1.9300673736378908	-0.9750683886709239	0.0
1.9315682036329438	-0.9713026964766094	0.0
1.9330690336279968	-0.9675301333613135	0.0
1.9345698636230495	-0.9637507290909226	0.0
1.936070693618102	-0.9599645244355739	0.0
1.937571523613155	-0.9561715528597505	0.0
1.939072353608208	-0.9523718339919092	0.0
1.9405731836032605	-0.9485654040114757	0.0
1.9420740135983134	-0.9447523050032838	0.0
1.9435748435933662	-0.9409325541896003	0.0
1.9450756735884192	-0.9371061856410405	0.0
1.9465765035834717	-0.9332732458660076	0.0
1.9480773335785246	-0.9294337580030121	0.0
1.9495781635735774	-0.9255877511600807	0.0
1.95107899356863	-0.9217352637917011	0.0
1.9525798235636829	-0.9178763254255475	0.0
1.9540806535587358	-0.9140109676419501	0.0
1.9555814835537884	-0.9101392224848164	0.0
1.9570823135488413	-0.9062611249635855	0.0
1.958583143543894	-0.9023767120308386	0.0
1.960083973538947	-0.8984860080181256	0.0
1.9615848035339996	-0.8945890469146593	0.0
1.9630856335290525	-0.8906858674390132	0.0
1.9645864635241053	-0.8867765006188073	0.0
1.966087293519158	-0.8828609724772634	0.0
1.9675881235142108	-0.8789393248704536	0.0
1.9690889535092637	-0.8750115947864565	0.0
1.9705897835043162	-0.8710777978217172	0.0
1.9720906134993692	-0.867137977950516	0.0
1.973591443494422	-0.863192172419565	0.0
1.975092273489475	-0.8592404038992547	0.0
1.9765931034845274	-0.8552827126568658	0.0
1.9780939334795804	-0.851319136656921	0.0
1.9795947634746334	-0.84734970413106	0.0
1.981095593469686	-0.8433744443602778	0.0
1.9825964234647386	-0.8393933944647174	0.0
1.9840972534597916	-0.8354065901007011	0.0
1.9855980834548446	-0.8314140628857125	0.0
1.987098913449897	-0.8274158434298606	0.0
1.98859974344495	-0.8234119788336778	0.0
1.9901005734400028	-0.8194025000223606	0.0
1.9916014034350553	-0.8153874223989668	0.0
1.9931022334301083	-0.8113667931740269	0.0
1.9946030634251612	-0.807340651971858	0.0
1.9961038934202138	-0.8033090234745086	0.0
1.9976047234152667	-0.799271942164751	0.0
1.9991055534103195	-0.7952294535584852	0.0
2.0006063834053722	-0.791181586591102	0.0
2.002107213400425	-0.7871283622306675	0.0
2.0036080433954777	-0.7830698275241312	0.0
2.005108873390531	-0.779006026110757	0.0
2.006609703385583	-0.774936987883923	0.0
2.0081105333806364	-0.7708627340556338	0.0
2.009611363375689	-0.7667833033657225	0.0
2.011112193370742	-0.762698744208161	0.0
2.0126130233657946	-0.7586090802155003	0.0
2.0141138533608474	-0.7545143488888071	0.0
2.0156146833559005	-0.7504145901873902	0.0
2.017115513350953	-0.746309832494022	0.0
2.0186163433460056	-0.742200113155953	0.0
2.020117173341059	-0.7380854639078147	0.0
2.021618003336111	-0.7339659312032552	0.0
2.0231188333311643	-0.7298415513119412	0.0
2.024619663326217	-0.7257123441338718	0.0
2.0261204933212698	-0.7215783546262429	0.0
2.0276213233163225	-0.717439621616299	0.0
2.0291221533113752	-0.7132961775301518	0.0
2.0306229833064284	-0.7091480549727072	0.0
2.0321238133014807	-0.7049952902395697	0.0
2.0336246432965335	-0.7008379324599419	0.0
2.0351254732915867	-0.6966760116946054	0.0
2.036626303286639	-0.6925095523916365	0.0
2.038127133281692	-0.688338590846671	0.0
2.039627963276745	-0.6841631764967311	0.0
2.0411287932717976	-0.6799833524635042	0.0
2.0426296232668504	-0.67579914574487	0.0
2.044130453261903	-0.6716105880761403	0.0
2.0456312832569563	-0.6674177069961762	0.0
2.0471321132520086	-0.6632205542623242	0.0
2.048632943247062	-0.6590191791481601	0.0
2.0501337732421145	-0.6548135945574385	0.0
2.0516346032371673	-0.6506038381786841	0.0
2.05313543323222	-0.646389963625386	0.0
2.0546362632272728	-0.6421720018183361	0.0
2.0561370932223255	-0.6379499900656462	0.0
2.0576379232173783	-0.6337239683659273	0.0
2.059138753212431	-0.6294939673446338	0.0
2.060639583207484	-0.6252600207238441	0.0
2.0621404132025365	-0.6210221713352895	0.0
2.0636412431975897	-0.6167804615704398	0.0
2.0651420731926424	-0.6125349196903274	0.0
2.066642903187695	-0.6082855935387661	0.0
2.068143733182748	-0.6040325220655685	0.0
2.0696445631778007	-0.5997757321224941	0.0
2.071145393172854	-0.5955152673830619	0.0
2.072646223167906	-0.5912511645481402	0.0
2.074147053162959	-0.5869834677626424	0.0
2.075647883158012	-0.5827122051045144	0.0
2.0771487131530644	-0.5784374102836538	0.0
2.0786495431481176	-0.5741591417163174	0.0
2.0801503731431703	-0.5698774271367888	0.0
2.081651203138223	-0.5655923016601108	0.0
2.083152033133276	-0.561303811761724	0.0
2.0846528631283285	-0.5570119883779576	0.0
2.0861536931233817	-0.5527168724740144	0.0
2.087654523118434	-0.5484185051242476	0.0
2.089155353113487	-0.5441169243820718	0.0
2.09065618310854	-0.5398121633941548	0.0
2.0921570131035927	-0.5355042617979553	0.0
2.0936578430986454	-0.531193268000987	0.0
2.095158673093698	-0.5268792181834967	0.0
2.096659503088751	-0.5225621457367229	0.0
2.0981603330838037	-0.518242090097395	0.0
2.0996611630788564	-0.513919092397584	0.0
2.1011619930739096	-0.5095931919894374	0.0
2.102662823068962	-0.5052644219839928	0.0
2.104163653064015	-0.5009328303092877	0.0
2.105664483059068	-0.4965984724276127	0.0
2.1071653130541206	-0.49226136094967843	0.0
2.1086661430491733	-0.48792152756506435	0.0
2.110166973044226	-0.48357903795157164	0.0
2.111667803039279	-0.47923392374425733	0.0
2.1131686330343316	-0.474886217394082	0.0
2.1146694630293843	-0.47053596848201606	0.0
2.1161702930244375	-0.46618321499553694	0.0
2.11767112301949	-0.461827987024668	0.0
2.119171953014543	-0.4574703285592385	0.0
2.1206727830095957	-0.4531102876553492	0.0
2.1221736130046485	-0.4487478936757172	0.0
2.123674442999701	-0.4443831947976795	0.0
2.125175272994754	-0.44001623925841526	0.0
2.126676102989807	-0.4356470440559521	0.0
2.1281769329848594	-0.4312756550559107	0.0
2.129677762979912	-0.4269021242812605	0.0
2.1311785929749654	-0.42252648877923527	0.0
2.132679422970018	-0.41814878354658247	0.0
2.134180252965071	-0.41376905026522093	0.0
2.1356810829601236	-0.4093873323235826	0.0
2.1371819129551763	-0.40500366738556903	0.0
2.138682742950229	-0.4006180974817719	0.0
2.140183572945282	-0.39623065716714323	0.0
2.141684402940335	-0.39184139954473163	0.0
2.1431852329353873	-0.387450364892848	0.0
2.1446860629304405	-0.38305757917327754	0.0
2.1461868929254933	-0.37866308826146877	0.0
2.147687722920546	-0.3742669370228138	0.0
2.1491885529155987	-0.3698691657138806	0.0
2.1506893829106515	-0.36546980857689393	0.0
2.1521902129057042	-0.36106891398572194	0.0
2.153691042900757	-0.35666652816759425	0.0
2.1551918728958097	-0.3522626823503143	0.0
2.156692702890863	-0.34785741354890076	0.0
2.158193532885915	-0.343450765513581	0.0
2.1596943628809684	-0.33904279566643103	0.0
2.161195192876021	-0.3346335324413803	0.0
2.162696022871074	-0.33022300431422336	0.0
2.1641968528661266	-0.3258112705086089	0.0
2.1656976828611794	-0.3213983744299296	0.0
2.1671985128562326	-0.3169843474227312	0.0
2.168699342851285	-0.3125692247269132	0.0
2.1702001728463376	-0.3081530540531545	0.0
2.171701002841391	-0.3037358839253419	0.0
2.1732018328364435	-0.29931775321823806	0.0
2.1747026628314963	-0.29489869838966287	0.0
2.176203492826549	-0.29047875993637606	0.0
2.1777043228216018	-0.28605798287380857	0.0
2.1792051528166545	-0.28163641319869215	0.0
2.1807059828117072	-0.27721408693381333	0.0
2.1822068128067604	-0.272791037384738	0.0
2.1837076428018127	-0.26836731837852335	0.0
2.1852084727968655	-0.26394297610671424	0.0
2.1867093027919187	-0.2595180403017612	0.0
2.1882101327869714	-0.25509255218263127	0.0
2.189710962782024	-0.250666562445369	0.0
2.191211792777077	-0.24624011025293502	0.0
2.1927126227721296	-0.2418132299497764	0.0
2.1942134527671824	-0.23738597253832183	0.0
2.195714282762235	-0.23295837909921446	0.0
2.1972151127572883	-0.22853048749349814	0.0
2.198715942752341	-0.22410234272459517	0.0
2.200216772747394	-0.21967397959998936	0.0
2.2017176027424465	-0.2152454470172016	0.0
2.2032184327374993	-0.21081679395251718	0.0
2.204719262732552	-0.2063880531824256	0.0
2.2062200927276048	-0.2019592646083408	0.0
2.2077209227226575	-0.19753047372763088	0.0
2.2092217527177103	-0.19310172176253948	0.0
2.210722582712763	-0.188673050723547	0.0
2.212223412707816	-0.18424451187363888	0.0
2.213724242702869	-0.1798161377436529	0.0
2.2152250726979217	-0.1753879651119301	0.0
2.2167259026929744	-0.17096005847702833	0.0
2.218226732688027	-0.16653245109519044	0.0
2.21972756268308	-0.16210516885945392	0.0
2.2212283926781327	-0.15767826340813929	0.0
2.222729222673186	-0.1532517796056141	0.0
2.224230052668238	-0.14882576221986143	0.0
2.225730882663291	-0.14440025922367017	0.0
2.227231712658344	-0.1399753050600312	0.0
2.228732542653397	-0.13555093709103438	0.0
2.2302333726484496	-0.13112720582407333	0.0
2.2317342026435023	-0.1267041537536	0.0
2.233235032638555	-0.1222818250699036	0.0
2.234735862633608	-0.11786026374791447	0.0
2.2362366926286605	-0.1134395015443086	0.0
2.2377375226237137	-0.10901959039117326	0.0
2.2392383526187665	-0.10460057656770938	0.0
2.2407391826138188	-0.10018249420520409	0.0
2.242240012608872	-0.09576538975763382	0.0
2.2437408426039247	-0.09134930401010899	0.0
2.2452416725989774	-0.08693428561967997	0.0
2.24674250259403	-0.08252038232855274	0.0
2.248243332589083	-0.0781076276178907	0.0
2.2497441625841357	-0.07369606158025865	0.0
2.2512449925791884	-0.06928573109089786	0.0
2.2527458225742416	-0.06487668242557554	0.0
2.2542466525692944	-0.060468967876312174	0.0
2.255747482564347	-0.05606262214096769	0.0
2.2572483125594	-0.051657676196559255	0.0
2.2587491425544526	-0.047254186624748895	0.0
2.2602499725495053	-0.04285219716547406	0.0
2.261750802544558	-0.03845174435923848	0.0
2.263251632539611	-0.034052878986321033	0.0
2.2647524625346636	-0.02965564850644542	0.0
2.2662532925297163	-0.025260090970418814	0.0
2.2677541225247695	-0.02086624743941612	0.0
2.2692549525198222	-0.01647416125668344	0.0
2.270755782514875	-0.012083879007337428	0.0
2.2722566125099277	-0.0076954429759090726	0.0
2.2737574425049805	-0.003308890886214	0.0
2.275258272500033	0.0010757253210593731	0.0
2.276759102495086	0.005458349100857962	0.0
2.278259932490139	0.009838944984464248	0.0
2.279760762485192	0.014217489573463471	0.0
2.281261592480244	0.018593926774849612	0.0
2.2827624224752974	0.02296819837347086	0.0
2.28426325247035	0.027340272152579947	0.0
2.285764082465403	0.031710101071934726	0.0
2.2872649124604556	0.036077637846335664	0.0
2.2887657424555083	0.04044284941317966	0.0
2.290266572450561	0.04480568875317714	0.0
2.291767402445614	0.04916610372678187	0.0
2.293268232440667	0.05352405139379002	0.0
2.2947690624357198	0.05787949171819573	0.0
2.2962698924307725	0.06223238026266831	0.0
2.2977707224258253	0.06658266974248273	0.0
2.299271552420878	0.07093031293502938	0.0
2.3007723824159307	0.07527526940913765	0.0
2.3022732124109835	0.07961749868774204	0.0
2.3037740424060362	0.08395694473574888	0.0
2.3052748724010894	0.08829356287303591	0.0
2.3067757023961417	0.09262732464322787	0.0
2.308276532391195	0.09695818248758492	0.0
2.3097773623862476	0.10128607812557244	0.0
2.3112781923813004	0.10561096334367259	0.0
2.312779022376353	0.1099328061333531	0.0
2.314279852371406	0.11425156954785343	0.0
2.3157806823664586	0.1185671923085927	0.0
2.3172815123615114	0.1228796277569486	0.0
2.318782342356564	0.12718884655432983	0.0
2.3202831723516173	0.13149479894105243	0.0
2.3217840023466696	0.13579742673951434	0.0
2.323284832341723	0.1400966870635354	0.0
2.3247856623367755	0.14439254895603115	0.0
2.3262864923318283	0.1486849676619395	0.0
2.327787322326881	0.15297387944208696	0.0
2.3292881523219338	0.15725924866997976	0.0
2.3307889823169865	0.16154104224028698	0.0
2.3322898123120392	0.16581919623907937	0.0
2.3337906423070924	0.17009366747648058	0.0
2.335291472302145	0.17436441973682637	0.0
2.3367923022971975	0.17863140180978787	0.0
2.3382931322922507	0.18289457474865278	0.0
2.3397939622873034	0.18715388912523823	0.0
2.341294792282356	0.19140929230147763	0.0
2.342795622277409	0.19566074828202096	0.0
2.3442964522724616	0.1999082061711861	0.0
2.345797282267515	0.204151617302339	0.0
2.347298112262567	0.20839094906496336	0.0
2.3487989422576203	0.2126261496157873	0.0
2.350299772252673	0.21685716396064048	0.0
2.351800602247726	0.2210839603379151	0.0
2.3533014322427785	0.22530649526232938	0.0
2.3548022622378313	0.22952470387825152	0.0
2.356303092232884	0.23373854073528633	0.0
2.3578039222279368	0.23794797711609417	0.0
2.3593047522229895	0.24215296638828776	0.0
2.3608055822180427	0.24635345084480753	0.0
2.362306412213095	0.2505493918578843	0.0
2.363807242208148	0.25474075587052014	0.0
2.365308072203201	0.25892747634738833	0.0
2.3668089021982537	0.26310950551713574	0.0
2.3683097321933064	0.26728681539685173	0.0
2.369810562188359	0.2714593505137701	0.0
2.371311392183412	0.2756270660069917	0.0
2.3728122221784647	0.2797899206549572	0.0
2.374313052173518	0.283947860340777	0.0
2.3758138821685706	0.28810084086221655	0.0
2.377314712163623	0.29224881610430686	0.0
2.378815542158676	0.2963917457669323	0.0
2.380316372153729	0.30052959277908453	0.0
2.3818172021487816	0.304662292347361	0.0
2.3833180321438343	0.3087897958243846	0.0
2.384818862138887	0.31291207434574053	0.0
2.3863196921339402	0.3170290800663189	0.0
2.3878205221289925	0.3211407597534006	0.0
2.3893213521240457	0.32524707058535973	0.0
2.3908221821190985	0.3293479677697484	0.0
2.3923230121141508	0.3334434029308653	0.0
2.393823842109204	0.3375333327371095	0.0
2.3953246721042567	0.34161771269241215	0.0
2.3968255020993094	0.3456964966820524	0.0
2.398326332094362	0.3497696333148883	0.0
2.399827162089415	0.3538370779145581	0.0
2.401327992084468	0.35789879163412985	0.0
2.4028288220795204	0.3619547310211457	0.0
2.4043296520745736	0.3660048505331468	0.0
2.4058304820696264	0.37004909732728974	0.0
2.407331312064679	0.3740874209349876	0.0
2.408832142059732	0.37811978208640595	0.0
2.4103329720547846	0.3821461411049085	0.0
2.4118338020498373	0.38616644874131734	0.0
2.41333463204489	0.39018065523248535	0.0
2.414835462039943	0.3941887213191808	0.0
2.416336292034996	0.39819060836568454	0.0
2.4178371220300483	0.4021862616774079	0.0
2.4193379520251015	0.40617562947895536	0.0
2.4208387820201542	0.4101586762361845	0.0
2.422339612015207	0.414135359936039	0.0
2.4238404420102597	0.41810563079487495	0.0
2.4253412720053125	0.4220694464779866	0.0
2.4268421020003657	0.4260267663225864	0.0
2.428342931995418	0.429977537711418	0.0
2.429843761990471	0.43392171367061094	0.0
2.431344591985524	0.4378592585029242	0.0
2.432845421980576	0.44179012811122553	0.0
2.4343462519756294	0.44571427155309207	0.0
2.435847081970682	0.44963164191067406	0.0
2.437347911965735	0.45354220753071417	0.0
2.4388487419607876	0.45744592419071395	0.0
2.4403495719558403	0.46134273187242425	0.0
2.4418504019508935	0.4652325952668206	0.0
2.443351231945946	0.46911548296387606	0.0
2.444852061940999	0.4729913412947935	0.0
2.4463528919360518	0.4768601200378628	0.0
2.447853721931104	0.4807217776203768	0.0
2.4493545519261573	0.4845762730990365	0.0
2.45085538192121	0.4884235750092023	0.0
2.452356211916263	0.4922636354165515	0.0
2.4538570419113155	0.4960963997891098	0.0
2.4553578719063682	0.49992183079322783	0.0
2.4568587019014214	0.503739887421981	0.0
2.4583595318964737	0.5075505287925188	0.0
2.459860361891527	0.5113537163536606	0.0
2.4613611918865796	0.5151493997915061	0.0
2.4628620218816324	0.5189375335061046	0.0
2.464362851876685	0.5227180880853961	0.0
2.465863681871738	0.5264910170007623	0.0
2.467364511866791	0.5302562655177351	0.0
2.4688653418618434	0.5340138118417839	0.0
2.470366171856896	0.5377636193107056	0.0
2.4718670018519493	0.5415056216839013	0.0
2.4733678318470016	0.5452397857900955	0.0
2.474868661842055	0.5489660847290083	0.0
2.4763694918371075	0.5526844668093241	0.0
2.4778703218321603	0.5563948913588315	0.0
2.479371151827213	0.5600973228859341	0.0
2.4808719818222658	0.5637917141511197	0.0
2.482372811817319	0.5674780302588862	0.0
2.4838736418123712	0.5711562322590564	0.0
2.4853744718074244	0.5748262738467018	0.0
2.486875301802477	0.5784881226568341	0.0
2.4883761317975295	0.582141742239284	0.0
2.4898769617925827	0.5857870867994309	0.0
2.4913777917876354	0.5894241190303534	0.0
2.492878621782688	0.5930528043482917	0.0
2.494379451777741	0.5966730976608441	0.0
2.4958802817727936	0.6002849626039839	0.0
2.497381111767847	0.6038883623888741	0.0
2.498881941762899	0.6074832605188244	0.0
2.5003827717579523	0.6110696210255588	0.0
2.501883601753005	0.6146473966914134	0.0
2.503384431748058	0.6182165569858695	0.0
2.5048852617431105	0.6217770756470373	0.0
2.5063860917381633	0.625328906310778	0.0
2.5078869217332165	0.628872003497422	0.0
2.509387751728269	0.6324063386943226	0.0
2.5108885817233215	0.6359318819489124	0.0
2.5123894117183747	0.6394485876019176	0.0
2.513890241713427	0.6429564245527394	0.0
2.51539107170848	0.6464553682523484	0.0
2.516891901703533	0.6499453700233486	0.0
2.5183927316985857	0.6534263939424384	0.0
2.5198935616936384	0.6568984160911143	0.0
2.521394391688691	0.6603613931485841	0.0
2.5228952216837444	0.6638152874820212	0.0
2.5243960516787967	0.667260077832257	0.0
2.5258968816738494	0.6706957309626878	0.0
2.5273977116689026	0.6741222007497268	0.0
2.528898541663955	0.6775394594833989	0.0
2.530399371659008	0.6809474781172276	0.0
2.531900201654061	0.6843462235596471	0.0
2.5334010316491136	0.6877356678439935	0.0
2.5349018616441663	0.6911157682059732	0.0
2.536402691639219	0.6944864973737083	0.0
2.5379035216342722	0.697847833244133	0.0
2.5394043516293245	0.7011997385662307	0.0
2.5409051816243777	0.7045421746454358	0.0
2.5424060116194305	0.707875112509839	0.0
2.5439068416144828	0.7111985353524154	0.0
2.545407671609536	0.7145124063232406	0.0
2.5469085016045887	0.7178166909457665	0.0
2.5484093315996414	0.7211113685173184	0.0
2.549910161594694	0.7243964066414467	0.0
2.551410991589747	0.7276717737742583	0.0
2.5529118215848	0.7309374438353268	0.0
2.5544126515798524	0.7341933914536725	0.0
2.5559134815749056	0.7374395824451269	0.0
2.5574143115699584	0.7406759901908331	0.0
2.558915141565011	0.7439025928795149	0.0
2.560415971560064	0.7471193653402844	0.0
2.5619168015551166	0.7503262844791277	0.0
2.5634176315501698	0.7535233108966646	0.0
2.564918461545222	0.7567104200655261	0.0
2.566419291540275	0.7598875954692972	0.0
2.567920121535328	0.7630548107626116	0.0
2.5694209515303803	0.7662120432786076	0.0
2.5709217815254335	0.7693592596389628	0.0
2.5724226115204862	0.772496432810304	0.0
2.573923441515539	0.7756235515206799	0.0
2.5754242715105917	0.7787405971826522	0.0
2.5769251015056445	0.7818475264722791	0.0
2.5784259315006977	0.7849443189195527	0.0
2.57992676149575	0.7880309735100144	0.0
2.581427591490803	0.7911074580432901	0.0
2.582928421485856	0.7941737378459848	0.0
2.584429251480908	0.7972297988288854	0.0
2.5859300814759614	0.8002756270717428	0.0
2.587430911471014	0.8033111970949559	0.0
2.588931741466067	0.8063364886695633	0.0
2.5904325714611196	0.8093514781078346	0.0
2.5919334014561723	0.8123561433178402	0.0
2.5934342314512255	0.8153504768675107	0.0
2.594935061446278	0.8183344584100611	0.0
2.596435891441331	0.8213080580751884	0.0
2.5979367214363838	0.8242712646768539	0.0
2.5994375514314365	0.8272240611577291	0.0
2.6009383814264893	0.8301664201187943	0.0
2.602439211421542	0.8330983337030344	0.0
2.6039400414165947	0.8360197872655466	0.0
2.6054408714116475	0.838930754459472	0.0
2.6069417014067002	0.8418312222647749	0.0
2.6084425314017534	0.8447211811947616	0.0
2.6099433613968057	0.8476006093659053	0.0
2.611444191391859	0.8504694933864867	0.0
2.6129450213869116	0.853327823454988	0.0
2.6144458513819644	0.8561755730925124	0.0
2.615946681377017	0.8590127314786792	0.0
2.61744751137207	0.8618392932514767	0.0
2.618948341367123	0.8646552372787268	0.0
2.6204491713621754	0.8674605486802001	0.0
2.621950001357228	0.8702552243752608	0.0
2.6234508313522813	0.8730392488106813	0.0
2.6249516613473336	0.8758125985347078	0.0
2.626452491342387	0.8785752668686106	0.0
2.6279533213374395	0.8813272508476104	0.0
2.6294541513324923	0.8840685368560428	0.0
2.630954981327545	0.8867991059651719	0.0
2.6324558113225978	0.889518944471122	0.0
2.633956641317651	0.8922280583147071	0.0
2.6354574713127032	0.8949264386063092	0.0
2.6369583013077564	0.89761405751287	0.0
2.638459131302809	0.9002909105131873	0.0
2.639959961297862	0.9029569904253388	0.0
2.6414607912929147	0.9056122934100649	0.0
2.6429616212879674	0.9082568176180053	0.0
2.64446245128302	0.910890544154553	0.0
2.645963281278073	0.9135134663597597	0.0
2.6474641112731256	0.9161255797191643	0.0
2.648964941268179	0.9187268661677113	0.0
2.650465771263231	0.9213173284590459	0.0
2.6519666012582843	0.9238969717833379	0.0
2.653467431253337	0.9264657754041894	0.0
2.65496826124839	0.9290237386970916	0.0
2.6564690912434425	0.9315708546712087	0.0
2.6579699212384953	0.9341071102433054	0.0
2.6594707512335485	0.936632511291302	0.0
2.660971581228601	0.9391470527137569	0.0
2.6624724112236535	0.9416507293994819	0.0
2.6639732412187067	0.9441435339873175	0.0
2.665474071213759	0.946625466344444	0.0
2.666974901208812	0.9490965249681205	0.0
2.668475731203865	0.9515566983996413	0.0
2.6699765611989177	0.9540059819358325	0.0
2.6714773911939704	0.9564443817471405	0.0
2.672978221189023	0.9588719045297063	0.0
2.6744790511840764	0.9612885378293725	0.0
2.6759798811791287	0.9636942753171291	0.0
2.6774807111741814	0.9660891162494273	0.0
2.6789815411692346	0.9684730607510343	0.0
2.6804823711642873	0.9708461195526737	0.0
2.68198320115934	0.9732082828921871	0.0
2.683484031154393	0.9755595427708674	0.0
2.6849848611494456	0.9778999092829506	0.0
2.6864856911444983	0.9802293776564597	0.0
2.687986521139551	0.9825479520251293	0.0
2.6894873511346042	0.984855636374104	0.0
2.6909881811296565	0.9871524232311548	0.0
2.6924890111247097	0.9894383199765157	0.0
2.6939898411197625	0.9917133268630646	0.0
2.695490671114815	0.9939774375732642	0.0
2.696991501109868	0.9962306546366096	0.0
2.6984923311049207	0.9984729868078553	0.0
2.6999931610999734	1.000704439975511	0.0
2.701493991095026	1.0029250104735643	0.0
2.702994821090079	1.0051347023475	0.0
2.704495651085132	1.0073335221322692	0.0
2.7059964810801844	1.0095214641542136	0.0
2.7074973110752376	1.0116985299164993	0.0
2.7089981410702904	1.0138647307263347	0.0
2.710498971065343	1.0160200711980572	0.0
2.711999801060396	1.0181645524595038	0.0
2.7135006310554486	1.0202981768122397	0.0
2.7150014610505018	1.022420945380585	0.0
2.716502291045554	1.0245328652239702	0.0
2.718003121040607	1.0266339503868982	0.0
2.71950395103566	1.0287242002392136	0.0
2.7210047810307127	1.0308036055409355	0.0
2.7225056110257655	1.0328721772908358	0.0
2.7240064410208182	1.0349299329037303	0.0
2.725507271015871	1.0369768734662885	0.0
2.7270081010109237	1.0390130007932277	0.0
2.7285089310059765	1.0410383171464275	0.0
2.7300097610010297	1.0430528261246776	0.0
2.731510590996082	1.0450565414148447	0.0
2.7330114209911347	1.0470494684960352	0.0
2.734512250986188	1.0490316111726974	0.0
2.7360130809812406	1.0510029703202806	0.0
2.7375139109762934	1.052963549753056	0.0
2.739014740971346	1.0549133733912917	0.0
2.740515570966399	1.0568524434794502	0.0
2.7420164009614516	1.0587807463429713	0.0
2.7435172309565043	1.0606983012602695	0.0
2.7450180609515575	1.0626051212685996	0.0
2.7465188909466103	1.0645012042328008	0.0
2.748019720941663	1.0663865588475272	0.0
2.7495205509367158	1.0682611921204903	0.0
2.7510213809317685	1.070125115609621	0.0
2.7525222109268213	1.0719783338921425	0.0
2.754023040921874	1.0738208440988148	0.0
2.7555238709169267	1.0756526580342562	0.0
2.7570247009119795	1.0774737937514007	0.0
2.7585255309070322	1.0792842520430157	0.0
2.7600263609020854	1.0810840336457663	0.0
2.761527190897138	1.0828731500370037	0.0
2.763028020892191	1.084651606111988	0.0
2.7645288508872436	1.0864194137900318	0.0
2.7660296808822964	1.0881765808036858	0.0
2.767530510877349	1.0899231093455786	0.0
2.769031340872402	1.0916590109930209	0.0
2.770532170867455	1.0933842900630844	0.0
2.7720330008625074	1.0950989474101773	0.0
2.77353383085756	1.096802999810999	0.0
2.7750346608526133	1.0984964530922756	0.0
2.776535490847666	1.1001793067909655	0.0
2.778036320842719	1.101851581770485	0.0
2.7795371508377715	1.1035132826898102	0.0
2.7810379808328243	1.1051644034642536	0.0
2.782538810827877	1.1068049537974245	0.0
2.7840396408229298	1.1084349498804529	0.0
2.785540470817983	1.1100543970567873	0.0
2.7870413008130357	1.111663290859675	0.0
2.7885421308080884	1.1132616488917433	0.0
2.790042960803141	1.1148494852340358	0.0
2.791543790798194	1.1164267898212867	0.0
2.7930446207932467	1.117993569205559	0.0
2.7945454507882994	1.1195498399784019	0.0
2.796046280783352	1.121095607640854	0.0
2.797547110778405	1.1226308774242593	0.0
2.7990479407734576	1.1241556515694004	0.0
2.800548770768511	1.1256699362660405	0.0
2.8020496007635636	1.1271737426038004	0.0
2.8035504307586163	1.1286670742400857	0.0
2.805051260753669	1.1301499340559789	0.0
2.806552090748722	1.1316223254769577	0.0
2.8080529207437745	1.1330842585869112	0.0
2.8095537507388273	1.1345357433159522	0.0
2.81105458073388	1.1359767835774484	0.0
2.812555410728933	1.1374073799809223	0.0
2.8140562407239855	1.1388275342822833	0.0
2.8155570707190387	1.1402372563974206	0.0
2.8170579007140915	1.1416365507021586	0.0
2.818558730709144	1.1430254201126977	0.0
2.820059560704197	1.144403874417614	0.0
2.8215603906992497	1.1457719170829348	0.0
2.8230612206943024	1.1471295442560383	0.0
2.824562050689355	1.1484767619696	0.0
2.8260628806844084	1.1498135781092902	0.0
2.827563710679461	1.1511399961808775	0.0
2.8290645406745134	1.152456019243262	0.0
2.8305653706695666	1.153761646583161	0.0
2.8320662006646193	1.1550568887997106	0.0
2.833567030659672	1.1563417476719078	0.0
2.835067860654725	1.157616216739727	0.0
2.8365686906497776	1.1588803066651685	0.0
2.8380695206448303	1.1601340194314416	0.0
2.839570350639883	1.1613773490721824	0.0
2.8410711806349362	1.1626103091022135	0.0
2.842572010629989	1.1638329067048847	0.0
2.8440728406250417	1.1650451261112638	0.0
2.8455736706200945	1.1662469712735368	0.0
2.847074500615147	1.1674384534955657	0.0
2.8485753306102	1.168619565681545	0.0
2.8500761606052527	1.169790308275815	0.0
2.8515769906003055	1.1709506889938197	0.0
2.853077820595358	1.1721007045625829	0.0
2.854578650590411	1.1732403530937658	0.0
2.856079480585464	1.17436964072725	0.0
2.857580310580517	1.1754885630389618	0.0
2.8590811405755696	1.1765971151466874	0.0
2.8605819705706224	1.1776952971582442	0.0
2.862082800565675	1.1787831093307397	0.0
2.863583630560728	1.1798605594286877	0.0
2.8650844605557806	1.1809276426776276	0.0
2.8665852905508338	1.1819843509335701	0.0
2.8680861205458865	1.183030684612567	0.0
2.869586950540939	1.184066642637525	0.0
2.871087780535992	1.1850922208627068	0.0
2.8725886105310448	1.1861074145153334	0.0
2.8740894405260975	1.1871122277344877	0.0
2.8755902705211502	1.1881066579607111	0.0
2.877091100516203	1.1890906970591022	0.0
2.8785919305112557	1.1900643398723236	0.0
2.8800927605063085	1.191027584690687	0.0
2.8815935905013617	1.1919804305674684	0.0
2.8830944204964144	1.1929228704201933	0.0
2.8845952504914667	1.1938549006804378	0.0
2.88609608048652	1.194776521418806	0.0
2.8875969104815726	1.1956877220527533	0.0
2.8890977404766254	1.1965884923763745	0.0
2.890598570471678	1.1974788307193935	0.0
2.892099400466731	1.1983587396852529	0.0
2.893600230461784	1.1992282105034957	0.0
2.8951010604568364	1.2000872284160757	0.0
2.8966018904518895	1.200935797803813	0.0
2.8981027204469423	1.2017739082280392	0.0
2.899603550441995	1.2026015433163493	0.0
2.9011043804370478	1.203418701674749	0.0
2.9026052104321005	1.204225379613591	0.0
2.9041060404271533	1.2050215733176255	0.0
2.905606870422206	1.20580727357369	0.0
2.9071077004172587	1.2065824693086564	0.0
2.908608530412312	1.2073471473319421	0.0
2.9101093604073642	1.2081013023056262	0.0
2.9116101904024174	1.2088449342075704	0.0
2.91311102039747	1.2095780260296616	0.0
2.914611850392523	1.2103005643325355	0.0
2.9161126803875757	1.211012544311371	0.0
2.9176135103826284	1.2117139584732368	0.0
2.919114340377681	1.212404800273453	0.0
2.920615170372734	1.2130850574383745	0.0
2.922116000367787	1.2137547126937052	0.0
2.92361683036284	1.2144137586139885	0.0
2.925117660357892	1.2150621906741845	0.0
2.9266184903529453	1.2156999938692614	0.0
2.928119320347998	1.216327158992932	0.0
2.929620150343051	1.2169436722021394	0.0
2.9311209803381035	1.2175495196513353	0.0
2.9326218103331563	1.2181446949980206	0.0
2.9341226403282095	1.2187291838780734	0.0
2.9356234703232618	1.2193029735797656	0.0
2.937124300318315	1.2198660526385192	0.0
2.9386251303133677	1.2204184122426986	0.0
2.94012596030842	1.2209600367468667	0.0
2.941626790303473	1.2214909094519621	0.0
2.943127620298526	1.2220110223779892	0.0
2.9446284502935787	1.2225203625752041	0.0
2.9461292802886314	1.2230189128893247	0.0
2.947630110283684	1.2235066625104367	0.0
2.9491309402787373	1.2239835995561315	0.0
2.9506317702737896	1.22444971208306	0.0
2.952132600268843	1.2249049811014059	0.0
2.9536334302638956	1.2253493854061661	0.0
2.9551342602589483	1.2257829218113432	0.0
2.956635090254001	1.2262055823919478	0.0
2.958135920249054	1.226617342125964	0.0
2.9596367502441066	1.227018175370083	0.0
2.9611375802391593	1.2274080824272682	0.0
2.962638410234212	1.2277870556988784	0.0
2.9641392402292652	1.228155065207205	0.0
2.9656400702243175	1.2285120975714043	0.0
2.9671409002193707	1.2288581450417757	0.0
2.9686417302144235	1.2291931851692075	0.0
2.970142560209476	1.229517202098787	0.0
2.971643390204529	1.2298301876058741	0.0
2.9731442201995817	1.2301321218005905	0.0
2.974645050194635	1.2304229862518423	0.0
2.976145880189687	1.2307027641853292	0.0
2.9776467101847404	1.2309714403859542	0.0
2.979147540179793	1.2312290093929836	0.0
2.9806483701748454	1.2314754522366842	0.0
2.9821492001698986	1.2317107395814895	0.0
2.9836500301649513	1.231934863567104	0.0
2.985150860160004	1.2321478096164933	0.0
2.986651690155057	1.2323495519266698	0.0
2.9881525201501096	1.2325400821925794	0.0
2.9896533501451628	1.2327193881427483	0.0
2.991154180140215	1.2328874451610372	0.0
2.9926550101352682	1.2330442429402446	0.0
2.994155840130321	1.233189764375155	0.0
2.9956566701253737	1.2333239882372702	0.0
2.9971575001204265	1.2334469012018685	0.0
2.998658330115479	1.2346214325262135	0.0
3.000159160110532	1.2379053493035697	0.0
