0.0	-1.9999246169903024	0.0
0.0015008299950527925	-1.9999289918912584	0.0
0.003001659990105585	-1.9998969681043814	0.0
0.004502489985158378	-1.9998328919279118	0.0
0.00600331998021117	-1.9997500403393793	0.0
0.0075041499752639615	-1.9996481640657753	0.0
0.009004979970316756	-1.9995272486592899	0.0
0.010505809965369548	-1.9993874026002205	0.0
0.01200663996042234	-1.9992283701971023	0.0
0.01350746995547513	-1.9990495053270647	0.0
0.015008299950527923	-1.9988505432808616	0.0
0.016509129945580715	-1.9986313210300033	0.0
0.01800995994063351	-1.9983911942768269	0.0
0.019510789935686303	-1.9981295886692099	0.0
0.021011619930739096	-1.9978458035060191	0.0
0.022512449925791888	-1.9975380166248413	0.0
0.02401327992084468	-1.9972035134889692	0.0
0.02551410991589747	-1.9968398884728573	0.0
0.02701493991095026	-1.9964466213244432	0.0
0.028515769906003054	-1.9960262565319082	0.0
0.030016599901055846	-1.9955823399390604	0.0
0.03151742989610864	-1.995116555776948	0.0
0.03301825989116143	-1.994629146040077	0.0
0.03451908988621422	-1.9941201389339416	0.0
0.03601991988126702	-1.9935895526870124	0.0
0.037520749876319814	-1.9930374058903326	0.0
0.03902157987137261	-1.9924637263034104	0.0
0.0405224098664254	-1.9918685460519272	0.0
0.04202323986147819	-1.9912518934477823	0.0
0.043524069856530984	-1.9906137959723287	0.0
0.045024899851583776	-1.9899542849092158	0.0
0.04652572984663657	-1.9892733922536219	0.0
0.04802655984168936	-1.9885711483657162	0.0
0.04952738983674215	-1.9878475839918122	0.0
0.05102821983179494	-1.9871027299623438	0.0
0.05252904982684774	-1.9863366158812783	0.0
0.05402987982190052	-1.985549272494937	0.0
0.05553070981695332	-1.9847407337340968	0.0
0.05703153981200611	-1.98391103477909	0.0
0.05853236980705891	-1.98306021027846	0.0
0.06003319980211169	-1.9821882947663252	0.0
0.06153402979716449	-1.981295323223537	0.0
0.06303485979221728	-1.9803813311513498	0.0
0.06453568978727008	-1.9794463544055754	0.0
0.06603651978232286	-1.9784904296827415	0.0
0.06753734977737566	-1.9775135948770464	0.0
0.06903817977242845	-1.976515888641618	0.0
0.07053900976748124	-1.9754973502474416	0.0
0.07203983976253404	-1.974458019670149	0.0
0.07354066975758683	-1.9733979375094015	0.0
0.07504149975263963	-1.972317144760763	0.0
0.07654232974769241	-1.9712156829247853	0.0
0.07804315974274521	-1.970093594275347	0.0
0.079543989737798	-1.9689509218576573	0.0
0.0810448197328508	-1.967787709301775	0.0
0.08254564972790358	-1.9666040006940366	0.0
0.08404647972295638	-1.965399840909282	0.0
0.08554730971800917	-1.9641752755428339	0.0
0.08704813971306197	-1.9629303508085747	0.0
0.08854896970811475	-1.9616651136072303	0.0
0.09004979970316755	-1.9603796113308092	0.0
0.09155062969822034	-1.959073892166231	0.0
0.09305145969327314	-1.9577480047136362	0.0
0.09455228968832592	-1.9564019979625153	0.0
0.09605311968337872	-1.9550359218959565	0.0
0.0975539496784315	-1.9536498270218619	0.0
0.0990547796734843	-1.952243764351743	0.0
0.10055560966853709	-1.9508177854847026	0.0
0.10205643966358988	-1.9493719421312286	0.0
0.10355726965864268	-1.9479062868112023	0.0
0.10505809965369547	-1.9464208729674046	0.0
0.10655892964874826	-1.9449157542383417	0.0
0.10805975964380105	-1.943390984774746	0.0
0.10956058963885383	-1.9418466191904535	0.0
0.11106141963390664	-1.9402827127196567	0.0
0.11256224962895943	-1.9386993212098464	0.0
0.11406307962401221	-1.9370965007754466	0.0
0.115563909619065	-1.9354743081645547	0.0
0.11706473961411781	-1.9338328004384098	0.0
0.1185655696091706	-1.9321720349558116	0.0
0.12006639960422338	-1.9304920698786745	0.0
0.1215672295992762	-1.9287929638630728	0.0
0.12306805959432898	-1.927074775948569	0.0
0.12456888958938177	-1.9253375652423554	0.0
0.12606971958443455	-1.9235813911619037	0.0
0.12757054957948735	-1.921806314280357	0.0
0.12907137957454015	-1.9200123951955756	0.0
0.13057220956959295	-1.9181996944841175	0.0
0.13207303956464572	-1.9163682737029675	0.0
0.13357386955969852	-1.9145181944358165	0.0
0.13507469955475132	-1.9126495183474836	0.0
0.1365755295498041	-1.9107623079588356	0.0
0.1380763595448569	-1.9088566261932645	0.0
0.1395771895399097	-1.9069325360753937	0.0
0.1410780195349625	-1.9049901009869865	0.0
0.14257884953001526	-1.9030293843040988	0.0
0.1440796795250681	-1.9010504496075145	0.0
0.14558050952012086	-1.899053361407789	0.0
0.14708133951517366	-1.8970381845859894	0.0
0.14858216951022643	-1.8950049838381366	0.0
0.15008299950527926	-1.8929538239517383	0.0
0.15158382950033203	-1.890884770219886	0.0
0.15308465949538483	-1.8887978880974323	0.0
0.1545854894904376	-1.8866932433288413	0.0
0.15608631948549043	-1.8845709022252985	0.0
0.1575871494805432	-1.8824309309349692	0.0
0.159087979475596	-1.8802733954909607	0.0
0.16058880947064877	-1.878098362550038	0.0
0.1620896394657016	-1.875905898991766	0.0
0.16359046946075437	-1.873696071744465	0.0
0.16509129945580717	-1.8714689481978788	0.0
0.16659212945085994	-1.8692245955485864	0.0
0.16809295944591277	-1.8669630810315927	0.0
0.16959378944096554	-1.864684472302176	0.0
0.17109461943601834	-1.8623888368978134	0.0
0.17259544943107114	-1.8600762426222675	0.0
0.17409627942612393	-1.857746757864156	0.0
0.1755971094211767	-1.8554004504668398	0.0
0.1770979394162295	-1.853037388428806	0.0
0.1785987694112823	-1.8506576404166697	0.0
0.1800995994063351	-1.8482612740408602	0.0
0.18160042940138788	-1.8458483577884621	0.0
0.18310125939644067	-1.8434189608006415	0.0
0.18460208939149347	-1.8409731512250866	0.0
0.18610291938654627	-1.8385109976409706	0.0
0.18760374938159904	-1.836032568882829	0.0
0.18910457937665184	-1.833537933273119	0.0
0.19060540937170464	-1.8310271590032328	0.0
0.19210623936675744	-1.8285003152409107	0.0
0.1936070693618102	-1.8259574710677722	0.0
0.195107899356863	-1.823398694860108	0.0
0.1966087293519158	-1.820824054763853	0.0
0.1981095593469686	-1.8182336200936726	0.0
0.19961038934202138	-1.8156274600489068	0.0
0.20111121933707418	-1.8130056415909626	0.0
0.20261204933212695	-1.810368233474977	0.0
0.20411287932717975	-1.8077153054394444	0.0
0.20561370932223258	-1.8050469256112818	0.0
0.20711453931728535	-1.8023631620105653	0.0
0.20861536931233815	-1.799664082844748	0.0
0.21011619930739095	-1.796949757065963	0.0
0.21161702930244372	-1.7942202525395174	0.0
0.21311785929749652	-1.7914756364081184	0.0
0.2146186892925493	-1.7887159774892454	0.0
0.2161195192876021	-1.785941343747429	0.0
0.21762034928265492	-1.783151802701461	0.0
0.21912117927770766	-1.7803474223707918	0.0
0.2206220092727605	-1.7775282697991681	0.0
0.2221228392678133	-1.7746944123745347	0.0
0.22362366926286606	-1.7718459174569618	0.0
0.22512449925791886	-1.7689828524340205	0.0
0.22662532925297169	-1.7661052847699426	0.0
0.22812615924802443	-1.7632132800864415	0.0
0.22962698924307726	-1.760306904914422	0.0
0.23112781923813	-1.7573862267608387	0.0
0.23262864923318283	-1.7544513117466014	0.0
0.23412947922823563	-1.7515022258287036	0.0
0.2356303092232884	-1.7485390345353382	0.0
0.2371311392183412	-1.7455618038475689	0.0
0.238631969213394	-1.742570599456153	0.0
0.24013279920844677	-1.739565485833479	0.0
0.2416336292034996	-1.7365465281696348	0.0
0.2431344591985524	-1.733513791234115	0.0
0.24463528919360517	-1.7304673389868557	0.0
0.24613611918865796	-1.7274072363473214	0.0
0.24763694918371074	-1.7243335486128337	0.0
0.24913777917876354	-1.7212463401325562	0.0
0.25063860917381636	-1.7181456747903456	0.0
0.2521394391688691	-1.7150316175056435	0.0
0.2536402691639219	-1.71190423302744	0.0
0.2551410991589747	-1.7087635842415194	0.0
0.2566419291540275	-1.7056097344932173	0.0
0.2581427591490803	-1.7024427471269439	0.0
0.25964358914413305	-1.6992626851765666	0.0
0.2611444191391859	-1.6960696120984433	0.0
0.2626452491342387	-1.6928635899340176	0.0
0.26414607912929144	-1.6896446803625578	0.0
0.26564690912434424	-1.6864129451332406	0.0
0.26714773911939704	-1.683168446315521	0.0
0.26864856911444984	-1.6799112457498966	0.0
0.27014939910950264	-1.676641404549784	0.0
0.27165022910455544	-1.673358983507292	0.0
0.2731510590996082	-1.6700640434051508	0.0
0.27465188909466104	-1.666756644453772	0.0
0.2761527190897138	-1.6634368462182032	0.0
0.2776535490847666	-1.6601047098723445	0.0
0.2791543790798194	-1.6567602954392684	0.0
0.2806552090748722	-1.6534036611208032	0.0
0.282156039069925	-1.6500348656657158	0.0
0.2836568690649778	-1.6466539685674446	0.0
0.2851576990600305	-1.6432610288190022	0.0
0.2866585290550834	-1.6398561043561828	0.0
0.2881593590501362	-1.636439254260707	0.0
0.2896601890451889	-1.63301053632763	0.0
0.2911610190402417	-1.6295700066301997	0.0
0.2926618490352945	-1.6261177234375526	0.0
0.2941626790303473	-1.6226537440103437	0.0
0.2956635090254001	-1.6191781246690673	0.0
0.29716433902045286	-1.6156909225494525	0.0
0.2986651690155057	-1.6121921935977161	0.0
0.3001659990105585	-1.6086819937618535	0.0
0.30166682900561126	-1.6051603785400068	0.0
0.30316765900066406	-1.6016274039189107	0.0
0.30466848899571686	-1.5980831252365881	0.0
0.30616931899076966	-1.5945275968599126	0.0
0.30767014898582246	-1.5909608742212011	0.0
0.3091709789808752	-1.5873830115719725	0.0
0.31067180897592805	-1.583794063083665	0.0
0.31217263897098085	-1.5801940827065444	0.0
0.3136734689660336	-1.5765831231677199	0.0
0.3151742989610864	-1.5729612389187808	0.0
0.3166751289561392	-1.5693284840863455	0.0
0.318175958951192	-1.5656849099358816	0.0
0.3196767889462448	-1.5620305687111469	0.0
0.32117761894129754	-1.5583655143356485	0.0
0.3226784489363504	-1.554689799058692	0.0
0.3241792789314032	-1.5510034741262944	0.0
0.32568010892645594	-1.5473065907477337	0.0
0.32718093892150873	-1.5435992003658396	0.0
0.32868176891656153	-1.5398813555836395	0.0
0.33018259891161433	-1.5361531074710606	0.0
0.33168342890666713	-1.5324145052761515	0.0
0.3331842589017199	-1.52866559926633	0.0
0.3346850888967727	-1.5249064406797455	0.0
0.33618591889182553	-1.5211370801503508	0.0
0.3376867488868783	-1.5173575667521972	0.0
0.3391875788819311	-1.513567949363576	0.0
0.3406884088769839	-1.5097682779136716	0.0
0.34218923887203667	-1.5059586015397337	0.0
0.34369006886708947	-1.5021389692378349	0.0
0.34519089886214227	-1.498309430368852	0.0
0.346691728857195	-1.4944700322811857	0.0
0.34819255885224787	-1.4906208230824078	0.0
0.3496933888473006	-1.4867618519820918	0.0
0.3511942188423534	-1.4828931668526337	0.0
0.3526950488374062	-1.4790148150002707	0.0
0.354195878832459	-1.4751268434386284	0.0
0.3556967088275118	-1.471229299263636	0.0
0.3571975388225646	-1.4673222304782991	0.0
0.35869836881761735	-1.4634056848523207	0.0
0.3601991988126702	-1.4594797072689247	0.0
0.361700028807723	-1.4555443439613067	0.0
0.36320085880277575	-1.45159964235963	0.0
0.36470168879782855	-1.4476456482851592	0.0
0.36620251879288135	-1.4436824089022933	0.0
0.36770334878793415	-1.4397099688656996	0.0
0.36920417878298695	-1.4357283728714827	0.0
0.3707050087780397	-1.4317376679841984	0.0
0.37220583877309255	-1.4277378996080587	0.0
0.37370666876814534	-1.423729112915336	0.0
0.3752074987631981	-1.4197113522312585	0.0
0.3767083287582509	-1.4156846625689812	0.0
0.3782091587533037	-1.4116490897641698	0.0
0.3797099887483565	-1.407604677946732	0.0
0.3812108187434093	-1.4035514704734577	0.0
0.38271164873846203	-1.3994895128506137	0.0
0.3842124787335149	-1.3954188498931324	0.0
0.3857133087285677	-1.391339524426542	0.0
0.3872141387236204	-1.3872515812603834	0.0
0.38871496871867317	-1.3831550632473828	0.0
0.390215798713726	-1.3790500145326285	0.0
0.3917166287087788	-1.3749364812211877	0.0
0.3932174587038316	-1.3708145043998887	0.0
0.3947182886988844	-1.3666841258604885	0.0
0.3962191186939372	-1.362545392648435	0.0
0.39771994868898997	-1.358398347654278	0.0
0.39922077868404277	-1.3542430299549344	0.0
0.40072160867909556	-1.3500794846612145	0.0
0.40222243867414836	-1.3459077559428887	0.0
0.4037232686692012	-1.341727884923693	0.0
0.4052240986642539	-1.3375399140240951	0.0
0.4067249286593067	-1.3333438855590602	0.0
0.4082257586543595	-1.3291398442107685	0.0
0.40972658864941236	-1.3249278313257395	0.0
0.41122741864446516	-1.3207078874832265	0.0
0.41272824863951796	-1.316480057709808	0.0
0.4142290786345707	-1.3122443825481331	0.0
0.4157299086296235	-1.3080009031636224	0.0
0.4172307386246763	-1.303749664035934	0.0
0.4187315686197291	-1.2994907071514947	0.0
0.4202323986147819	-1.2952240735521665	0.0
0.42173322860983464	-1.2909498055893311	0.0
0.42323405860488744	-1.2866679454414927	0.0
0.42473488859994024	-1.2823785342446374	0.0
0.42623571859499304	-1.2780816149840573	0.0
0.42773654859004584	-1.2737772282546436	0.0
0.4292373785850986	-1.2694654154394327	0.0
0.4307382085801514	-1.2651462206894268	0.0
0.4322390385752042	-1.260819685131249	0.0
0.43373986857025704	-1.2564858494572335	0.0
0.43524069856530984	-1.2521447546206974	0.0
0.43674152856036264	-1.247796444010178	0.0
0.4382423585554153	-1.243440961384406	0.0
0.4397431885504682	-1.2390783456069099	0.0
0.441244018545521	-1.234708635669654	0.0
0.4427448485405738	-1.2303318760245232	0.0
0.4442456785356266	-1.2259481112040298	0.0
0.4457465085306793	-1.2215573803091022	0.0
0.4472473385257321	-1.2171597240844094	0.0
0.4487481685207849	-1.2127551859250616	0.0
0.4502489985158377	-1.2083438075781285	0.0
0.4517498285108905	-1.203925629764134	0.0
0.45325065850594337	-1.1995006936581785	0.0
0.45475148850099606	-1.1950690429404842	0.0
0.45625231849604886	-1.1906307176560882	0.0
0.45775314849110166	-1.1861857598053465	0.0
0.4592539784861545	-1.1817342133398185	0.0
0.4607548084812073	-1.177276117615371	0.0
0.46225563847626	-1.1728115156378989	0.0
0.46375646847131285	-1.1683404485791202	0.0
0.46525729846636565	-1.1638629581847861	0.0
0.46675812846141845	-1.1593790884988708	0.0
0.46825895845647125	-1.1548888800342645	0.0
0.46975978845152405	-1.1503923749411082	0.0
0.4712606184465768	-1.1458896147757325	0.0
0.4727614484416296	-1.1413806418119965	0.0
0.4742622784366824	-1.1368654995364738	0.0
0.4757631084317352	-1.132344228559605	0.0
0.477263938426788	-1.1278168712727044	0.0
0.47876476842184074	-1.1232834709044701	0.0
0.48026559841689354	-1.1187440698256585	0.0
0.48176642841194633	-1.1141987097856403	0.0
0.4832672584069992	-1.1096474320654175	0.0
0.484768088402052	-1.1050902810593939	0.0
0.4862689183971048	-1.1005272997831983	0.0
0.4877697483921575	-1.0959585293213059	0.0
0.48927057838721033	-1.0913840127939165	0.0
0.49077140838226313	-1.0868037928915801	0.0
0.49227223837731593	-1.0822179125459828	0.0
0.49377306837236873	-1.077626413622866	0.0
0.4952738983674215	-1.0730293386000014	0.0
0.49677472836247427	-1.0684267328552415	0.0
0.49827555835752707	-1.0638186390619238	0.0
0.49977638835257987	-1.059205098725437	0.0
0.5012772183476327	-1.0545861549361377	0.0
0.5027780483426855	-1.049961850831198	0.0
0.5042788783377382	-1.0453322300222143	0.0
0.5057797083327911	-1.040697337616803	0.0
0.5072805383278438	-1.0360572162098742	0.0
0.5087813683228967	-1.0314119055379183	0.0
0.5102821983179494	-1.026761451482269	0.0
0.5117830283130022	-1.0221059005819382	0.0
0.513283858308055	-1.0174452918754198	0.0
0.5147846883031078	-1.0127796696191271	0.0
0.5162855182981606	-1.0081090821284877	0.0
0.5177863482932135	-1.0034335686074323	0.0
0.5192871782882661	-0.998753171435962	0.0
0.520788008283319	-0.9940679389171043	0.0
0.5222888382783718	-0.9893779149496067	0.0
0.5237896682734245	-0.9846831406138595	0.0
0.5252904982684774	-0.979983659518802	0.0
0.5267913282635301	-0.9752795189929643	0.0
0.5282921582585829	-0.9705707605092802	0.0
0.5297929882536357	-0.9658574269171907	0.0
0.5312938182486885	-0.9611395665205222	0.0
0.5327946482437413	-0.956417223529772	0.0
0.5342954782387941	-0.951690439432035	0.0
0.5357963082338468	-0.946959258451813	0.0
0.5372971382288997	-0.9422237270449197	0.0
0.5387979682239524	-0.9374838878012298	0.0
0.5402987982190053	-0.9327397859742576	0.0
0.5417996282140581	-0.9279914692306666	0.0
0.5433004582091109	-0.9232389800312834	0.0
0.5448012882041636	-0.9184823617388598	0.0
0.5463021181992164	-0.9137216590603796	0.0
0.5478029481942692	-0.9089569170976465	0.0
0.5493037781893221	-0.9041881816356553	0.0
0.5508046081843748	-0.8994154964122917	0.0
0.5523054381794276	-0.894638906620008	0.0
0.5538062681744804	-0.8898584582608218	0.0
0.5553070981695332	-0.8850741954561977	0.0
0.556807928164586	-0.8802861630120484	0.0
0.5583087581596388	-0.8754944061557194	0.0
0.5598095881546916	-0.8706989682156814	0.0
0.5613104181497444	-0.8658998946280785	0.0
0.5628112481447971	-0.8610972333731282	0.0
0.56431207813985	-0.8562910277966176	0.0
0.5658129081349027	-0.8514813216699758	0.0
0.5673137381299556	-0.8466681605418521	0.0
0.5688145681250083	-0.8418515901996205	0.0
0.570315398120061	-0.8370316558276075	0.0
0.5718162281151139	-0.8322083990024374	0.0
0.5733170581101668	-0.8273818697461155	0.0
0.5748178881052195	-0.8225521154381195	0.0
0.5763187181002724	-0.8177191742866512	0.0
0.5778195480953251	-0.8128830929146073	0.0
0.5793203780903778	-0.8080439195039573	0.0
0.5808212080854307	-0.8032016976246118	0.0
0.5823220380804834	-0.7983564718922967	0.0
0.5838228680755363	-0.7935082857093032	0.0
0.585323698070589	-0.7886571865343184	0.0
0.5868245280656418	-0.7838032214854301	0.0
0.5883253580606946	-0.7789464304231576	0.0
0.5898261880557474	-0.7740868608067619	0.0
0.5913270180508002	-0.7692245601121865	0.0
0.592827848045853	-0.7643595688101141	0.0
0.5943286780409057	-0.7594919341257547	0.0
0.5958295080359586	-0.7546217024566002	0.0
0.5973303380310114	-0.7497489157391107	0.0
0.5988311680260642	-0.744873620409226	0.0
0.600331998021117	-0.7399958602695758	0.0
0.6018328280161698	-0.7351156789681318	0.0
0.6033336580112225	-0.7302331238879574	0.0
0.6048344880062754	-0.725348239852453	0.0
0.6063353180013281	-0.7204610706305994	0.0
0.607836147996381	-0.7155716576695896	0.0
0.6093369779914337	-0.7106800473670241	0.0
0.6108378079864865	-0.7057862877580918	0.0
0.6123386379815393	-0.700890419811703	0.0
0.6138394679765921	-0.6959924876600927	0.0
0.6153402979716449	-0.6910925370726074	0.0
0.6168411279666978	-0.6861906089144415	0.0
0.6183419579617504	-0.6812867475216883	0.0
0.6198427879568033	-0.6763810024158025	0.0
0.6213436179518561	-0.6714734146402077	0.0
0.6228444479469089	-0.6665640253322417	0.0
0.6243452779419617	-0.6616528818123724	0.0
0.6258461079370145	-0.6567400242100837	0.0
0.6273469379320672	-0.6518254972642747	0.0
0.62884776792712	-0.6469093489697475	0.0
0.6303485979221728	-0.6419916174558449	0.0
0.6318494279172256	-0.6370723452267446	0.0
0.6333502579122784	-0.6321515793970063	0.0
0.6348510879073311	-0.6272293607702333	0.0
0.636351917902384	-0.6223057320780498	0.0
0.6378527478974367	-0.6173807388505768	0.0
0.6393535778924896	-0.6124544236084644	0.0
0.6408544078875424	-0.6075268256120223	0.0
0.6423552378825951	-0.602597985835027	0.0
0.6438560678776479	-0.597667953041193	0.0
0.6453568978727008	-0.5927367695849037	0.0
0.6468577278677535	-0.5878044709630311	0.0
0.6483585578628064	-0.582871101576784	0.0
0.6498593878578591	-0.5779367068904933	0.0
0.6513602178529119	-0.5730013258982716	0.0
0.6528610478479647	-0.5680649997821212	0.0
0.6543618778430175	-0.5631277720676345	0.0
0.6558627078380703	-0.5581896847874666	0.0
0.6573635378331231	-0.553250776597672	0.0
0.6588643678281758	-0.5483110877083194	0.0
0.6603651978232287	-0.5433706621770774	0.0
0.6618660278182814	-0.5384295395936384	0.0
0.6633668578133343	-0.5334877608048472	0.0
0.6648676878083871	-0.5285453664562225	0.0
0.6663685178034398	-0.5236023952563325	0.0
0.6678693477984926	-0.5186588889689635	0.0
0.6693701777935454	-0.5137148879417701	0.0
0.6708710077885982	-0.5087704321550367	0.0
0.6723718377836511	-0.5038255608110932	0.0
0.6738726677787038	-0.4988803126251381	0.0
0.6753734977737565	-0.4939347272253889	0.0
0.6768743277688094	-0.4889888456110105	0.0
0.6783751577638621	-0.48404270868704546	0.0
0.679875987758915	-0.4790963505936521	0.0
0.6813768177539677	-0.4741498106356533	0.0
0.6828776477490205	-0.4692031302097045	0.0
0.6843784777440733	-0.4642563462997267	0.0
0.6858793077391261	-0.459309498668495	0.0
0.6873801377341789	-0.4543626240679136	0.0
0.6888809677292317	-0.4494157602882146	0.0
0.6903817977242845	-0.44446894492733857	0.0
0.6918826277193373	-0.43952221551588444	0.0
0.69338345771439	-0.43457561158860136	0.0
0.6948842877094429	-0.429629167859383	0.0
0.6963851177044957	-0.4246829200944785	0.0
0.6978859476995485	-0.4197369093897394	0.0
0.6993867776946012	-0.41479117275177413	0.0
0.7008876076896541	-0.40984574482463754	0.0
0.7023884376847068	-0.4049006613229922	0.0
0.7038892676797597	-0.3999559548747462	0.0
0.7053900976748124	-0.39501166328479154	0.0
0.7068909276698653	-0.3900678297581174	0.0
0.708391757664918	-0.38512448709799174	0.0
0.7098925876599708	-0.38018166171854206	0.0
0.7113934176550236	-0.37523939471692047	0.0
0.7128942476500764	-0.3702977286653648	0.0
0.7143950776451292	-0.36535669084217204	0.0
0.715895907640182	-0.360416313866569	0.0
0.7173967376352347	-0.3554766342400707	0.0
0.7188975676302876	-0.3505376872278798	0.0
0.7203983976253404	-0.34559951027977454	0.0
0.7218992276203932	-0.34066213359264674	0.0
0.723400057615446	-0.3357255923107052	0.0
0.7249008876104988	-0.33078992071720703	0.0
0.7264017176055515	-0.32585514659827675	0.0
0.7279025476006044	-0.3209213079776021	0.0
0.7294033775956571	-0.3159884421698467	0.0
0.73090420759071	-0.3110565761089835	0.0
0.7324050375857627	-0.30612574188144115	0.0
0.7339058675808154	-0.3011959766783655	0.0
0.7354066975758683	-0.29626730959380265	0.0
0.736907527570921	-0.29133977212426065	0.0
0.7384083575659739	-0.28641340222417155	0.0
0.7399091875610266	-0.2814882285777298	0.0
0.7414100175560794	-0.276564278073715	0.0
0.7429108475511322	-0.2716415845802391	0.0
0.7444116775461851	-0.2667201820143579	0.0
0.7459125075412378	-0.2618001045223972	0.0
0.7474133375362907	-0.256881378145147	0.0
0.7489141675313434	-0.2519640313112733	0.0
0.7504149975263962	-0.24704810257695076	0.0
0.751915827521449	-0.24213361852729642	0.0
0.7534166575165018	-0.23722060504003495	0.0
0.7549174875115546	-0.23230909859827042	0.0
0.7564183175066074	-0.22739912893611336	0.0
0.7579191475016601	-0.22249072229898514	0.0
0.759419977496713	-0.21758391161660207	0.0
0.7609208074917657	-0.21267872654807407	0.0
0.7624216374868186	-0.20777519407432854	0.0
0.7639224674818714	-0.20287334698302517	0.0
0.7654232974769241	-0.197973212607503	0.0
0.7669241274719769	-0.19307481738049082	0.0
0.7684249574670298	-0.18817819382227363	0.0
0.7699257874620825	-0.18328337080108248	0.0
0.7714266174571354	-0.1783903753884063	0.0
0.772927447452188	-0.17349923601482697	0.0
0.7744282774472409	-0.16860998288987905	0.0
0.7759291074422937	-0.16372264367813183	0.0
0.7774299374373463	-0.15883724288416534	0.0
0.7789307674323993	-0.1539538113723511	0.0
0.780431597427452	-0.14907237995435718	0.0
0.7819324274225049	-0.14419297426406663	0.0
0.7834332574175576	-0.13931561977994544	0.0
0.7849340874126104	-0.1344403435079775	0.0
0.7864349174076632	-0.12956717726028089	0.0
0.787935747402716	-0.12469614785404959	0.0
0.7894365773977688	-0.11982727883137612	0.0
0.7909374073928216	-0.11496060133448083	0.0
0.7924382373878744	-0.1100961414889039	0.0
0.7939390673829272	-0.10523392044739377	0.0
0.7954398973779799	-0.10037396853073854	0.0
0.7969407273730328	-0.09551631826668916	0.0
0.7984415573680855	-0.09066099144015594	0.0
0.7999423873631384	-0.08580801356664258	0.0
0.8014432173581911	-0.08095741594469485	0.0
0.8029440473532439	-0.07610921842437324	0.0
0.8044448773482967	-0.07126344901892101	0.0
0.8059457073433495	-0.06642014208179803	0.0
0.8074465373384024	-0.0615793139959846	0.0
0.8089473673334551	-0.056740990641201305	0.0
0.8104481973285078	-0.05190520717265379	0.0
0.8119490273235607	-0.047071983845906384	0.0
0.8134498573186134	-0.042241345844198364	0.0
0.8149506873136664	-0.03741332262608421	0.0
0.816451517308719	-0.032587937896165986	0.0
0.8179523473037718	-0.027765215119931907	0.0
0.8194531772988247	-0.022945182878664427	0.0
0.8209540072938774	-0.018127869503909322	0.0
0.8224548372889303	-0.013313299141266555	0.0
0.8239556672839831	-0.008501497431894878	0.0
0.8254564972790359	-0.0036924867506717973	0.0
0.8269573272740887	0.001113706861967767	0.0
0.8284581572691414	0.005917050464450346	0.0
0.8299589872641943	0.010717524273818668	0.0
0.831459817259247	0.015515107784240811	0.0
0.8329606472542999	0.020309766550596464	0.0
0.8344614772493526	0.02510147379473482	0.0
0.8359623072444053	0.029890205438896755	0.0
0.8374631372394582	0.034675938928082406	0.0
0.8389639672345109	0.03945865127031656	0.0
0.8404647972295638	0.04423831051513538	0.0
0.8419656272246165	0.04901489152519356	0.0
0.8434664572196693	0.05378837420118532	0.0
0.8449672872147221	0.05855872868232659	0.0
0.8464681172097749	0.06332592503087375	0.0
0.8479689472048277	0.06808994260232892	0.0
0.8494697771998805	0.07285075915845174	0.0
0.8509706071949332	0.07760834333134703	0.0
0.8524714371899861	0.08236266614404864	0.0
0.8539722671850388	0.08711370741149183	0.0
0.8554730971800917	0.09186144012751285	0.0
0.8569739271751444	0.09660583342772444	0.0
0.8584747571701972	0.10134686528691339	0.0
0.85997558716525	0.10608451310431488	0.0
0.8614764171603028	0.11081874579231776	0.0
0.8629772471553557	0.11554953508743537	0.0
0.8644780771504084	0.1202768602445361	0.0
0.8659789071454613	0.12500069220231746	0.0
0.8674797371405141	0.12972099772918844	0.0
0.8689805671355667	0.1344377549916531	0.0
0.8704813971306197	0.13915094552597163	0.0
0.8719822271256723	0.14386053843445734	0.0
0.8734830571207253	0.14856649856056547	0.0
0.874983887115778	0.15326880134912724	0.0
0.8764847171108306	0.157967425101186	0.0
0.8779855471058836	0.16266233974180833	0.0
0.8794863771009364	0.1673535157163144	0.0
0.8809872070959892	0.17204092947920646	0.0
0.882488037091042	0.1767245541720588	0.0
0.8839888670860947	0.18140435998026172	0.0
0.8854896970811476	0.18608031816818538	0.0
0.8869905270762003	0.19075240159003926	0.0
0.8884913570712532	0.19542058112203176	0.0
0.8899921870663059	0.2000848285270409	0.0
0.8914930170613586	0.20474511605355916	0.0
0.8929938470564115	0.20940141769825993	0.0
0.8944946770514642	0.21405370538577562	0.0
0.8959955070465171	0.2187019447909908	0.0
0.8974963370415698	0.22334611061207643	0.0
0.8989971670366227	0.22798617758710038	0.0
0.9004979970316754	0.23262210926820348	0.0
0.9019988270267282	0.23725387708354617	0.0
0.903499657021781	0.24188146085440998	0.0
0.9050004870168338	0.24650482342983282	0.0
0.9065013170118867	0.2511239301613184	0.0
0.9080021470069394	0.25573876356574865	0.0
0.9095029770019921	0.2603492902031366	0.0
0.911003806997045	0.2649554715013265	0.0
0.9125046369920977	0.26955728187537376	0.0
0.9140054669871507	0.27415469333676	0.0
0.9155062969822033	0.2787476729486482	0.0
0.9170071269772561	0.28333619060073234	0.0
0.918507956972309	0.28792021684031077	0.0
0.9200087869673617	0.2924997184421172	0.0
0.9215096169624146	0.2970746622278775	0.0
0.9230104469574674	0.3016450184978583	0.0
0.92451127695252	0.30621076029104666	0.0
0.926012106947573	0.3107718508656674	0.0
0.9275129369426257	0.3153282545116751	0.0
0.9290137669376786	0.31987994252045016	0.0
0.9305145969327313	0.32442688426328137	0.0
0.932015426927784	0.32896905056754466	0.0
0.9335162569228369	0.33350640149276467	0.0
0.9350170869178897	0.33803890236143364	0.0
0.9365179169129425	0.3425665267778244	0.0
0.9380187469079952	0.3470892364995506	0.0
0.9395195769030481	0.3516070018180837	0.0
0.9410204068981008	0.3561197934074303	0.0
0.9425212368931536	0.36062756791945105	0.0
0.9440220668882064	0.3651302911246035	0.0
0.9455228968832592	0.3696279355766152	0.0
0.947023726878312	0.3741204643533256	0.0
0.9485245568733648	0.37860783893653016	0.0
0.9500253868684175	0.3830900303756348	0.0
0.9515262168634704	0.38756700129097066	0.0
0.9530270468585231	0.39203871017404324	0.0
0.954527876853576	0.3965051312384904	0.0
0.9560287068486287	0.40096622752060274	0.0
0.9575295368436815	0.405421959726441	0.0
0.9590303668387343	0.40987229550427284	0.0
0.9605311968337871	0.4143171913553778	0.0
0.96203202682884	0.4187566157811069	0.0
0.9635328568238927	0.4231905353218608	0.0
0.9650336868189454	0.42761890601149455	0.0
0.9665345168139984	0.4320416944420573	0.0
0.968035346809051	0.43645886907638576	0.0
0.969536176804104	0.4408703870449895	0.0
0.9710370067991567	0.4452762084211941	0.0
0.9725378367942096	0.4496762985375027	0.0
0.9740386667892623	0.45407061873786536	0.0
0.975539496784315	0.45845913293303875	0.0
0.9770403267793679	0.46284179866068165	0.0
0.9785411567744207	0.4672185836032685	0.0
0.9800419867694735	0.47158945332752333	0.0
0.9815428167645263	0.47595435548108167	0.0
0.983043646759579	0.4803132513126809	0.0
0.9845444767546319	0.48466611216648725	0.0
0.9860453067496846	0.48901289451116114	0.0
0.9875461367447375	0.4933535578932218	0.0
0.9890469667397902	0.49768806931149845	0.0
0.990547796734843	0.5020163808586173	0.0
0.9920486267298958	0.5063384510937403	0.0
0.9935494567249485	0.5106542464780621	0.0
0.9950502867200014	0.5149637229100892	0.0
0.9965511167150541	0.5192668407034435	0.0
0.9980519467101069	0.5235635636379625	0.0
0.9995527767051597	0.5278538435200837	0.0
1.0010536067002125	0.5321376410689995	0.0
1.0025544366952654	0.5364149243948593	0.0
1.0040552666903182	0.540685643763237	0.0
1.005556096685371	0.5449497540028554	0.0
1.0070569266804237	0.5492072203464928	0.0
1.0085577566754764	0.5534580006933116	0.0
1.0100585866705294	0.5577020533780483	0.0
1.0115594166655821	0.5619393366906826	0.0
1.0130602466606349	0.5661698055493796	0.0
1.0145610766556876	0.5703934191342777	0.0
1.0160619066507404	0.5746101382384361	0.0
1.0175627366457933	0.5788199149788682	0.0
1.019063566640846	0.5830227104912955	0.0
1.0205643966358988	0.5872184870688406	0.0
1.0220652266309516	0.5914071927533322	0.0
1.0235660566260043	0.5955887856284676	0.0
1.0250668866210573	0.5997632290699124	0.0
1.02656771661611	0.6039304768603366	0.0
1.0280685466111628	0.6080904836325756	0.0
1.0295693766062155	0.6122432125711689	0.0
1.0310702066012682	0.6163886187160897	0.0
1.0325710365963212	0.6205266518709082	0.0
1.034071866591374	0.624657270564128	0.0
1.035572696586427	0.6287804341507709	0.0
1.0370735265814794	0.6328961016790606	0.0
1.0385743565765322	0.6370042301532673	0.0
1.0400751865715852	0.6411047684467224	0.0
1.041576016566638	0.6451976739000588	0.0
1.0430768465616909	0.6492829095366649	0.0
1.0445776765567436	0.6533604244091673	0.0
1.0460785065517963	0.6574301741282984	0.0
1.047579336546849	0.6614921219107002	0.0
1.0490801665419018	0.6655462214883348	0.0
1.0505809965369548	0.6695924289010408	0.0
1.0520818265320075	0.6736306973339549	0.0
1.0535826565270603	0.6776609792248518	0.0
1.055083486522113	0.6816832393752659	0.0
1.0565843165171658	0.6856974303557943	0.0
1.0580851465122187	0.6897035019821588	0.0
1.0595859765072715	0.6937014184064441	0.0
1.0610868065023242	0.6976911331280511	0.0
1.062587636497377	0.7016725987285716	0.0
1.0640884664924297	0.7056457724418534	0.0
1.0655892964874827	0.7096106110898991	0.0
1.0670901264825354	0.7135670743856263	0.0
1.0685909564775882	0.717515113313459	0.0
1.070091786472641	0.7214546848670284	0.0
1.0715926164676937	0.7253857456174385	0.0
1.0730934464627466	0.7293082470066036	0.0
1.0745942764577994	0.7332221487172428	0.0
1.0760951064528521	0.7371274111198142	0.0
1.0775959364479049	0.7410239924019142	0.0
1.0790967664429576	0.7449118371954052	0.0
1.0805975964380106	0.7487909032789247	0.0
1.0820984264330633	0.7526611571670612	0.0
1.0835992564281163	0.7565225431945705	0.0
1.0851000864231688	0.760375023576153	0.0
1.0866009164182218	0.7642185628810623	0.0
1.0881017464132745	0.7680531079361318	0.0
1.0896025764083273	0.7718786171777553	0.0
1.0911034064033802	0.7756950488847014	0.0
1.0926042363984327	0.7795023564715288	0.0
1.0941050663934857	0.783300495919461	0.0
1.0956058963885384	0.7870894309521519	0.0
1.0971067263835912	0.7908691181388574	0.0
1.0986075563786442	0.7946395066239004	0.0
1.100108386373697	0.7984005625866473	0.0
1.1016092163687496	0.8021522453987695	0.0
1.1031100463638024	0.8058945036817962	0.0
1.1046108763588551	0.8096273017509948	0.0
1.106111706353908	0.8133505972142998	0.0
1.1076125363489608	0.8170643410222687	0.0
1.1091133663440136	0.820768498650448	0.0
1.1106141963390663	0.8244630324300702	0.0
1.112115026334119	0.8281478968046615	0.0
1.113615856329172	0.8318230463031508	0.0
1.1151166863242248	0.835488439385023	0.0
1.1166175163192775	0.8391440411148372	0.0
1.1181183463143303	0.8427898106313924	0.0
1.1196191763093832	0.8464257044260929	0.0
1.121120006304436	0.8500516852648363	0.0
1.1226208362994887	0.8536677095215502	0.0
1.1241216662945415	0.8572737405238238	0.0
1.1256224962895942	0.8608697410248466	0.0
1.1271233262846472	0.8644556622127114	0.0
1.1286241562797	0.8680314695507384	0.0
1.1301249862747527	0.8715971315527707	0.0
1.1316258162698054	0.8751525986021174	0.0
1.1331266462648582	0.878697833178643	0.0
1.1346274762599111	0.8822328081220758	0.0
1.1361283062549639	0.8857574747923346	0.0
1.1376291362500166	0.8892717922985165	0.0
1.1391299662450696	0.8927757321574672	0.0
1.140630796240122	0.8962692538474588	0.0
1.142131626235175	0.8997523172790292	0.0
1.1436324562302278	0.9032248930601995	0.0
1.1451332862252805	0.9066869436074673	0.0
1.1466341162203335	0.9101384218528109	0.0
1.1481349462153863	0.9135792957163599	0.0
1.149635776210439	0.9170095346145035	0.0
1.1511366062054917	0.9204291042115487	0.0
1.1526374362005447	0.9238379659893773	0.0
1.1541382661955975	0.9272360785051694	0.0
1.1556390961906502	0.9306234146926399	0.0
1.157139926185703	0.9339999438726064	0.0
1.1586407561807557	0.9373656279094486	0.0
1.1601415861758086	0.9407204275086659	0.0
1.1616424161708614	0.9440643110897341	0.0
1.1631432461659141	0.9473972521255309	0.0
1.1646440761609669	0.9507192159832442	0.0
1.1661449061560196	0.954030164817234	0.0
1.1676457361510726	0.9573300638420086	0.0
1.1691465661461253	0.9606188907843017	0.0
1.170647396141178	0.9638966144312536	0.0
1.1721482261362308	0.9671631931650799	0.0
1.1736490561312836	0.9704186026889439	0.0
1.1751498861263365	0.9736628137865188	0.0
1.1766507161213893	0.9768957880965091	0.0
1.178151546116442	0.9801175007002387	0.0
1.1796523761114948	0.9833279280346936	0.0
1.1811532061065475	0.9865270348198183	0.0
1.1826540361016005	0.989714787798779	0.0
1.1841548660966532	0.9928911615674235	0.0
1.185655696091706	0.9960561327347154	0.0
1.187156526086759	0.9992096703988169	0.0
1.1886573560818114	1.0023517415453134	0.0
1.1901581860768644	1.0054823252188443	0.0
1.1916590160719172	1.0086013942012007	0.0
1.1931598460669701	1.011708918179285	0.0
1.1946606760620229	1.0148048720636964	0.0
1.1961615060570754	1.0178892313075005	0.0
1.1976623360521284	1.0209619710818678	0.0
1.199163166047181	1.02402306499572	0.0
1.200663996042234	1.0270724879803317	0.0
1.2021648260372868	1.0301102132592914	0.0
1.2036656560323395	1.0331362194472526	0.0
1.2051664860273923	1.0361504840081455	0.0
1.206667316022445	1.0391529795474503	0.0
1.208168146017498	1.0421436873678391	0.0
1.2096689760125507	1.045122583373826	0.0
1.2111698060076035	1.0480896440246295	0.0
1.2126706360026562	1.051044851621731	0.0
1.214171465997709	1.0539881793263919	0.0
1.215672295992762	1.0569196059845145	0.0
1.2171731259878147	1.0598391141687	0.0
1.2186739559828674	1.0627466821824765	0.0
1.2201747859779202	1.0656422871914617	0.0
1.221675615972973	1.0685259097346307	0.0
1.2231764459680259	1.071397536325605	0.0
1.2246772759630786	1.0742571455669325	0.0
1.2261781059581316	1.077104711922057	0.0
1.2276789359531841	1.0799402220312055	0.0
1.2291797659482369	1.0827636636474585	0.0
1.2306805959432898	1.0855750124411354	0.0
1.2321814259383426	1.0883742485128862	0.0
1.2336822559333955	1.0911613619523415	0.0
1.235183085928448	1.0939363346150803	0.0
1.2366839159235008	1.0966991459278503	0.0
1.2381847459185538	1.0994497848547387	0.0
1.2396855759136065	1.1021882358390276	0.0
1.2411864059086595	1.104914481774332	0.0
1.2426872359037122	1.107628510931106	0.0
1.2441880658987647	1.110330304648269	0.0
1.2456888958938177	1.1130198487326362	0.0
1.2471897258888704	1.1156971346556834	0.0
1.2486905558839234	1.118362144842408	0.0
1.2501913858789762	1.1210148665105741	0.0
1.251692215874029	1.123655289072254	0.0
1.2531930458690816	1.126283398984705	0.0
1.2546938758641344	1.1288991868987295	0.0
1.2561947058591874	1.1315026395522336	0.0
1.25769553585424	1.1340937431357412	0.0
1.2591963658492928	1.136672487545054	0.0
1.2606971958443456	1.139238864904145	0.0
1.2621980258393983	1.1417928649459599	0.0
1.2636988558344513	1.1443344745703603	0.0
1.265199685829504	1.1468636896749969	0.0
1.2667005158245568	1.149380498977941	0.0
1.2682013458196095	1.1518848867547364	0.0
1.2697021758146623	1.1543768508426515	0.0
1.2712030058097152	1.1568563862415642	0.0
1.272703835804768	1.1593234777223662	0.0
1.2742046657998207	1.161778117424486	0.0
1.2757054957948735	1.164220303033845	0.0
1.2772063257899262	1.1666500256103276	0.0
1.2787071557849792	1.1690672823058768	0.0
1.280207985780032	1.1714720624297592	0.0
1.2817088157750849	1.17386435427667	0.0
1.2832096457701374	1.1762441617756934	0.0
1.2847104757651902	1.178611475929228	0.0
1.2862113057602431	1.1809662887756172	0.0
1.2877121357552959	1.183308600697899	0.0
1.2892129657503488	1.18563840169594	0.0
1.2907137957454016	1.1879556895016246	0.0
1.292214625740454	1.1902604633208416	0.0
1.293715455735507	1.1925527158506155	0.0
1.2952162857305598	1.1948324402057733	0.0
1.2967171157256128	1.1970996340732474	0.0
1.2982179457206655	1.1993543010446408	0.0
1.2997187757157183	1.2015964362503764	0.0
1.301219605710771	1.203826031844793	0.0
1.3027204357058237	1.206043086261785	0.0
1.3042212657008767	1.2082476014934178	0.0
1.3057220956959295	1.2104395779657122	0.0
1.3072229256909822	1.2126190080589587	0.0
1.308723755686035	1.2147858864970225	0.0
1.3102245856810877	1.2169402225727717	0.0
1.3117254156761406	1.2190820168117595	0.0
1.3132262456711934	1.2212112553673529	0.0
1.3147270756662461	1.2233279409511744	0.0
1.3162279056612989	1.2254320806360008	0.0
1.3177287356563516	1.2275236727468264	0.0
1.3192295656514046	1.2296027145270225	0.0
1.3207303956464573	1.2316692068472965	0.0
1.32223122564151	1.233723151780076	0.0
1.3237320556365628	1.235764546193769	0.0
1.3252328856316156	1.2377933938673022	0.0
1.3267337156266685	1.2398097001318038	0.0
1.3282345456217213	1.2418134591807672	0.0
1.3297353756167742	1.24380467106405	0.0
1.3312362056118268	1.2457833457560787	0.0
1.3327370356068795	1.247749480090711	0.0
1.3342378656019325	1.249703072814507	0.0
1.3357386955969852	1.2516441310640327	0.0
1.3372395255920382	1.2535726561232874	0.0
1.3387403555870907	1.2554886487241042	0.0
1.3402411855821437	1.257392113816742	0.0
1.3417420155771964	1.2592830545831963	0.0
1.3432428455722492	1.261161467935379	0.0
1.3447436755673021	1.2630273584164182	0.0
1.3462445055623549	1.26488073448127	0.0
1.3477453355574076	1.2667215955480815	0.0
1.3492461655524604	1.2685499428928684	0.0
1.350746995547513	1.2703657863855462	0.0
1.352247825542566	1.2721691267540376	0.0
1.3537486555376188	1.2739599586545032	0.0
1.3552494855326715	1.275738291128008	0.0
1.3567503155277243	1.2775041370669986	0.0
1.358251145522777	1.2792574936127996	0.0
1.35975197551783	1.2809983581947983	0.0
1.3612528055128827	1.2827267459866643	0.0
1.3627536355079355	1.2844426585362014	0.0
1.3642544655029882	1.2861460893060923	0.0
1.365755295498041	1.287837049730955	0.0
1.367256125493094	1.2895155490542256	0.0
1.3687569554881467	1.2911815880889124	0.0
1.3702577854831994	1.2928351669332392	0.0
1.3717586154782522	1.294476292951226	0.0
1.3732594454733051	1.2961049730301895	0.0
1.3747602754683579	1.2977212080931455	0.0
1.3762611054634106	1.299325002422546	0.0
1.3777619354584634	1.300916362916875	0.0
1.3792627654535161	1.3024952955929787	0.0
1.380763595448569	1.3040618041279104	0.0
1.3822644254436218	1.3056158886041673	0.0
1.3837652554386746	1.3071575558684676	0.0
1.3852660854337275	1.3086868132985694	0.0
1.38676691542878	1.3102036601798392	0.0
1.388267745423833	1.311708105395811	0.0
1.3897685754188858	1.313200158613555	0.0
1.3912694054139385	1.3146798163863918	0.0
1.3927702354089915	1.3161470791542496	0.0
1.3942710654040442	1.3176019630010407	0.0
1.395771895399097	1.3190444704654885	0.0
1.3972727253941497	1.320474594905096	0.0
1.3987735553892024	1.321892351020281	0.0
1.4002743853842554	1.323297747932425	0.0
1.4017752153793082	1.3246907791309934	0.0
1.403276045374361	1.326071449387156	0.0
1.4047768753694136	1.3274397700487517	0.0
1.4062777053644664	1.32879574397231	0.0
1.4077785353595194	1.3301393719449495	0.0
1.409279365354572	1.3314706612009457	0.0
1.4107801953496248	1.3327896147589553	0.0
1.4122810253446776	1.3340962344307479	0.0
1.4137818553397306	1.3353905304404974	0.0
1.4152826853347833	1.3366725020257173	0.0
1.416783515329836	1.3379421502974655	0.0
1.4182843453248888	1.3391994850009474	0.0
1.4197851753199415	1.3404445106367477	0.0
1.4212860053149945	1.3416772283358553	0.0
1.4227868353100472	1.3428976392439882	0.0
1.4242876653051	1.344105750025598	0.0
1.4257884953001527	1.3453015624352411	0.0
1.4272893252952055	1.3464850796961867	0.0
1.4287901552902584	1.3476563128668955	0.0
1.4302909852853112	1.3488152587925926	0.0
1.431791815280364	1.3499619118811337	0.0
1.4332926452754169	1.3510962875725154	0.0
1.4347934752704694	1.352218392817068	0.0
1.4362943052655224	1.353328219189448	0.0
1.4377951352605751	1.3544257697344513	0.0
1.4392959652556279	1.3555110522411409	0.0
1.4407967952506808	1.3565840675696692	0.0
1.4422976252457334	1.3576448188025116	0.0
1.4437984552407863	1.3586933118933926	0.0
1.445299285235839	1.3597295442466968	0.0
1.446800115230892	1.3607535151194052	0.0
1.4483009452259448	1.361765231574838	0.0
1.4498017752209975	1.3627646948438579	0.0
1.4513026052160503	1.3637519054222114	0.0
1.452803435211103	1.3647268680446478	0.0
1.454304265206156	1.365689583184545	0.0
1.4558050952012087	1.3666400496066868	0.0
1.4573059251962615	1.3675782699943315	0.0
1.4588067551913142	1.3685042466446835	0.0
1.460307585186367	1.3694179806084184	0.0
1.46180841518142	1.370319473077879	0.0
1.4633092451764727	1.3712087247421647	0.0
1.4648100751715254	1.372085734711069	0.0
1.4663109051665781	1.3729505051994513	0.0
1.4678117351616309	1.3738030368900351	0.0
1.4693125651566838	1.374643328313271	0.0
1.4708133951517366	1.3754713844992514	0.0
1.4723142251467893	1.3762872006530515	0.0
1.473815055141842	1.3770907761856126	0.0
1.4753158851368948	1.3778821180240417	0.0
1.4768167151319478	1.3786612203500104	0.0
1.4783175451270005	1.379428083534719	0.0
1.4798183751220533	1.3801827080784643	0.0
1.481319205117106	1.3809250875212287	0.0
1.4828200351121588	1.3816552295340472	0.0
1.4843208651072117	1.3823731368402752	0.0
1.4858216951022645	1.383078799281991	0.0
1.4873225250973174	1.383772219285805	0.0
1.4888233550923702	1.3844533946385933	0.0
1.4903241850874227	1.3851223194505407	0.0
1.4918250150824757	1.3857790011370532	0.0
1.4933258450775284	1.3864234365343746	0.0
1.4948266750725814	1.3870556195783106	0.0
1.4963275050676341	1.387675550399872	0.0
1.4978283350626869	1.3882832280326243	0.0
1.4993291650577396	1.3888786527066705	0.0
1.5008299950527924	1.3894618191226675	0.0
1.5023308250478453	1.3900327272358526	0.0
1.503831655042898	1.3905913749878853	0.0
1.5053324850379508	1.3911377552158881	0.0
1.5068333150330036	1.3916718690981404	0.0
1.5083341450280563	1.3921937144005772	0.0
1.5098349750231093	1.392703288553241	0.0
1.511335805018162	1.39320059141239	0.0
1.5128366350132147	1.3936856144005887	0.0
1.5143374650082675	1.3941583536009743	0.0
1.5158382950033202	1.3946188118169296	0.0
1.5173391249983732	1.3950669845762493	0.0
1.518839954993426	1.3955028678406245	0.0
1.5203407849884787	1.3959264577241628	0.0
1.5218416149835314	1.3963377513764081	0.0
1.5233424449785842	1.3967367462327362	0.0
1.5248432749736371	1.397123435081283	0.0
1.5263441049686899	1.3974978161690483	0.0
1.5278449349637429	1.3978598883982876	0.0
1.5293457649587954	1.3982096482048894	0.0
1.5308465949538481	1.3985470899545147	0.0
1.532347424948901	1.3988722050267013	0.0
1.5338482549439538	1.3991849942128551	0.0
1.5353490849390068	1.3994854572813513	0.0
1.5368499149340595	1.3997735851056963	0.0
1.538350744929112	1.400049373559685	0.0
1.539851574924165	1.4003128201677728	0.0
1.5413524049192178	1.4005639191104386	0.0
1.5428532349142707	1.4008026664999618	0.0
1.5443540649093235	1.4010290600435467	0.0
1.545854894904376	1.4012430939870528	0.0
1.547355724899429	1.4014447639472651	0.0
1.5488565548944817	1.4016340642399168	0.0
1.5503573848895347	1.401810989643682	0.0
1.5518582148845874	1.4019755399614402	0.0
1.5533590448796402	1.4021277098562672	0.0
1.5548598748746927	1.4022674926426244	0.0
1.5563607048697456	1.402394882173542	0.0
1.5578615348647986	1.402509873039656	0.0
1.5593623648598514	1.4026124676071876	0.0
1.560863194854904	1.4027026609191058	0.0
1.5623640248499568	1.4027804422311074	0.0
1.5638648548450098	1.4028458090670037	0.0
1.5653656848400623	1.4028987580838848	0.0
1.5668665148351153	1.4029392860965575	0.0
1.568367344830168	1.402967386056488	0.0
1.5698681748252208	1.4029830488466368	0.0
1.5713690048202735	1.4029862750632454	0.0
1.5728698348153265	1.4029770674335156	0.0
1.5743706648103795	1.4029554147002372	0.0
1.575871494805432	1.4029213061329981	0.0
1.5773723248004847	1.402874744573154	0.0
1.5788731547955377	1.4028157286055396	0.0
1.5803739847905902	1.4027442496523757	0.0
1.5818748147856432	1.4026603001756373	0.0
1.5833756447806961	1.4025638805670002	0.0
1.584876474775749	1.4024549870864418	0.0
1.5863773047708014	1.4023336133181024	0.0
1.5878781347658544	1.4021997574854015	0.0
1.5893789647609073	1.4020534140801182	0.0
1.5908797947559599	1.4018945800808171	0.0
1.5923806247510128	1.4017232525148762	0.0
1.5938814547460656	1.4015394251396907	0.0
1.595382284741118	1.4013430938848463	0.0
1.596883114736171	1.4011342572420475	0.0
1.598383944731224	1.4009129118987977	0.0
1.5998847747262768	1.4006790546627341	0.0
1.6013856047213293	1.4004326847430788	0.0
1.6028864347163823	1.400173795207015	0.0
1.6043872647114352	1.3999023800360755	0.0
1.6058880947064877	1.39961844078207	0.0
1.6073889247015407	1.3993219749614365	0.0
1.6088897546965935	1.3990129822429118	0.0
1.6103905846916464	1.3986914578816987	0.0
1.611891414686699	1.398357391445977	0.0
1.613392244681752	1.3980107859182258	0.0
1.6148930746768049	1.3976516476174756	0.0
1.6163939046718574	1.3972799683279427	0.0
1.6178947346669101	1.3968957413999328	0.0
1.619395564661963	1.3964989714306841	0.0
1.6208963946570156	1.3960896547232646	0.0
1.6223972246520686	1.39566778627519	0.0
1.6238980546471213	1.3952333694654686	0.0
1.6253988846421743	1.3947864056443622	0.0
1.6268997146372268	1.3943268896437193	0.0
1.6284005446322798	1.3938548203020262	0.0
1.6299013746273328	1.3933701970222316	0.0
1.6314022046223853	1.3928730194100796	0.0
1.632903034617438	1.39236329121916	0.0
1.634403864612491	1.391841009133426	0.0
1.6359046946075435	1.3913061710556347	0.0
1.6374055246025965	1.3907587819439045	0.0
1.6389063545976494	1.3901988425941596	0.0
1.6404071845927022	1.3896263469741883	0.0
1.6419080145877547	1.3890412991378198	0.0
1.6434088445828077	1.3884437051063452	0.0
1.6449096745778606	1.3878335619283626	0.0
1.6464105045729132	1.3872108730658947	0.0
1.6479113345679661	1.3865756402635212	0.0
1.6494121645630189	1.385927860734741	0.0
1.6509129945580718	1.3852675375143448	0.0
1.6524138245531244	1.38459467885648	0.0
1.6539146545481773	1.383909286758533	0.0
1.65541548454323	1.3832113582505063	0.0
1.6569163145382828	1.3825008978977134	0.0
1.6584171445333356	1.3817779132681305	0.0
1.6599179745283885	1.3810424070172493	0.0
1.661418804523441	1.3802943805496144	0.0
1.662919634518494	1.379533838302517	0.0
1.6644204645135467	1.3787607860720636	0.0
1.6659212945085997	1.3779752277805366	0.0
1.6674221245036522	1.3771771654473577	0.0
1.6689229544987052	1.3763666067629006	0.0
1.6704237844937582	1.3755435584301978	0.0
1.6719246144888107	1.3747080230553848	0.0
1.6734254444838634	1.373860007984603	0.0
1.6749262744789164	1.3729995192740017	0.0
1.676427104473969	1.3721265635831148	0.0
1.6779279344690219	1.3712411484601537	0.0
1.6794287644640746	1.370343278868844	0.0
1.6809295944591276	1.3694329624395816	0.0
1.6824304244541801	1.3685102070437816	0.0
1.683931254449233	1.367575020198013	0.0
1.685432084444286	1.366627407624111	0.0
1.6869329144393386	1.365667378974726	0.0
1.6884337444343913	1.3646949442801903	0.0
1.6899345744294443	1.3637101133957032	0.0
1.6914354044244972	1.3627128946663043	0.0
1.6929362344195498	1.3617032937950315	0.0
1.6944370644146027	1.360681325519922	0.0
1.6959378944096555	1.3596469978373098	0.0
1.697438724404708	1.3586003170557404	0.0
1.698939554399761	1.3575412977047172	0.0
1.700440384394814	1.3564699511755358	0.0
1.7019412143898665	1.355386287682296	0.0
1.7034420443849194	1.3542903187650592	0.0
1.7049428743799722	1.3531820552831206	0.0
1.7064437043750251	1.3520615106390665	0.0
1.7079445343700776	1.3509286951986197	0.0
1.7094453643651306	1.3497836200938265	0.0
1.7109461943601834	1.3486263042422753	0.0
1.712447024355236	1.3474567578248369	0.0
1.7139478543502888	1.346274992835268	0.0
1.7154486843453418	1.3450810230573254	0.0
1.7169495143403943	1.343874860517772	0.0
1.7184503443354473	1.3426565241074373	0.0
1.7199511743305	1.3414260283697732	0.0
1.721452004325553	1.3401833873904683	0.0
1.7229528343206055	1.33892861528573	0.0
1.7244536643156585	1.3376617266908328	0.0
1.7259544943107115	1.3363827383946352	0.0
1.727455324305764	1.3350916661250731	0.0
1.7289561543008167	1.3337885294368277	0.0
1.7304569842958697	1.332473342342043	0.0
1.7319578142909227	1.331146119047922	0.0
1.7334586442859752	1.3298068815489346	0.0
1.7349594742810281	1.328455645901823	0.0
1.736460304276081	1.3270924299470355	0.0
1.7379611342711334	1.3257172540497997	0.0
1.7394619642661864	1.3243301322360916	0.0
1.7409627942612393	1.3229310833336316	0.0
1.7424636242562919	1.3215201297413346	0.0
1.7439644542513446	1.320097290049973	0.0
1.7454652842463976	1.3186625833568508	0.0
1.7469661142414505	1.3172160291811337	0.0
1.748466944236503	1.3157576479091215	0.0
1.749967774231556	1.3142874628415693	0.0
1.7514686042266088	1.3128054924015056	0.0
1.7529694342216613	1.3113117521814948	0.0
1.7544702642167143	1.3098062693868244	0.0
1.7559710942117672	1.308289067058648	0.0
1.75747192420682	1.3067601642545077	0.0
1.7589727542018727	1.3052195847185388	0.0
1.7604735841969255	1.3036673474135454	0.0
1.7619744141919784	1.302103476799369	0.0
1.763475244187031	1.300527997807237	0.0
1.764976074182084	1.2989409320215197	0.0
1.7664769041771367	1.2973423037560508	0.0
1.7679777341721894	1.2957321353119668	0.0
1.7694785641672421	1.2941104511195751	0.0
1.770979394162295	1.2924772763844663	0.0
1.772480224157348	1.290832632714881	0.0
1.7739810541524006	1.2891765475373957	0.0
1.7754818841474533	1.287509047494041	0.0
1.7769827141425063	1.2858301543836472	0.0
1.7784835441375588	1.2841398950336038	0.0
1.7799843741326118	1.2824382943394554	0.0
1.7814852041276648	1.2807253790369875	0.0
1.7829860341227173	1.2790011757694355	0.0
1.78448686411777	1.2772657090373827	0.0
1.785987694112823	1.275519007872829	0.0
1.787488524107876	1.2737610990081434	0.0
1.7889893541029285	1.2719920081591323	0.0
1.7904901840979814	1.2702117617703266	0.0
1.7919910140930342	1.2684203887231722	0.0
1.7934918440880867	1.2666179173616108	0.0
1.7949926740831397	1.264804375962129	0.0
1.7964935040781926	1.2629797930432765	0.0
1.7979943340732454	1.261144194064927	0.0
1.7994951640682981	1.2592976094208197	0.0
1.8009959940633509	1.2574400709035427	0.0
1.8024968240584038	1.255571602378272	0.0
1.8039976540534564	1.2536922323282484	0.0
1.8054984840485093	1.2518019947682426	0.0
1.806999314043562	1.2499009169361226	0.0
1.8085001440386146	1.2479890301810337	0.0
1.8100009740336676	1.2460663656891762	0.0
1.8115018040287205	1.2441329465560513	0.0
1.8130026340237735	1.2421888060000768	0.0
1.814503464018826	1.2402339832423332	0.0
1.8160042940138788	1.238268501747099	0.0
1.8175051240089317	1.2362923867578348	0.0
1.8190059540039842	1.234305675803267	0.0
1.8205067839990372	1.2323084014108292	0.0
1.82200761399409	1.230300591570332	0.0
1.8235084439891427	1.228282276038166	0.0
1.8250092739841954	1.2262534883780787	0.0
1.8265101039792484	1.2242142612555547	0.0
1.8280109339743014	1.2221646291316064	0.0
1.8295117639693539	1.2201046221833023	0.0
1.8310125939644066	1.218034263902326	0.0
1.8325134239594596	1.2159535935783379	0.0
1.8340142539545121	1.21386264988706	0.0
1.835515083949565	1.2117614564994819	0.0
1.837015913944618	1.209650045686463	0.0
1.8385167439396708	1.207528453785427	0.0
1.8400175739347233	1.2053967127057117	0.0
1.8415184039297763	1.203254854329006	0.0
1.8430192339248292	1.2011029112684195	0.0
1.8445200639198818	1.1989409195623213	0.0
1.8460208939149347	1.1967689105060788	0.0
1.8475217239099875	1.194586914725955	0.0
1.84902255390504	1.1923949679471626	0.0
1.850523383900093	1.1901931050127375	0.0
1.852024213895146	1.1879813593366988	0.0
1.8535250438901987	1.1857597618024203	0.0
1.8550258738852514	1.1835283467771855	0.0
1.8565267038803042	1.1812871494395831	0.0
1.8580275338753571	1.1790362008395583	0.0
1.8595283638704097	1.1767755359709553	0.0
1.8610291938654626	1.1745051909323232	0.0
1.8625300238605154	1.1722251977158789	0.0
1.864030853855568	1.1699355884169171	0.0
1.8655316838506208	1.1676364003980813	0.0
1.8670325138456738	1.1653276682996276	0.0
1.8685333438407268	1.163009421465361	0.0
1.8700341738357793	1.1606816960627326	0.0
1.871535003830832	1.1583445289167158	0.0
1.873035833825885	1.155997952206492	0.0
1.8745366638209375	1.1536419968366718	0.0
1.8760374938159905	1.1512767005526763	0.0
1.8775383238110435	1.1489021003576112	0.0
1.8790391538060962	1.146518225360404	0.0
1.8805399838011487	1.1441251114035	0.0
1.8820408137962017	1.1417227919516697	0.0
1.8835416437912547	1.139311300835003	0.0
1.8850424737863072	1.1368906775545518	0.0
1.88654330378136	1.134460953408786	0.0
1.888044133776413	1.1320221582411922	0.0
1.8895449637714654	1.1295743271199583	0.0
1.8910457937665184	1.1271174980840462	0.0
1.8925466237615713	1.1246517067226103	0.0
1.894047453756624	1.1221769839273024	0.0
1.8955482837516766	1.119693362060643	0.0
1.8970491137467296	1.117200877760292	0.0
1.8985499437417825	1.1146995653231988	0.0
1.900050773736835	1.1121894560843406	0.0
1.901551603731888	1.1096705884294629	0.0
1.9030524337269408	1.1071429951536853	0.0
1.9045532637219937	1.1046067049288528	0.0
1.9060540937170463	1.102061756253188	0.0
1.9075549237120992	1.0995081853951065	0.0
1.909055753707152	1.096946022709909	0.0
1.9105565837022047	1.0943752997937004	0.0
1.9120574136972575	1.0917960520351024	0.0
1.9135582436923104	1.089208315418643	0.0
1.915059073687363	1.086612123303439	0.0
1.916559903682416	1.0840075066336743	0.0
1.9180607336774687	1.08139449682282	0.0
1.9195615636725216	1.0787731310162672	0.0
1.9210623936675741	1.0761434454689842	0.0
1.922563223662627	1.0735054678142273	0.0
1.92406405365768	1.0708592311550014	0.0
1.9255648836527326	1.0682047721425891	0.0
1.9270657136477853	1.0655421222347623	0.0
1.9285665436428383	1.0628713151948062	0.0
1.9300673736378908	1.0601923828843836	0.0
1.9315682036329438	1.0575053559975367	0.0
1.9330690336279968	1.0548102687376828	0.0
1.9345698636230495	1.0521071554176136	0.0
1.936070693618102	1.0493960472996449	0.0
1.937571523613155	1.046676975202619	0.0
1.939072353608208	1.0439499741173315	0.0
1.9405731836032605	1.0412150777978444	0.0
1.9420740135983134	1.0384723155769575	0.0
1.9435748435933662	1.0357217173452404	0.0
1.9450756735884192	1.0329633176180681	0.0
1.9465765035834717	1.030197149935842	0.0
1.9480773335785246	1.0274232432667536	0.0
1.9495781635735774	1.024641629098954	0.0
1.95107899356863	1.0218523404492175	0.0
1.9525798235636829	1.01905540887559	0.0
1.9540806535587358	1.0162508670965158	0.0
1.9555814835537884	1.0134387445801885	0.0
1.9570823135488413	1.0106190702499402	0.0
1.958583143543894	1.0077918774384453	0.0
1.960083973538947	1.004957199082756	0.0
1.9615848035339996	1.002115064995461	0.0
1.9630856335290525	0.9992655033317017	0.0
1.9645864635241053	0.9964085452661258	0.0
1.966087293519158	0.9935442239892167	0.0
1.9675881235142108	0.9906725707277526	0.0
1.9690889535092637	0.9877936116772206	0.0
1.9705897835043162	0.9849073783470026	0.0
1.9720906134993692	0.9820139035682645	0.0
1.973591443494422	0.9791132139412202	0.0
1.975092273489475	0.9762053402602893	0.0
1.9765931034845274	0.9732903128935864	0.0
1.9780939334795804	0.9703681634564061	0.0
1.9795947634746334	0.9674389222362758	0.0
1.981095593469686	0.9645026129165803	0.0
1.9825964234647386	0.9615592664333004	0.0
1.9840972534597916	0.9586089167273548	0.0
1.9855980834548446	0.9556515897907458	0.0
1.987098913449897	0.9526873148155308	0.0
1.98859974344495	0.9497161232638491	0.0
1.9901005734400028	0.9467380411947792	0.0
1.9916014034350553	0.9437530970894608	0.0
1.9931022334301083	0.9407613203942566	0.0
1.9946030634251612	0.9377627402428186	0.0
1.9961038934202138	0.9347573862850573	0.0
1.9976047234152667	0.9317452857488353	0.0
1.9991055534103195	0.9287264677499729	0.0
2.0006063834053722	0.9257009590968499	0.0
2.002107213400425	0.9226687868970125	0.0
2.0036080433954777	0.9196299825067364	0.0
2.005108873390531	0.916584572693196	0.0
2.006609703385583	0.9135325851983647	0.0
2.0081105333806364	0.9104740482249121	0.0
2.009611363375689	0.9074089863177282	0.0
2.011112193370742	0.9043374302712921	0.0
2.0126130233657946	0.9012594087631622	0.0
2.0141138533608474	0.8981749467986446	0.0
2.0156146833559005	0.8950840740253698	0.0
2.017115513350953	0.8919868171801475	0.0
2.0186163433460056	0.8888832006805971	0.0
2.020117173341059	0.8857732527834303	0.0
2.021618003336111	0.882657002698195	0.0
2.0231188333311643	0.8795344765920696	0.0
2.024619663326217	0.876405702294039	0.0
2.0261204933212698	0.8732707058509592	0.0
2.0276213233163225	0.8701295111612781	0.0
2.0291221533113752	0.8669821490812435	0.0
2.0306229833064284	0.8638286467510179	0.0
2.0321238133014807	0.8606690271788917	0.0
2.0336246432965335	0.8575033192286305	0.0
2.0351254732915867	0.8543315508824088	0.0
2.036626303286639	0.8511537462005243	0.0
2.038127133281692	0.8479699314794547	0.0
2.039627963276745	0.8447801347035699	0.0
2.0411287932717976	0.8415843816669417	0.0
2.0426296232668504	0.8383826985764822	0.0
2.044130453261903	0.8351751120643542	0.0
2.0456312832569563	0.8319616493419784	0.0
2.0471321132520086	0.8287423359081654	0.0
2.048632943247062	0.8255171953521319	0.0
2.0501337732421145	0.8222862554406907	0.0
2.0516346032371673	0.8190495455274247	0.0
2.05313543323222	0.815807089535252	0.0
2.0546362632272728	0.8125589125027173	0.0
2.0561370932223255	0.8093050434734577	0.0
2.0576379232173783	0.8060455047882751	0.0
2.059138753212431	0.8027803217888647	0.0
2.060639583207484	0.7995095247984387	0.0
2.0621404132025365	0.7962331388513193	0.0
2.0636412431975897	0.7929511890498218	0.0
2.0651420731926424	0.7896637027330224	0.0
2.066642903187695	0.7863707042150725	0.0
2.068143733182748	0.7830722181768743	0.0
2.0696445631778007	0.7797682744685808	0.0
2.071145393172854	0.7764588975061388	0.0
2.072646223167906	0.7731441118348428	0.0
2.074147053162959	0.7698239465435179	0.0
2.075647883158012	0.7664984268299628	0.0
2.0771487131530644	0.7631675770289696	0.0
2.0786495431481176	0.7598314246661102	0.0
2.0801503731431703	0.756489996422262	0.0
2.081651203138223	0.7531433174525766	0.0
2.083152033133276	0.7497914154741967	0.0
2.0846528631283285	0.7464343150147599	0.0
2.0861536931233817	0.7430720434715812	0.0
2.087654523118434	0.7397046294357761	0.0
2.089155353113487	0.736332094830441	0.0
2.09065618310854	0.7329544654675353	0.0
2.0921570131035927	0.7295717721751267	0.0
2.0936578430986454	0.7261840416910861	0.0
2.095158673093698	0.7227912989856151	0.0
2.096659503088751	0.7193935706034342	0.0
2.0981603330838037	0.715990881693884	0.0
2.0996611630788564	0.7125832615772203	0.0
2.1011619930739096	0.7091707378543479	0.0
2.102662823068962	0.7057533349279519	0.0
2.104163653064015	0.7023310799476334	0.0
2.105664483059068	0.6989040014788768	0.0
2.1071653130541206	0.6954721279194609	0.0
2.1086661430491733	0.6920354832355147	0.0
2.110166973044226	0.6885940946133777	0.0
2.111667803039279	0.6851479922621535	0.0
2.1131686330343316	0.6816972049219385	0.0
2.1146694630293843	0.6782417569986103	0.0
2.1161702930244375	0.6747816737388972	0.0
2.11767112301949	0.6713169881550354	0.0
2.119171953014543	0.6678477271834684	0.0
2.1206727830095957	0.6643739158587545	0.0
2.1221736130046485	0.6608955852394383	0.0
2.123674442999701	0.6574127618290215	0.0
2.125175272994754	0.6539254730282837	0.0
2.126676102989807	0.6504337500583213	0.0
2.1281769329848594	0.6469376206837751	0.0
2.129677762979912	0.6434371132141719	0.0
2.1311785929749654	0.6399322556317462	0.0
2.132679422970018	0.6364230761517207	0.0
2.134180252965071	0.632909605476788	0.0
2.1356810829601236	0.6293918723792076	0.0
2.1371819129551763	0.6258699037528137	0.0
2.138682742950229	0.6223437293719662	0.0
2.140183572945282	0.6188133836901177	0.0
2.141684402940335	0.6152788938129929	0.0
2.1431852329353873	0.6117402862506589	0.0
2.1446860629304405	0.6081975937806123	0.0
2.1461868929254933	0.6046508435470528	0.0
2.147687722920546	0.6011000684153442	0.0
2.1491885529155987	0.5975453007549407	0.0
2.1506893829106515	0.5939865658466499	0.0
2.1521902129057042	0.59042389595399	0.0
2.153691042900757	0.5868573240938662	0.0
2.1551918728958097	0.5832868800221342	0.0
2.156692702890863	0.5797125925404043	0.0
2.158193532885915	0.5761344935155897	0.0
2.1596943628809684	0.5725526170415149	0.0
2.161195192876021	0.568966990914598	0.0
2.162696022871074	0.5653776479696346	0.0
2.1641968528661266	0.5617846235377761	0.0
2.1656976828611794	0.558187944251344	0.0
2.1671985128562326	0.5545876425219092	0.0
2.168699342851285	0.5509837531879931	0.0
2.1702001728463376	0.5473763083946155	0.0
2.171701002841391	0.5437653395304543	0.0
2.1732018328364435	0.5401508783886515	0.0
2.1747026628314963	0.5365329606164346	0.0
2.176203492826549	0.5329116158320857	0.0
2.1777043228216018	0.5292868779904065	0.0
2.1792051528166545	0.525658783284312	0.0
2.1807059828117072	0.5220273630651056	0.0
2.1822068128067604	0.5183926501261575	0.0
2.1837076428018127	0.5147546775717184	0.0
2.1852084727968655	0.5111134825437917	0.0
2.1867093027919187	0.5074690969676054	0.0
2.1882101327869714	0.503821554288048	0.0
2.189710962782024	0.5001708923000057	0.0
2.191211792777077	0.4965171421841956	0.0
2.1927126227721296	0.4928603399660305	0.0
2.1942134527671824	0.4892005225810916	0.0
2.195714282762235	0.4855377205244251	0.0
2.1972151127572883	0.4818719703629448	0.0
2.198715942752341	0.4782033108810071	0.0
2.200216772747394	0.47453177501793165	0.0
2.2017176027424465	0.4708573984712876	0.0
2.2032184327374993	0.4671802193419792	0.0
2.204719262732552	0.4635002700532711	0.0
2.2062200927276048	0.4598175864068632	0.0
2.2077209227226575	0.4561322099665326	0.0
2.2092217527177103	0.45244417536864123	0.0
2.210722582712763	0.4487535161066931	0.0
2.212223412707816	0.4450602704976663	0.0
2.213724242702869	0.4413644758004902	0.0
2.2152250726979217	0.4376661707259635	0.0
2.2167259026929744	0.4339653935352328	0.0
2.218226732688027	0.430262178376422	0.0
2.21972756268308	0.4265565601696468	0.0
2.2212283926781327	0.42284858093354916	0.0
2.222729222673186	0.41913828135620124	0.0
2.224230052668238	0.41542569576074295	0.0
2.225730882663291	0.41171086238439036	0.0
2.227231712658344	0.40799381985359084	0.0
2.228732542653397	0.40427460558438355	0.0
2.2302333726484496	0.40055325965996946	0.0
2.2317342026435023	0.3968298228029523	0.0
2.233235032638555	0.39310433149494073	0.0
2.234735862633608	0.38937682302790466	0.0
2.2362366926286605	0.3856473399824316	0.0
2.2377375226237137	0.38191592015964315	0.0
2.2392383526187665	0.37818260199605835	0.0
2.2407391826138188	0.37444742915583196	0.0
2.242240012608872	0.37071043862659403	0.0
2.2437408426039247	0.3669716678533186	0.0
2.2452416725989774	0.36323116133281874	0.0
2.24674250259403	0.3594889574343474	0.0
2.248243332589083	0.35574509348787586	0.0
2.2497441625841357	0.3519996141006423	0.0
2.2512449925791884	0.3482525594871233	0.0
2.2527458225742416	0.34450396637393155	0.0
2.2542466525692944	0.34075387956021097	0.0
2.255747482564347	0.3370023385102139	0.0
2.2572483125594	0.33324938159745576	0.0
2.2587491425544526	0.3294950551913427	0.0
2.2602499725495053	0.32573939616492753	0.0
2.261750802544558	0.3219824450695983	0.0
2.263251632539611	0.3182242474279344	0.0
2.2647524625346636	0.31446484267055275	0.0
2.2662532925297163	0.3107042731427194	0.0
2.2677541225247695	0.3069425785430737	0.0
2.2692549525198222	0.3031797991695737	0.0
2.270755782514875	0.2994159808781762	0.0
2.2722566125099277	0.29565116539667446	0.0
2.2737574425049805	0.2918853924339768	0.0
2.275258272500033	0.2881187028890355	0.0
2.276759102495086	0.2843511409508299	0.0
2.278259932490139	0.2805827508320875	0.0
2.279760762485192	0.2768135711893911	0.0
2.281261592480244	0.27304364517399926	0.0
2.2827624224752974	0.2692730169775419	0.0
2.28426325247035	0.26550172628307256	0.0
2.285764082465403	0.2617298178722416	0.0
2.2872649124604556	0.2579573360207805	0.0
2.2887657424555083	0.25418431834263067	0.0
2.290266572450561	0.25041080765506707	0.0
2.291767402445614	0.24663685050832673	0.0
2.293268232440667	0.2428624885344266	0.0
2.2947690624357198	0.2390877650538974	0.0
2.2962698924307725	0.23531272160299488	0.0
2.2977707224258253	0.23153739931574546	0.0
2.299271552420878	0.2277618445788685	0.0
2.3007723824159307	0.2239860996997307	0.0
2.3022732124109835	0.22021020575164973	0.0
2.3037740424060362	0.21643420544705427	0.0
2.3052748724010894	0.2126581431887704	0.0
2.3067757023961417	0.20888206305425694	0.0
2.308276532391195	0.20510600591112538	0.0
2.3097773623862476	0.20133001333443068	0.0
2.3112781923813004	0.1975541309635218	0.0
2.312779022376353	0.19377840353191345	0.0
2.314279852371406	0.19000287026389673	0.0
2.3157806823664586	0.18622757371760312	0.0
2.3172815123615114	0.18245255952211203	0.0
2.318782342356564	0.17867787003654834	0.0
2.3202831723516173	0.17490354758037396	0.0
2.3217840023466696	0.1711296358832337	0.0
2.323284832341723	0.16735617559238336	0.0
2.3247856623367755	0.16358320956089978	0.0
2.3262864923318283	0.15981078378908053	0.0
2.327787322326881	0.1560389418812953	0.0
2.3292881523219338	0.15226772301796787	0.0
2.3307889823169865	0.14849716742544516	0.0
2.3322898123120392	0.14472732107562503	0.0
2.3337906423070924	0.14095822818676473	0.0
2.335291472302145	0.13718993062468354	0.0
2.3367923022971975	0.1334224693031718	0.0
2.3382931322922507	0.12965588623445123	0.0
2.3397939622873034	0.12589022388719084	0.0
2.341294792282356	0.12212552587531533	0.0
2.342795622277409	0.1183618353733813	0.0
2.3442964522724616	0.11459919180068567	0.0
2.345797282267515	0.11083763796073809	0.0
2.347298112262567	0.10707721667295345	0.0
2.3487989422576203	0.10331797005359977	0.0
2.350299772252673	0.09955993834705912	0.0
2.351800602247726	0.09580316309752535	0.0
2.3533014322427785	0.09204768979382316	0.0
2.3548022622378313	0.08829355679670847	0.0
2.356303092232884	0.084540802903466	0.0
2.3578039222279368	0.08078947178562013	0.0
2.3593047522229895	0.07703960706184465	0.0
2.3608055822180427	0.07329125059920916	0.0
2.362306412213095	0.06954443890457318	0.0
2.363807242208148	0.06579921276236944	0.0
2.365308072203201	0.06205561763360534	0.0
2.3668089021982537	0.05831368994927599	0.0
2.3683097321933064	0.0545734705679457	0.0
2.369810562188359	0.05083500319398393	0.0
2.371311392183412	0.04709832472184505	0.0
2.3728122221784647	0.04336347666348028	0.0
2.374313052173518	0.039630500747951825	0.0
2.3758138821685706	0.03589943467201828	0.0
2.377314712163623	0.03217031548426874	0.0
2.378815542158676	0.02844318580332228	0.0
2.380316372153729	0.024718088339198863	0.0
2.3818172021487816	0.020995058658794585	0.0
2.3833180321438343	0.017274133307838113	0.0
2.384818862138887	0.013555354944897902	0.0
2.3863196921339402	0.00983876414248308	0.0
2.3878205221289925	0.006124396107785701	0.0
2.3893213521240457	0.002412289812264712	0.0
2.3908221821190985	-0.0012975153862897493	0.0
2.3923230121141508	-0.005004982671695357	0.0
2.393823842109204	-0.00871007219502018	0.0
2.3953246721042567	-0.012412746202107527	0.0
2.3968255020993094	-0.016112968357357538	0.0
2.398326332094362	-0.01981070019942477	0.0
2.399827162089415	-0.023505904269535582	0.0
2.401327992084468	-0.027198543552330978	0.0
2.4028288220795204	-0.03088858179769849	0.0
2.4043296520745736	-0.034575981637068987	0.0
2.4058304820696264	-0.03826070699701134	0.0
2.407331312064679	-0.0419427215850503	0.0
2.408832142059732	-0.04562198623265368	0.0
2.4103329720547846	-0.04929846666918691	0.0
2.4118338020498373	-0.05297212871763679	0.0
2.41333463204489	-0.056642933795555406	0.0
2.414835462039943	-0.06031084766542483	0.0
2.416336292034996	-0.06397583769439996	0.0
2.4178371220300483	-0.06763786678739359	0.0
2.4193379520251015	-0.07129689687572816	0.0
2.4208387820201542	-0.07495289281872086	0.0
2.422339612015207	-0.0786058232555833	0.0
2.4238404420102597	-0.08225565596141271	0.0
2.4253412720053125	-0.08590235499632226	0.0
2.4268421020003657	-0.08954588517390594	0.0
2.428342931995418	-0.09318621244481107	0.0
2.429843761990471	-0.096823303855198	0.0
2.431344591985524	-0.10045712603894352	0.0
2.432845421980576	-0.10408764398098436	0.0
2.4343462519756294	-0.10771482581832392	0.0
2.435847081970682	-0.11133864181911235	0.0
2.437347911965735	-0.11495905710794174	0.0
2.4388487419607876	-0.11857603781013693	0.0
2.4403495719558403	-0.122189554774909	0.0
2.4418504019508935	-0.12579957344803205	0.0
2.443351231945946	-0.12940606091573037	0.0
2.444852061940999	-0.13300898845095466	0.0
2.4463528919360518	-0.13660832406628443	0.0
2.447853721931104	-0.14020403644026547	0.0
2.4493545519261573	-0.14379609512243918	0.0
2.45085538192121	-0.14738446800292604	0.0
2.452356211916263	-0.15096912477050095	0.0
2.4538570419113155	-0.15455003485656738	0.0
2.4553578719063682	-0.15812716829948104	0.0
2.4568587019014214	-0.16170049745894388	0.0
2.4583595318964737	-0.16526999055497005	0.0
2.459860361891527	-0.1688356180894428	0.0
2.4613611918865796	-0.1723973501554521	0.0
2.4628620218816324	-0.17595515662404648	0.0
2.464362851876685	-0.17950901169275746	0.0
2.465863681871738	-0.18305888398663905	0.0
2.467364511866791	-0.1866047448590561	0.0
2.4688653418618434	-0.19014656831327992	0.0
2.470366171856896	-0.19368432529308455	0.0
2.4718670018519493	-0.19721798606287255	0.0
2.4733678318470016	-0.20074752208841828	0.0
2.474868661842055	-0.20427290939651155	0.0
2.4763694918371075	-0.20779412090649518	0.0
2.4778703218321603	-0.21131112487921755	0.0
2.479371151827213	-0.2148238954791809	0.0
2.4808719818222658	-0.21833240858068814	0.0
2.482372811817319	-0.22183663532511166	0.0
2.4838736418123712	-0.2253365501138328	0.0
2.4853744718074244	-0.22883212491717753	0.0
2.486875301802477	-0.23232333430993235	0.0
2.4883761317975295	-0.23581015859695864	0.0
2.4898769617925827	-0.23929256554743994	0.0
2.4913777917876354	-0.24277052461657667	0.0
2.492878621782688	-0.2462440168299055	0.0
2.494379451777741	-0.24971301822420333	0.0
2.4958802817727936	-0.25317750209812384	0.0
2.497381111767847	-0.2566374443805163	0.0
2.498881941762899	-0.26009281806896334	0.0
2.5003827717579523	-0.263543596731015	0.0
2.501883601753005	-0.2669897592257545	0.0
2.503384431748058	-0.270431284025089	0.0
2.5048852617431105	-0.27386814453325736	0.0
2.5063860917381633	-0.27730031247751163	0.0
2.5078869217332165	-0.28072776620286544	0.0
2.509387751728269	-0.28415048528921183	0.0
2.5108885817233215	-0.287568444971368	0.0
2.5123894117183747	-0.29098162121168725	0.0
2.513890241713427	-0.29438999017823364	0.0
2.51539107170848	-0.29779352854269436	0.0
2.516891901703533	-0.30119221522590267	0.0
2.5183927316985857	-0.30458602775851373	0.0
2.5198935616936384	-0.30797493995420744	0.0
2.521394391688691	-0.3113589301922691	0.0
2.5228952216837444	-0.3147379795341664	0.0
2.5243960516787967	-0.31811206446786733	0.0
2.5258968816738494	-0.3214811587767721	0.0
2.5273977116689026	-0.32484524211785215	0.0
2.528898541663955	-0.3282042981260749	0.0
2.530399371659008	-0.3315583006526461	0.0
2.531900201654061	-0.33490722440102627	0.0
2.5334010316491136	-0.33825105269813893	0.0
2.5349018616441663	-0.3415897638434792	0.0
2.536402691639219	-0.3449233332243419	0.0
2.5379035216342722	-0.3482517408590894	0.0
2.5394043516293245	-0.35157496711117686	0.0
2.5409051816243777	-0.3548929925617248	0.0
2.5424060116194305	-0.35820579365566096	0.0
2.5439068416144828	-0.361513345088275	0.0
2.545407671609536	-0.3648156320800982	0.0
2.5469085016045887	-0.3681126372620717	0.0
2.5484093315996414	-0.37140433069048157	0.0
2.549910161594694	-0.3746906927435932	0.0
2.551410991589747	-0.37797171020544856	0.0
2.5529118215848	-0.3812473583575218	0.0
2.5544126515798524	-0.3845176164944458	0.0
2.5559134815749056	-0.38778246572674585	0.0
2.5574143115699584	-0.3910418826553722	0.0
2.558915141565011	-0.3942958514495015	0.0
2.560415971560064	-0.39754435203792493	0.0
2.5619168015551166	-0.40078735829372425	0.0
2.5634176315501698	-0.40402485364851615	0.0
2.564918461545222	-0.4072568194376792	0.0
2.566419291540275	-0.4104832348532468	0.0
2.567920121535328	-0.4137040817456079	0.0
2.5694209515303803	-0.4169193377313028	0.0
2.5709217815254335	-0.4201289832803597	0.0
2.5724226115204862	-0.42333299881052994	0.0
2.573923441515539	-0.42653136439349154	0.0
2.5754242715105917	-0.4297240610324827	0.0
2.5769251015056445	-0.43291106941992574	0.0
2.5784259315006977	-0.43609237048156413	0.0
2.57992676149575	-0.4392679413616482	0.0
2.581427591490803	-0.44243776336681745	0.0
2.582928421485856	-0.4456018183085673	0.0
2.584429251480908	-0.4487600847839382	0.0
2.5859300814759614	-0.4519125451150662	0.0
2.587430911471014	-0.455059180773753	0.0
2.588931741466067	-0.4581999697775029	0.0
2.5904325714611196	-0.4613348918113695	0.0
2.5919334014561723	-0.4644639284273795	0.0
2.5934342314512255	-0.467587059651949	0.0
2.594935061446278	-0.4707042671239378	0.0
2.596435891441331	-0.47381553139217747	0.0
2.5979367214363838	-0.47692082949630155	0.0
2.5994375514314365	-0.4800201427010602	0.0
2.6009383814264893	-0.48311345409563666	0.0
2.602439211421542	-0.48620074254552936	0.0
2.6039400414165947	-0.4892819880427598	0.0
2.6054408714116475	-0.4923571702292625	0.0
2.6069417014067002	-0.4954262687932573	0.0
2.6084425314017534	-0.49848926830796325	0.0
2.6099433613968057	-0.501546145751442	0.0
2.611444191391859	-0.5045968770394593	0.0
2.6129450213869116	-0.5076414458502844	0.0
2.6144458513819644	-0.5106798345455319	0.0
2.615946681377017	-0.5137120234451669	0.0
2.61744751137207	-0.5167379882297197	0.0
2.618948341367123	-0.5197577070402091	0.0
2.6204491713621754	-0.5227711633388084	0.0
2.621950001357228	-0.5257783383822159	0.0
2.6234508313522813	-0.5287792120926726	0.0
2.6249516613473336	-0.5317737620495995	0.0
2.626452491342387	-0.5347619663012029	0.0
2.6279533213374395	-0.5377438078271971	0.0
2.6294541513324923	-0.5407192661435601	0.0
2.630954981327545	-0.5436883159677791	0.0
2.6324558113225978	-0.5466509385817967	0.0
2.633956641317651	-0.5496071166035675	0.0
2.6354574713127032	-0.5525568258320092	0.0
2.6369583013077564	-0.5555000454456688	0.0
2.638459131302809	-0.558436755854646	0.0
2.639959961297862	-0.5613669356961271	0.0
2.6414607912929147	-0.5642905655948532	0.0
2.6429616212879674	-0.5672076229529768	0.0
2.64446245128302	-0.5701180825930164	0.0
2.645963281278073	-0.5730219279422883	0.0
2.6474641112731256	-0.5759191435617231	0.0
2.648964941268179	-0.5788096977675925	0.0
2.650465771263231	-0.5816935657561236	0.0
2.6519666012582843	-0.5845707364075843	0.0
2.653467431253337	-0.5874411865904976	0.0
2.65496826124839	-0.5903048881689317	0.0
2.6564690912434425	-0.5931618245040957	0.0
2.6579699212384953	-0.5960119754787988	0.0
2.6594707512335485	-0.5988553133346822	0.0
2.660971581228601	-0.6016918159638511	0.0
2.6624724112236535	-0.6045214627030191	0.0
2.6639732412187067	-0.6073442358820442	0.0
2.665474071213759	-0.6101601124222915	0.0
2.666974901208812	-0.6129690631426319	0.0
2.668475731203865	-0.6157710675234875	0.0
2.6699765611989177	-0.618566105034157	0.0
2.6714773911939704	-0.6213541514875247	0.0
2.672978221189023	-0.6241351874397467	0.0
2.6744790511840764	-0.6269091906390214	0.0
2.6759798811791287	-0.6296761321029176	0.0
2.6774807111741814	-0.6324359899830123	0.0
2.6789815411692346	-0.635188744305383	0.0
2.6804823711642873	-0.6379343692959538	0.0
2.68198320115934	-0.6406728409732656	0.0
2.683484031154393	-0.6434041386167073	0.0
2.6849848611494456	-0.6461282409795415	0.0
2.6864856911444983	-0.6488451207769679	0.0
2.687986521139551	-0.6515547516809421	0.0
2.6894873511346042	-0.6542571132573457	0.0
2.6909881811296565	-0.656952180395661	0.0
2.6924890111247097	-0.6596399310123158	0.0
2.6939898411197625	-0.662320343268036	0.0
2.695490671114815	-0.6649933876837557	0.0
2.696991501109868	-0.667659040438207	0.0
2.6984923311049207	-0.6703172788601475	0.0
2.6999931610999734	-0.6729680802227875	0.0
2.701493991095026	-0.6756114198853245	0.0
2.702994821090079	-0.6782472726072432	0.0
2.704495651085132	-0.6808756143432468	0.0
2.7059964810801844	-0.6834964164662576	0.0
2.7074973110752376	-0.6861096581161783	0.0
2.7089981410702904	-0.6887153149519079	0.0
2.710498971065343	-0.6913133582537835	0.0
2.711999801060396	-0.6939037666501855	0.0
2.7135006310554486	-0.6964865157012474	0.0
2.7150014610505018	-0.6990615786586466	0.0
2.716502291045554	-0.7016289301210734	0.0
2.718003121040607	-0.7041885439785865	0.0
2.71950395103566	-0.7067403973885089	0.0
2.7210047810307127	-0.7092844684238927	0.0
2.7225056110257655	-0.7118207251949977	0.0
2.7240064410208182	-0.7143491402128348	0.0
2.725507271015871	-0.7168696957267415	0.0
2.7270081010109237	-0.7193823651567836	0.0
2.7285089310059765	-0.7218871167122708	0.0
2.7300097610010297	-0.7243839286487628	0.0
2.731510590996082	-0.7268727816240645	0.0
2.7330114209911347	-0.7293536403892841	0.0
2.734512250986188	-0.7318264776346006	0.0
2.7360130809812406	-0.7342912775828144	0.0
2.7375139109762934	-0.7367480115258246	0.0
2.739014740971346	-0.7391966494278313	0.0
2.740515570966399	-0.7416371660267533	0.0
2.7420164009614516	-0.7440695382241848	0.0
2.7435172309565043	-0.7464937405031578	0.0
2.7450180609515575	-0.7489097458543114	0.0
2.7465188909466103	-0.7513175281191355	0.0
2.748019720941663	-0.7537170617886172	0.0
2.7495205509367158	-0.7561083187952993	0.0
2.7510213809317685	-0.758491273801212	0.0
2.7525222109268213	-0.7608659040582785	0.0
2.754023040921874	-0.7632321816104435	0.0
2.7555238709169267	-0.7655900794808737	0.0
2.7570247009119795	-0.7679395733131515	0.0
2.7585255309070322	-0.7702806375100479	0.0
2.7600263609020854	-0.7726132446747407	0.0
2.761527190897138	-0.7749373684222592	0.0
2.763028020892191	-0.7772529834059022	0.0
2.7645288508872436	-0.7795600654547674	0.0
2.7660296808822964	-0.7818585862586114	0.0
2.767530510877349	-0.7841485224573567	0.0
2.769031340872402	-0.7864298477383526	0.0
2.770532170867455	-0.7887025323082345	0.0
2.7720330008625074	-0.7909665556853076	0.0
2.77353383085756	-0.7932218923215737	0.0
2.7750346608526133	-0.7954685113887514	0.0
2.776535490847666	-0.7977063889914513	0.0
2.778036320842719	-0.7999355046818915	0.0
2.7795371508377715	-0.802155829435447	0.0
2.7810379808328243	-0.8043673337850219	0.0
2.782538810827877	-0.8065699962325934	0.0
2.7840396408229298	-0.8087637951432668	0.0
2.785540470817983	-0.8109487010705287	0.0
2.7870413008130357	-0.8131246871145453	0.0
2.7885421308080884	-0.8152917314501119	0.0
2.790042960803141	-0.8174498083335036	0.0
2.791543790798194	-0.819598889669026	0.0
2.7930446207932467	-0.8217389513074905	0.0
2.7945454507882994	-0.8238699721730798	0.0
2.796046280783352	-0.8259919288126992	0.0
2.797547110778405	-0.8281047948370607	0.0
2.7990479407734576	-0.83020854108273	0.0
2.800548770768511	-0.8323031460322814	0.0
2.8020496007635636	-0.8343885899567386	0.0
2.8035504307586163	-0.8364648424907146	0.0
2.805051260753669	-0.8385318785296085	0.0
2.806552090748722	-0.840589679019957	0.0
2.8080529207437745	-0.842638217936825	0.0
2.8095537507388273	-0.8446774726606658	0.0
2.81105458073388	-0.8467074209911317	0.0
2.812555410728933	-0.8487280368236271	0.0
2.8140562407239855	-0.8507392979078702	0.0
2.8155570707190387	-0.852741181943546	0.0
2.8170579007140915	-0.8547336620166808	0.0
2.818558730709144	-0.8567167145983823	0.0
2.820059560704197	-0.8586903214011117	0.0
2.8215603906992497	-0.8606544598430921	0.0
2.8230612206943024	-0.8626091099010867	0.0
2.824562050689355	-0.8645542459179677	0.0
2.8260628806844084	-0.8664898412374384	0.0
2.827563710679461	-0.868415877638382	0.0
2.8290645406745134	-0.8703323335258575	0.0
2.8305653706695666	-0.8722391896316992	0.0
2.8320662006646193	-0.8741364248575122	0.0
2.833567030659672	-0.8760240156110156	0.0
2.835067860654725	-0.8779019397815976	0.0
2.8365686906497776	-0.8797701739509498	0.0
2.8380695206448303	-0.8816287006895265	0.0
2.839570350639883	-0.8834775016454661	0.0
2.8410711806349362	-0.8853165570102364	0.0
2.842572010629989	-0.8871458457790873	0.0
2.8440728406250417	-0.8889653430541682	0.0
2.8455736706200945	-0.8907750334403375	0.0
2.847074500615147	-0.8925748965435987	0.0
2.8485753306102	-0.8943649099855103	0.0
2.8500761606052527	-0.8961450613327108	0.0
2.8515769906003055	-0.897915330890668	0.0
2.853077820595358	-0.8996756945023978	0.0
2.854578650590411	-0.9014261336419311	0.0
2.856079480585464	-0.903166635705573	0.0
2.857580310580517	-0.9048971826339389	0.0
2.8590811405755696	-0.9066177508150122	0.0
2.8605819705706224	-0.9083283261803548	0.0
2.862082800565675	-0.9100288944599448	0.0
2.863583630560728	-0.9117194352258925	0.0
2.8650844605557806	-0.9133999307353715	0.0
2.8665852905508338	-0.9150703662216502	0.0
2.8680861205458865	-0.916730723956382	0.0
2.869586950540939	-0.9183809886729815	0.0
2.871087780535992	-0.9200211457568006	0.0
2.8725886105310448	-0.9216511778520062	0.0
2.8740894405260975	-0.9232710727492006	0.0
2.8755902705211502	-0.924880814607608	0.0
2.877091100516203	-0.9264803869508036	0.0
2.8785919305112557	-0.9280697741962789	0.0
2.8800927605063085	-0.9296489604986412	0.0
2.8815935905013617	-0.9312179359923256	0.0
2.8830944204964144	-0.9327766876747711	0.0
2.8845952504914667	-0.9343252000918285	0.0
2.88609608048652	-0.9358634627203224	0.0
2.8875969104815726	-0.9373914599207172	0.0
2.8890977404766254	-0.9389091786154602	0.0
2.890598570471678	-0.940416609035936	0.0
2.892099400466731	-0.9419137341145566	0.0
2.893600230461784	-0.9434005450122848	0.0
2.8951010604568364	-0.9448770350945385	0.0
2.8966018904518895	-0.9463431868279996	0.0
2.8981027204469423	-0.9477989888793531	0.0
2.899603550441995	-0.9492444376321012	0.0
2.9011043804370478	-0.9506795175712707	0.0
2.9026052104321005	-0.9521042152890833	0.0
2.9041060404271533	-0.9535185257398993	0.0
2.905606870422206	-0.9549224393403322	0.0
2.9071077004172587	-0.9563159466347461	0.0
2.908608530412312	-0.9576990391899911	0.0
2.9101093604073642	-0.9590717077177491	0.0
2.9116101904024174	-0.9604339430063614	0.0
2.91311102039747	-0.961785737487029	0.0
2.914611850392523	-0.9631270845824019	0.0
2.9161126803875757	-0.9644579771984143	0.0
2.9176135103826284	-0.9657784065858702	0.0
2.919114340377681	-0.9670883660077805	0.0
2.920615170372734	-0.9683878484242878	0.0
2.922116000367787	-0.9696768468020951	0.0
2.92361683036284	-0.9709553589953266	0.0
2.925117660357892	-0.9722233783082834	0.0
2.9266184903529453	-0.973480898573568	0.0
2.928119320347998	-0.9747279145971111	0.0
2.929620150343051	-0.9759644211182796	0.0
2.9311209803381035	-0.9771904157254401	0.0
2.9326218103331563	-0.9784058915380331	0.0
2.9341226403282095	-0.979610844200753	0.0
2.9356234703232618	-0.980805271798716	0.0
2.937124300318315	-0.9819891757828602	0.0
2.9386251303133677	-0.9831625506269834	0.0
2.94012596030842	-0.9843253849812327	0.0
2.941626790303473	-0.9854776841551914	0.0
2.943127620298526	-0.9866194509644022	0.0
2.9446284502935787	-0.987750672356006	0.0
2.9461292802886314	-0.988871351416997	0.0
2.947630110283684	-0.9899814980722446	0.0
2.9491309402787373	-0.9910810981756779	0.0
2.9506317702737896	-0.9921701415384073	0.0
2.952132600268843	-0.9932486437032567	0.0
2.9536334302638956	-0.9943166118815165	0.0
2.9551342602589483	-0.9953740356078458	0.0
2.956635090254001	-0.9964209149347164	0.0
2.958135920249054	-0.9974572513585115	0.0
2.9596367502441066	-0.9984830423126387	0.0
2.9611375802391593	-0.9994982916304237	0.0
2.962638410234212	-1.000503004161645	0.0
2.9641392402292652	-1.001497184048708	0.0
2.9656400702243175	-1.002480830070096	0.0
2.9671409002193707	-1.0034539410017884	0.0
2.9686417302144235	-1.0044165240593013	0.0
2.970142560209476	-1.0053685810486876	0.0
2.971643390204529	-1.0063101152990468	0.0
2.9731442201995817	-1.0072411334567493	0.0
2.974645050194635	-1.0081616361402332	0.0
2.976145880189687	-1.0090716286553725	0.0
2.9776467101847404	-1.0099711128024793	0.0
2.979147540179793	-1.0108600914366779	0.0
2.9806483701748454	-1.0117385769838299	0.0
2.9821492001698986	-1.0126065725395788	0.0
2.9836500301649513	-1.013464081888388	0.0
2.985150860160004	-1.0143111098867135	0.0
2.986651690155057	-1.0151476606899035	0.0
2.9881525201501096	-1.0159737454177349	0.0
2.9896533501451628	-1.0167893674305515	0.0
2.991154180140215	-1.0175945330508402	0.0
2.9926550101352682	-1.0183892520080207	0.0
2.994155840130321	-1.0191735315248622	0.0
2.9956566701253737	-1.0199473733244206	0.0
2.9971575001204265	-1.0207107854605582	0.0
2.998658330115479	-1.0224919025305113	0.0
3.000159160110532	-1.0263150226068305	0.0
