0.0	0.0	0.0
0.0015008299950527925	0.0	0.0
0.003001659990105585	4.50481319097794e-06	0.0
0.004502489985158378	1.3514395176054599e-05	0.0
0.00600331998021117	2.7028580616060296e-05	0.0
0.007504149975263962	4.504709637448927e-05	0.0
0.009004979970316756	6.756958634962978e-05	0.0
0.010505809965369548	9.459561100618305e-05	0.0
0.01200663996042234	0.0001261246473949517	0.0
0.013507469955475132	0.00016215608926769675	0.0
0.015008299950527925	0.00020268924636298116	0.0
0.01650912994558072	0.00024772334310347964	0.0
0.01800995994063351	0.0002972575180485702	0.0
0.019510789935686303	0.0003512908233582897	0.0
0.021011619930739096	0.00040982222338135926	0.0
0.022512449925791888	0.00047285059332828334	0.0
0.02401327992084468	0.0005403747172875041	0.0
0.025514109915897473	0.0006123932838027461	0.0
0.027014939910950265	0.0006889048798926205	0.0
0.028515769906003057	0.0007699079863593225	0.0
0.03001659990105585	0.0008554009777884046	0.0
0.031517429896108645	0.0009453821286787777	0.0
0.03301825989116144	0.0010398496207549236	0.0
0.03451908988621423	0.001138801546244623	0.0
0.03601991988126702	0.001242235908370502	0.0
0.037520749876319814	0.0013501506214377804	0.0
0.03902157987137261	0.001462543510904666	0.0
0.0405224098664254	0.0015794123134581111	0.0
0.04202323986147819	0.0017007546771096557	0.0
0.043524069856530984	0.0018265681612992693	0.0
0.045024899851583776	0.001956850236992956	0.0
0.04652572984663657	0.0020915982867814624	0.0
0.04802655984168936	0.00223080960498762	0.0
0.04952738983674215	0.0023744813977756396	0.0
0.051028219831794945	0.002522610783258707	0.0
0.05252904982684774	0.002675194791608563	0.0
0.05402987982190053	0.0028322303651660084	0.0
0.05553070981695332	0.0029937143585507513	0.0
0.057031539812006114	0.003159643538775823	0.0
0.05853236980705891	0.003330014585369654	0.0
0.0600331998021117	0.003504824090501514	0.0
0.06153402979716449	0.0036840685591071295	0.0
0.06303485979221729	0.0038677444090154645	0.0
0.06453568978727008	0.0040558479710777464	0.0
0.06603651978232288	0.004248375489298815	0.0
0.06753734977737566	0.0044453231209706555	0.0
0.06903817977242846	0.004646686936809167	0.0
0.07053900976748124	0.004852462921094671	0.0
0.07203983976253404	0.0050626469718152685	0.0
0.07354066975758683	0.005277234900812828	0.0
0.07504149975263963	0.005496222433931728	0.0
0.07654232974769241	0.005719605211170102	0.0
0.07804315974274521	0.005947378786833228	0.0
0.079543989737798	0.006179538629689324	0.0
0.0810448197328508	0.006416080123128293	0.0
0.08254564972790358	0.006656998565323301	0.0
0.08404647972295638	0.00690228916939482	0.0
0.08554730971800917	0.007151947063577	0.0
0.08704813971306197	0.0074052401595356985	0.0
0.08854896970811475	0.007663617686496787	0.0
0.09004979970316755	0.007925621946168145	0.0
0.09155062969822034	0.008192698617579548	0.0
0.09305145969327314	0.008463393271995034	0.0
0.09455228968832592	0.008739147926675328	0.0
0.09605311968337872	0.009018511535220073	0.0
0.09755394967843152	0.009302922342049064	0.0
0.0990547796734843	0.009591652828120547	0.0
0.1005556096685371	0.009884697282544447	0.0
0.10205643966358989	0.01018204991154784	0.0
0.10355726965864269	0.010483704838671967	0.0
0.10505809965369547	0.010789656104970879	0.0
0.10655892964874827	0.011099897669213073	0.0
0.10805975964380106	0.011414423408086079	0.0
0.10956058963885386	0.011733227116402739	0.0
0.11106141963390664	0.01205630250730974	0.0
0.11256224962895944	0.01238364321249839	0.0
0.11406307962401223	0.012715242782417884	0.0
0.11556390961906503	0.013051094686490971	0.0
0.11706473961411781	0.013391192313331463	0.0
0.11856556960917061	0.01373552897096418	0.0
0.1200663996042234	0.014084097887046704	0.0
0.1215672295992762	0.01443689220909311	0.0
0.12306805959432898	0.014793905004700493	0.0
0.12456888958938178	0.015155129261777658	0.0
0.12606971958443458	0.015520557888775684	0.0
0.12757054957948735	0.015890183714919796	0.0
0.12907137957454015	0.01626330105571979	0.0
0.13057220956959295	0.016641299458394182	0.0
0.13207303956464575	0.017023473081181822	0.0
0.13357386955969852	0.01740981443876848	0.0
0.13507469955475132	0.01779962249155936	0.0
0.13657552954980412	0.018194276557157402	0.0
0.13807635954485692	0.018593075440633006	0.0
0.1395771895399097	0.018996011346006546	0.0
0.1410780195349625	0.01940238809000252	0.0
0.1425788495300153	0.01981357434949969	0.0
0.1440796795250681	0.020228873787885477	0.0
0.1455805095201209	0.020648278302508784	0.0
0.14708133951517366	0.02107177971468676	0.0
0.14858216951022646	0.0214993697699638	0.0
0.15008299950527926	0.021931040138372177	0.0
0.15158382950033206	0.022366782414693406	0.0
0.15308465949538483	0.022806588118720963	0.0
0.15458548949043763	0.02325044869552506	0.0
0.15608631948549043	0.023698355515718843	0.0
0.15758714948054323	0.024150299875726363	0.0
0.159087979475596	0.02460627299805257	0.0
0.1605888094706488	0.025066266031553954	0.0
0.1620896394657016	0.025530270051710227	0.0
0.1635904694607544	0.02599827606089823	0.0
0.16509129945580717	0.0264702749886673	0.0
0.16659212945085997	0.026946257692015856	0.0
0.16809295944591277	0.027426214955669808	0.0
0.16959378944096556	0.027910137492361566	0.0
0.17109461943601834	0.028398015943110262	0.0
0.17259544943107114	0.028889182989549064	0.0
0.17409627942612393	0.029384944911953873	0.0
0.17559710942117673	0.02988463424994521	0.0
0.1770979394162295	0.03038824136052035	0.0
0.1785987694112823	0.030895105042586562	0.0
0.1800995994063351	0.03140651849431234	0.0
0.1816004294013879	0.031921820374887035	0.0
0.18310125939644067	0.03244100076187302	0.0
0.18460208939149347	0.032963404762828406	0.0
0.18610291938654627	0.03349031212489328	0.0
0.18760374938159907	0.034021067818238146	0.0
0.18910457937665184	0.0345556616456511	0.0
0.19060540937170464	0.035093445211692255	0.0
0.19210623936675744	0.03563568444982171	0.0
0.19360706936181024	0.0361817308295731	0.0
0.19510789935686304	0.03673157388368518	0.0
0.1966087293519158	0.03728520307813092	0.0
0.1981095593469686	0.037842607812416926	0.0
0.1996103893420214	0.03840377741988363	0.0
0.2011112193370742	0.03896870116800856	0.0
0.20261204933212698	0.039537368258709474	0.0
0.20411287932717978	0.040109767828644755	0.0
0.20561370932223258	0.04068588894951849	0.0
0.20711453931728538	0.04126572062838761	0.0
0.20861536931233815	0.04184925180796686	0.0
0.21011619930739095	0.042436471366934424	0.0
0.21161702930244375	0.04302736812023914	0.0
0.21311785929749655	0.04362193081940945	0.0
0.21461868929254932	0.04422014815286094	0.0
0.21611951928760212	0.04482200874620394	0.0
0.21762034928265492	0.04542750116255484	0.0
0.21912117927770772	0.046036613902846406	0.0
0.2206220092727605	0.046649335406138304	0.0
0.2221228392678133	0.047265654049928996	0.0
0.2236236692628661	0.047885558150466766	0.0
0.2251244992579189	0.04850903596306216	0.0
0.22662532925297166	0.04913607568240119	0.0
0.22812615924802446	0.049766665442859445	0.0
0.22962698924307726	0.05040079331881636	0.0
0.23112781923813006	0.05103844732496727	0.0
0.23262864923318283	0.051679615416638194	0.0
0.23412947922823563	0.05232428549010282	0.0
0.23563030922328843	0.052972445382897505	0.0
0.23713113921834122	0.053624082874136635	0.0
0.238631969213394	0.05427918568482808	0.0
0.2401327992084468	0.054937741478190125	0.0
0.2416336292034996	0.05559973785996821	0.0
0.2431344591985524	0.056265162378750344	0.0
0.2446352891936052	0.05693400252628446	0.0
0.24613611918865796	0.05760624573779541	0.0
0.24763694918371076	0.05828187939230155	0.0
0.24913777917876356	0.05896089081293396	0.0
0.25063860917381636	0.05964326726725677	0.0
0.25213943916886916	0.06032899596758622	0.0
0.25364026916392196	0.06101806407130995	0.0
0.2551410991589747	0.061710458681208856	0.0
0.2566419291540275	0.06240561439962766	0.0
0.2581427591490803	0.06310462311837524	0.0
0.2596435891441331	0.06380691933218423	0.0
0.2611444191391859	0.06451248992861343	0.0
0.2626452491342387	0.06522132174221805	0.0
0.2641460791292915	0.06593340155487198	0.0
0.2656469091243443	0.06664871609608791	0.0
0.26714773911939704	0.06736725204333739	0.0
0.26864856911444984	0.06808846115820538	0.0
0.27014939910950264	0.06881339974819732	0.0
0.27165022910455544	0.0695415194724244	0.0
0.27315105909960824	0.07027280680340965	0.0
0.27465188909466104	0.07100724816324278	0.0
0.27615271908971384	0.07174482992390187	0.0
0.27765354908476664	0.07248553840757443	0.0
0.2791543790798194	0.07322935988697844	0.0
0.2806552090748722	0.07397576385212692	0.0
0.282156039069925	0.07472576994954386	0.0
0.2836568690649778	0.0754788475719149	0.0
0.2851576990600306	0.07623498279730251	0.0
0.2866585290550834	0.0769941616559094	0.0
0.2881593590501362	0.07775637013040099	0.0
0.289660189045189	0.07852159415622671	0.0
0.2911610190402418	0.07928981962194372	0.0
0.2926618490352945	0.08006103236953792	0.0
0.2941626790303473	0.08083472247981068	0.0
0.2956635090254001	0.08161186713689918	0.0
0.2971643390204529	0.08239195633006997	0.0
0.2986651690155057	0.08317497571823673	0.0
0.3001659990105585	0.0839609109153502	0.0
0.3016668290056113	0.08474974749071919	0.0
0.3031676590006641	0.08554147096933189	0.0
0.30466848899571686	0.08633606683217701	0.0
0.30616931899076966	0.08713304400690947	0.0
0.30767014898582246	0.08793334091109174	0.0
0.30917097898087526	0.0887364663859875	0.0
0.31067180897592805	0.08954240573980413	0.0
0.31217263897098085	0.09035114423835669	0.0
0.31367346896603365	0.091162667105389	0.0
0.31517429896108645	0.09197695952289421	0.0
0.3166751289561392	0.09279400663143424	0.0
0.318175958951192	0.09361333668891741	0.0
0.3196767889462448	0.09443584844121793	0.0
0.3211776189412976	0.09526107006498867	0.0
0.3226784489363504	0.09608898653827906	0.0
0.3241792789314032	0.09691958279931281	0.0
0.325680108926456	0.09775284374680816	0.0
0.3271809389215088	0.09858875424029657	0.0
0.32868176891656153	0.09942729910044196	0.0
0.33018259891161433	0.10026802637136759	0.0
0.33168342890666713	0.10111179427688759	0.0
0.33318425890171993	0.1019581507849955	0.0
0.33468508889677273	0.10280708056408985	0.0
0.33618591889182553	0.10365856824530024	0.0
0.33768674888687833	0.10451259842280876	0.0
0.33918757888193113	0.10536915565417024	0.0
0.34068840887698393	0.10622822446062982	0.0
0.34218923887203667	0.10708978932744097	0.0
0.34369006886708947	0.10795342106922706	0.0
0.34519089886214227	0.10881993137386092	0.0
0.34669172885719507	0.10968889098557968	0.0
0.34819255885224787	0.11056028424886485	0.0
0.34969338884730067	0.11143409547380022	0.0
0.35119421884235347	0.11231030893639041	0.0
0.35269504883740627	0.11318890887888143	0.0
0.354195878832459	0.11406987951007878	0.0
0.3556967088275118	0.11495281230891148	0.0
0.3571975388225646	0.11583847681530039	0.0
0.3586983688176174	0.11672646444288033	0.0
0.3601991988126702	0.11761675926987117	0.0
0.361700028807723	0.11850934534264325	0.0
0.3632008588027758	0.11940420667603159	0.0
0.3647016887978286	0.1203013272536533	0.0
0.36620251879288135	0.12120069102822704	0.0
0.36770334878793415	0.12210191051361262	0.0
0.36920417878298695	0.12300571242158648	0.0
0.37070500877803975	0.12391170920579868	0.0
0.37220583877309255	0.12481988469854513	0.0
0.37370666876814534	0.12573022270281012	0.0
0.37520749876319814	0.12664270699258348	0.0
0.37670832875825094	0.1275573213131773	0.0
0.3782091587533037	0.12847404938154142	0.0
0.3797099887483565	0.12939252508993784	0.0
0.3812108187434093	0.13031343169598347	0.0
0.3827116487384621	0.13123640303680348	0.0
0.3842124787335149	0.13216142271907036	0.0
0.3857133087285677	0.13308847432267992	0.0
0.3872141387236205	0.13401754140106845	0.0
0.3887149687186733	0.1349486074815272	0.0
0.3902157987137261	0.13588165606552008	0.0
0.3917166287087788	0.13681667062899835	0.0
0.3932174587038316	0.1377536346227188	0.0
0.3947182886988844	0.13869253147256383	0.0
0.3962191186939372	0.13963334457985258	0.0
0.39771994868899	0.14057605732165565	0.0
0.3992207786840428	0.1415206530511183	0.0
0.4007216086790956	0.14246711509777452	0.0
0.4022224386741484	0.14341542676785654	0.0
0.40372326866920116	0.14436557134461536	0.0
0.40522409866425396	0.14531753208863868	0.0
0.40672492865930676	0.14627129223816362	0.0
0.40822575865435956	0.14722683500939218	0.0
0.40972658864941236	0.14818414359680732	0.0
0.41122741864446516	0.1491432011734927	0.0
0.41272824863951796	0.15010399089144574	0.0
0.41422907863457076	0.15106649588189125	0.0
0.4157299086296235	0.15203069925560175	0.0
0.4172307386246763	0.15299658410320977	0.0
0.4187315686197291	0.15396413349552274	0.0
0.4202323986147819	0.1549333304838433	0.0
0.4217332286098347	0.15590415810028457	0.0
0.4232340586048875	0.1568765993580844	0.0
0.4247348885999403	0.15785063725192208	0.0
0.4262357185949931	0.15882625475823442	0.0
0.42773654859004584	0.15980343483553067	0.0
0.42923737858509864	0.16078216042471016	0.0
0.43073820858015144	0.16176241444937575	0.0
0.43223903857520424	0.16274417981615	0.0
0.43373986857025704	0.16372743941499535	0.0
0.43524069856530984	0.16471217611952868	0.0
0.43674152856036264	0.1656983727873351	0.0
0.43824235855541543	0.1666860122602833	0.0
0.43974318855046823	0.16767507736484555	0.0
0.441244018545521	0.1686655509124168	0.0
0.4427448485405738	0.16965741569962456	0.0
0.4442456785356266	0.1706506545086411	0.0
0.4457465085306794	0.17164525010750598	0.0
0.4472473385257322	0.1726411852504469	0.0
0.448748168520785	0.1736384426781907	0.0
0.4502489985158378	0.17463700511827876	0.0
0.45174982851089057	0.17563685528538656	0.0
0.4532506585059433	0.17663797588163987	0.0
0.4547514885009961	0.17764034959692926	0.0
0.4562523184960489	0.17864395910922623	0.0
0.4577531484911017	0.17964878708490284	0.0
0.4592539784861545	0.18065481617904514	0.0
0.4607548084812073	0.18166202903577114	0.0
0.4622556384762601	0.1826704082885505	0.0
0.4637564684713129	0.18367993656051707	0.0
0.46525729846636565	0.18469059646478758	0.0
0.46675812846141845	0.185702370604777	0.0
0.46825895845647125	0.18671524157451588	0.0
0.46975978845152405	0.18772919195897056	0.0
0.47126061844657685	0.18874420433435737	0.0
0.47276144844162965	0.18976026126845963	0.0
0.47426227843668245	0.19077734532094373	0.0
0.47576310843173525	0.191795439043677	0.0
0.477263938426788	0.19281452498104662	0.0
0.4787647684218408	0.19383458567027384	0.0
0.4802655984168936	0.19485560364173166	0.0
0.4817664284119464	0.1958775614192638	0.0
0.4832672584069992	0.19690044152050165	0.0
0.484768088402052	0.19792422645717986	0.0
0.4862689183971048	0.19894889873545207	0.0
0.4877697483921576	0.1999744408562119	0.0
0.4892705783872104	0.2010008353154105	0.0
0.49077140838226313	0.20202806460437106	0.0
0.49227223837731593	0.20305611121010708	0.0
0.49377306837236873	0.2040849576156396	0.0
0.49527389836742153	0.20511458630031437	0.0
0.4967747283624743	0.20614497974011725	0.0
0.4982755583575271	0.20717612040799163	0.0
0.4997763883525799	0.20820799077416008	0.0
0.5012772183476327	0.20924057330644044	0.0
0.5027780483426855	0.2102738504705602	0.0
0.5042788783377383	0.21130812807711497	0.0
0.5057797083327911	0.2123427418924067	0.0
0.5072805383278439	0.21337832380958288	0.0
0.5087813683228967	0.2144142041159585	0.0
0.5102821983179494	0.21545102017697088	0.0
0.5117830283130023	0.21648832853588745	0.0
0.513283858308055	0.2175259770170836	0.0
0.5147846883031079	0.2185645127239519	0.0
0.5162855182981606	0.21960325228253022	0.0
0.5177863482932135	0.2206428467129304	0.0
0.5192871782882662	0.2216826071922781	0.0
0.520788008283319	0.22272319019103337	0.0
0.5222888382783718	0.22376416317280332	0.0
0.5237896682734245	0.22480532351657942	0.0
0.5252904982684774	0.2258472578580645	0.0
0.5267913282635301	0.2268892637947673	0.0
0.528292158258583	0.22793201139048294	0.0
0.5297929882536357	0.22897479282905328	0.0
0.5312938182486886	0.23001828359748952	0.0
0.5327946482437413	0.23106177047697693	0.0
0.5342954782387941	0.2321059343690399	0.0
0.5357963082338469	0.23315035684787994	0.0
0.5372971382288997	0.23419477060086313	0.0
0.5387979682239525	0.23523981291668425	0.0
0.5402987982190053	0.23628475712087296	0.0
0.5417996282140581	0.23733029761038985	0.0
0.5433004582091109	0.23837570234998165	0.0
0.5448012882041637	0.23942167111734705	0.0
0.5463021181992165	0.24046746652936607	0.0
0.5478029481942692	0.24151379373386955	0.0
0.5493037781893221	0.2425602484767717	0.0
0.5508046081843748	0.2436064990300233	0.0
0.5523054381794277	0.24465323306818684	0.0
0.5538062681744804	0.24569969989764126	0.0
0.5553070981695333	0.24674661804243286	0.0
0.556807928164586	0.2477932315095093	0.0
0.5583087581596388	0.2488402641526595	0.0
0.5598095881546916	0.2498873227702419	0.0
0.5613104181497444	0.2509340257852308	0.0
0.5628112481447972	0.2519810998276044	0.0
0.56431207813985	0.25302777572125695	0.0
0.5658129081349028	0.2540747905888137	0.0
0.5673137381299556	0.25512137000824686	0.0
0.5688145681250084	0.2561682563864171	0.0
0.5703153981200612	0.2572146700715764	0.0
0.5718162281151139	0.25826135874088896	0.0
0.5733170581101668	0.259307943425601	0.0
0.5748178881052195	0.26035397885922074	0.0
0.5763187181002724	0.2614002413942597	0.0
0.5778195480953251	0.2624459383782752	0.0
0.579320378090378	0.26349183060052483	0.0
0.5808212080854307	0.264537120238778	0.0
0.5823220380804836	0.2655825733005869	0.0
0.5838228680755363	0.26662738681197956	0.0
0.585323698070589	0.267672331983019	0.0
0.5868245280656419	0.2687170440855951	0.0
0.5883253580606946	0.26976101470279673	0.0
0.5898261880557475	0.27080506943167054	0.0
0.5913270180508002	0.27184839250039844	0.0
0.5928278480458531	0.2728917680536117	0.0
0.5943286780409058	0.2739343752340128	0.0
0.5958295080359586	0.2749770033303165	0.0
0.5973303380310114	0.27601929868369085	0.0
0.5988311680260642	0.27706070419209977	0.0
0.600331998021117	0.2781020833758457	0.0
0.6018328280161698	0.27914260275149944	0.0
0.6033336580112226	0.2801830643901128	0.0
0.6048344880062754	0.28122262979385565	0.0
0.6063353180013282	0.28226210611452107	0.0
0.607836147996381	0.2833006498610736	0.0
0.6093369779914337	0.2843390732470602	0.0
0.6108378079864866	0.2853770368209797	0.0
0.6123386379815393	0.2864139215165558	0.0
0.6138394679765922	0.2874506390659137	0.0
0.6153402979716449	0.28848633359018816	0.0
0.6168411279666978	0.28952182987165337	0.0
0.6183419579617505	0.29055626711539	0.0
0.6198427879568033	0.2915904750958808	0.0
0.6213436179518561	0.29262412538168936	0.0
0.6228444479469089	0.2936565512554395	0.0
0.6243452779419617	0.2946887014798698	0.0
0.6258461079370145	0.29571970307088885	0.0
0.6273469379320673	0.29675039819194776	0.0
0.62884776792712	0.29777990902464724	0.0
0.6303485979221729	0.2988090826503954	0.0
0.6318494279172256	0.2998370364406776	0.0
0.6333502579122784	0.30086462237280176	0.0
0.6348510879073312	0.30189152612958536	0.0
0.636351917902384	0.30291702049959834	0.0
0.6378527478974368	0.30394210119687465	0.0
0.6393535778924896	0.30496587367575945	0.0
0.6408544078875424	0.30598920205433167	0.0
0.6423552378825952	0.3070111870642982	0.0
0.643856067877648	0.30803269763948854	0.0
0.6453568978727008	0.3090528298147399	0.0
0.6468577278677535	0.31007245731591637	0.0
0.6483585578628064	0.3110912798617853	0.0
0.6498593878578591	0.3121085106944177	0.0
0.651360217852912	0.31312519167352343	0.0
0.6528610478479647	0.3141404072069016	0.0
0.6543618778430176	0.31515504289437135	0.0
0.6558627078380703	0.31616817853984625	0.0
0.6573635378331231	0.31718070444934854	0.0
0.6588643678281759	0.3181923311926592	0.0
0.6603651978232287	0.31920222640649576	0.0
0.6618660278182815	0.32021146724184973	0.0
0.6633668578133343	0.32121912211320747	0.0
0.6648676878083871	0.32222609298060007	0.0
0.6663685178034399	0.3232314437517155	0.0
0.6678693477984927	0.32423608100269236	0.0
0.6693701777935455	0.32523906416288656	0.0
0.6708710077885982	0.3262413043980381	0.0
0.6723718377836511	0.3272425261292294	0.0
0.6738726677787038	0.3282418393364821	0.0
0.6753734977737567	0.32924036572031384	0.0
0.6768743277688094	0.330237153640891	0.0
0.6783751577638623	0.33123312561983453	0.0
0.679875987758915	0.33222732564110696	0.0
0.6813768177539679	0.33322068072058336	0.0
0.6828776477490206	0.33421223049589466	0.0
0.6843784777440733	0.33520290644918616	0.0
0.6858793077391262	0.336192446723843	0.0
0.6873801377341789	0.3371799048168173	0.0
0.6888809677292318	0.33816644599227125	0.0
0.6903817977242845	0.33915109915464914	0.0
0.6918826277193374	0.3401348068273685	0.0
0.6933834577143901	0.34111659367542413	0.0
0.6948842877094429	0.3420974065881607	0.0
0.6963851177044957	0.34307699428145544	0.0
0.6978859476995485	0.3440543671807266	0.0
0.6993867776946013	0.3450307237129624	0.0
0.7008876076896541	0.3460050780816029	0.0
0.7023884376847069	0.3469783879617397	0.0
0.7038892676797597	0.34794966342775596	0.0
0.7053900976748125	0.348919866416633	0.0
0.7068909276698653	0.34988800290583394	0.0
0.708391757664918	0.3508550390638466	0.0
0.7098925876599709	0.3518207370558366	0.0
0.7113934176550236	0.35278405309579935	0.0
0.7128942476500765	0.3537462272751276	0.0
0.7143950776451292	0.35470625547141954	0.0
0.7158959076401821	0.35566511429722386	0.0
0.7173967376352348	0.35662179564785224	0.0
0.7188975676302876	0.35757728025884306	0.0
0.7203983976253404	0.3585313406341776	0.0
0.7218992276203932	0.35948289177104353	0.0
0.723400057615446	0.36043320537725737	0.0
0.7249008876104988	0.3613812635386808	0.0
0.7264017176055516	0.36232805715947014	0.0
0.7279025476006044	0.3632725644608743	0.0
0.7294033775956572	0.36421578035825114	0.0
0.73090420759071	0.3651566792423842	0.0
0.7324050375857627	0.3660962600073346	0.0
0.7339058675808156	0.3670343082789833	0.0
0.7354066975758683	0.36796968733592006	0.0
0.7369075275709212	0.3689037084773934	0.0
0.7384083575659739	0.3698353366690147	0.0
0.7399091875610267	0.37076558060769543	0.0
0.7414100175560795	0.3716934015499553	0.0
0.7429108475511323	0.3726198120556759	0.0
0.7444116775461851	0.37354376970743997	0.0
0.7459125075412378	0.3744662908944842	0.0
0.7474133375362907	0.3753871741572839	0.0
0.7489141675313434	0.37630523254801246	0.0
0.7504149975263963	0.37722181572131547	0.0
0.751915827521449	0.3781358722301788	0.0
0.7534166575165019	0.3790484278887818	0.0
0.7549174875115546	0.37995842770091176	0.0
0.7564183175066074	0.3808669011907411	0.0
0.7579191475016602	0.3817736567899587	0.0
0.759419977496713	0.3826774695557398	0.0
0.7609208074917658	0.3835797180904594	0.0
0.7624216374868186	0.3844793386831735	0.0
0.7639224674818714	0.3853773699812691	0.0
0.7654232974769242	0.3862727448517254	0.0
0.766924127471977	0.3871665055299521	0.0
0.7684249574670298	0.3880575814975978	0.0
0.7699257874620825	0.3889464881883531	0.0
0.7714266174571354	0.3898337436571285	0.0
0.7729274474521881	0.39071827237684637	0.0
0.774428277447241	0.3916005924964705	0.0
0.7759291074422937	0.3924806910042219	0.0
0.7774299374373466	0.3933585549358111	0.0
0.7789307674323993	0.39423417137461775	0.0
0.7804315974274522	0.3951075274518658	0.0
0.7819324274225049	0.3959786103468098	0.0
0.7834332574175576	0.39684740728691836	0.0
0.7849340874126105	0.39771444423238256	0.0
0.7864349174076632	0.3985786311340912	0.0
0.7879357474027161	0.3994404940495288	0.0
0.7894365773977688	0.4003000204007608	0.0
0.7909374073928217	0.40115719765894003	0.0
0.7924382373878744	0.4020120133444733	0.0
0.7939390673829272	0.40286445502719903	0.0
0.79543989737798	0.4037150545657646	0.0
0.7969407273730328	0.40456271114603654	0.0
0.7984415573680856	0.4054085025103454	0.0
0.7999423873631384	0.40625132485501836	0.0
0.8014432173581912	0.4070917117835463	0.0
0.802944047353244	0.40792965116585345	0.0
0.8044448773482968	0.4087651309224609	0.0
0.8059457073433496	0.40959813902463715	0.0
0.8074465373384023	0.41042866349456475	0.0
0.8089473673334552	0.41125724344655007	0.0
0.8104481973285079	0.4120827649180452	0.0
0.8119490273235608	0.41290576712596816	0.0
0.8134498573186135	0.41372623829775623	0.0
0.8149506873136664	0.4145441667125487	0.0
0.8164515173087191	0.415359540701341	0.0
0.817952347303772	0.41617234864714414	0.0
0.8194531772988247	0.4169825789851319	0.0
0.8209540072938775	0.417790220202789	0.0
0.8224548372889303	0.4185958182942952	0.0
0.8239556672839831	0.41939824693874567	0.0
0.8254564972790359	0.4201980522357074	0.0
0.8269573272740887	0.42099522288343205	0.0
0.8284581572691415	0.42178974763322397	0.0
0.8299589872641943	0.4225816152895887	0.0
0.831459817259247	0.42337081471038907	0.0
0.8329606472542999	0.42415789697679357	0.0
0.8344614772493526	0.4249417267090756	0.0
0.8359623072444055	0.42572341856875195	0.0
0.8374631372394582	0.4265018346775428	0.0
0.838963967234511	0.4272775276351316	0.0
0.8404647972295638	0.42805048662245154	0.0
0.8419656272246167	0.42882070087476293	0.0
0.8434664572196694	0.4295881596818015	0.0
0.8449672872147221	0.4303528523879111	0.0
0.846468117209775	0.4311153362702213	0.0
0.8479689472048277	0.4318744650214684	0.0
0.8494697771998806	0.4326307960286762	0.0
0.8509706071949333	0.433384318855955	0.0
0.8524714371899862	0.43413502312268004	0.0
0.8539722671850389	0.43488289850363304	0.0
0.8554730971800917	0.43562793472913575	0.0
0.8569739271751445	0.43637069362423603	0.0
0.8584747571701973	0.4371100209474142	0.0
0.8599755871652501	0.43784705181822814	0.0
0.8614764171603029	0.4385806298196581	0.0
0.8629772471553557	0.4393113181443983	0.0
0.8644780771504085	0.4400391068586435	0.0
0.8659789071454613	0.4407639860850108	0.0
0.8674797371405141	0.4414859460026521	0.0
0.8689805671355668	0.4422049768473843	0.0
0.8704813971306197	0.44292164593872	0.0
0.8719822271256724	0.4436347895671807	0.0
0.8734830571207253	0.44434497516619526	0.0
0.874983887115778	0.44505219319943395	0.0
0.8764847171108309	0.4457564341878408	0.0
0.8779855471058836	0.4464576887097439	0.0
0.8794863771009365	0.44715594740096326	0.0
0.8809872070959892	0.44785120095493286	0.0
0.882488037091042	0.4485434401228184	0.0
0.8839888670860948	0.4492332373172318	0.0
0.8854896970811476	0.4499194201926745	0.0
0.8869905270762004	0.4506025612777796	0.0
0.8884913570712532	0.4512826515557557	0.0
0.889992187066306	0.4519596820681051	0.0
0.8914930170613588	0.4526336439147363	0.0
0.8929938470564115	0.45330452825407425	0.0
0.8944946770514643	0.45397291117972544	0.0
0.8959955070465171	0.45463761420908105	0.0
0.89749633704157	0.45529979931864795	0.0
0.8989971670366227	0.455958286366044	0.0
0.9004979970316755	0.4566136525692239	0.0
0.9019988270267283	0.4572658894399604	0.0
0.9034996570217811	0.4579149885492987	0.0
0.9050004870168339	0.45856094152765625	0.0
0.9065013170118866	0.45920374006491216	0.0
0.9080021470069395	0.4598439646235376	0.0
0.9095029770019922	0.46048042958135366	0.0
0.9110038069970451	0.4611137155202874	0.0
0.9125046369920978	0.4617438143691333	0.0
0.9140054669871507	0.462370718116679	0.0
0.9155062969822034	0.46299441881179537	0.0
0.9170071269772563	0.46361490856353166	0.0
0.918507956972309	0.4642321795412183	0.0
0.9200087869673618	0.4648462239745628	0.0
0.9215096169624146	0.465457626281921	0.0
0.9230104469574674	0.4660651945523589	0.0
0.9245112769525202	0.4666695133254781	0.0
0.926012106947573	0.4672705750734667	0.0
0.9275129369426258	0.46786837232936296	0.0
0.9290137669376786	0.46846289768716015	0.0
0.9305145969327313	0.46905414380190563	0.0
0.9320154269277842	0.46964269788078994	0.0
0.9335162569228369	0.4702273637138641	0.0
0.9350170869178898	0.4708093237495626	0.0
0.9365179169129425	0.4713873806452717	0.0
0.9380187469079954	0.47196212248135483	0.0
0.9395195769030481	0.47253354228106526	0.0
0.941020406898101	0.4731016331293442	0.0
0.9425212368931537	0.47366638817290085	0.0
0.9440220668882064	0.4742278006202955	0.0
0.9455228968832593	0.4747864608910416	0.0
0.947023726878312	0.4753411680143239	0.0
0.9485245568733649	0.4758925125338125	0.0
0.9500253868684176	0.4764404879063881	0.0
0.9515262168634705	0.47698508765122904	0.0
0.9530270468585232	0.47752630534988527	0.0
0.954527876853576	0.478064134646369	0.0
0.9560287068486288	0.4785991681661777	0.0
0.9575295368436816	0.47913020183523714	0.0
0.9590303668387344	0.4796584277809665	0.0
0.9605311968337872	0.4801826411394508	0.0
0.96203202682884	0.4807034352448378	0.0
0.9635328568238928	0.48122080411763773	0.0
0.9650336868189456	0.48173474184139103	0.0
0.9665345168139984	0.48224524256274387	0.0
0.9680353468090511	0.48275230049153894	0.0
0.969536176804104	0.483256510710481	0.0
0.9710370067991567	0.4837566659314075	0.0
0.9725378367942096	0.4842533613637801	0.0
0.9740386667892623	0.4847465914709665	0.0
0.9755394967843152	0.48523635077990634	0.0
0.9770403267793679	0.4857226338811869	0.0
0.9785411567744208	0.48620543542911515	0.0
0.9800419867694735	0.48668475014179674	0.0
0.9815428167645263	0.4871605728011962	0.0
0.9830436467595791	0.4876335005174833	0.0
0.9845444767546319	0.48810232366659595	0.0
0.9860453067496847	0.4885676394868216	0.0
0.9875461367447375	0.489029443016315	0.0
0.9890469667397903	0.4894877293574537	0.0
0.9905477967348431	0.48994249367690607	0.0
0.9920486267298958	0.49039373120569046	0.0
0.9935494567249487	0.4908420403315563	0.0
0.9950502867200014	0.49128621022442787	0.0
0.9965511167150543	0.4917274426810023	0.0
0.998051946710107	0.49216452662520194	0.0
0.9995527767051599	0.49259806089074687	0.0
1.0010536067002127	0.4930280410962171	0.0
1.0025544366952654	0.4934544629250199	0.0
1.0040552666903182	0.49387732212544627	0.0
1.005556096685371	0.4942966145107194	0.0
1.0070569266804237	0.49471293972340996	0.0
1.0085577566754766	0.49512628580963997	0.0
1.0100585866705294	0.4955348532575264	0.0
1.0115594166655821	0.49593983777761336	0.0
1.0130602466606349	0.4963412355087653	0.0
1.0145610766556878	0.4967396466010274	0.0
1.0160619066507406	0.4971338594267338	0.0
1.0175627366457933	0.49752447426671265	0.0
1.019063566640846	0.4979114875213837	0.0
1.0205643966358988	0.4982954996487441	0.0
1.0220652266309518	0.4986765046131794	0.0
1.0235660566260045	0.4990526921482721	0.0
1.0250668866210573	0.4994252643392605	0.0
1.02656771661611	0.49979421791474743	0.0
1.028068546611163	0.5001601535946459	0.0
1.0295693766062157	0.5005218603826962	0.0
1.0310702066012685	0.5008799391305475	0.0
1.0325710365963212	0.5012343868302555	0.0
1.034071866591374	0.5015858043125092	0.0
1.035572696586427	0.5019341910251379	0.0
1.0370735265814797	0.5022777281710926	0.0
1.0385743565765324	0.5026176228811489	0.0
1.0400751865715852	0.5029538724777624	0.0
1.041576016566638	0.5032870778062131	0.0
1.0430768465616909	0.5036172411720086	0.0
1.0445776765567436	0.5039425400035787	0.0
1.0460785065517963	0.5042641836577335	0.0
1.047579336546849	0.5045821697884192	0.0
1.049080166541902	0.5048970991173918	0.0
1.0505809965369548	0.5052077634232609	0.0
1.0520818265320075	0.5055147635607196	0.0
1.0535826565270603	0.5058180974495998	0.0
1.055083486522113	0.5061183656130376	0.0
1.056584316517166	0.506415575155857	0.0
1.0580851465122187	0.5067078984620442	0.0
1.0595859765072715	0.5069965478486108	0.0
1.0610868065023242	0.5072815215685526	0.0
1.0625876364973772	0.5075634197716326	0.0
1.06408846649243	0.507841037178801	0.0
1.0655892964874827	0.508114974073363	0.0
1.0670901264825354	0.5083852289753875	0.0
1.0685909564775882	0.5086524016355861	0.0
1.0700917864726411	0.5089165035142176	0.0
1.0715926164676939	0.5091757042057276	0.0
1.0730934464627466	0.5094312176372026	0.0
1.0745942764577994	0.5096830426631302	0.0
1.0760951064528523	0.5099317784096308	0.0
1.077595936447905	0.510176223450368	0.0
1.0790967664429578	0.5104169770454134	0.0
1.0805975964380106	0.5106540383171642	0.0
1.0820984264330633	0.5108880057912183	0.0
1.0835992564281163	0.5111188948369573	0.0
1.085100086423169	0.5113448745218566	0.0
1.0866009164182218	0.5115671590271496	0.0
1.0881017464132745	0.5117857478105116	0.0
1.0896025764083275	0.5120012385205724	0.0
1.0911034064033802	0.5122124344960379	0.0
1.092604236398433	0.5124199335197462	0.0
1.0941050663934857	0.5126237353177687	0.0
1.0956058963885384	0.5128244367359575	0.0
1.0971067263835914	0.513022056604615	0.0
1.0986075563786442	0.5132147657315755	0.0
1.100108386373697	0.5134037771920795	0.0
1.1016092163687496	0.5135890910478382	0.0
1.1031100463638024	0.513771303014516	0.0
1.1046108763588554	0.5139504336516967	0.0
1.106111706353908	0.5141246557130661	0.0
1.1076125363489608	0.5142951810714842	0.0
1.1091133663440136	0.5144620101242673	0.0
1.1106141963390666	0.5146257373159703	0.0
1.1121150263341193	0.5147851752125295	0.0
1.113615856329172	0.5149409183926742	0.0
1.1151166863242248	0.5150929675220911	0.0
1.1166175163192775	0.515241915926903	0.0
1.1181183463143305	0.5153877869281728	0.0
1.1196191763093832	0.5155287585486229	0.0
1.121120006304436	0.5156660394354305	0.0
1.1226208362994887	0.5157996305894726	0.0
1.1241216662945417	0.5159301238118934	0.0
1.1256224962895944	0.5160563387656242	0.0
1.1271233262846472	0.5161788673857132	0.0
1.1286241562797	0.516297710940836	0.0
1.1301249862747527	0.5164134599106287	0.0
1.1316258162698056	0.5165261399274312	0.0
1.1331266462648584	0.516633936547108	0.0
1.1346274762599111	0.5167380538290669	0.0
1.1361283062549639	0.5168384933761822	0.0
1.1376291362500168	0.5169358438893641	0.0
1.1391299662450696	0.517028933037044	0.0
1.1406307962401223	0.5171183496535392	0.0
1.142131626235175	0.5172040956084978	0.0
1.1436324562302278	0.517286758078522	0.0
1.1451332862252808	0.5173663645573459	0.0
1.1466341162203335	0.5174411103900933	0.0
1.1481349462153863	0.5175121936894587	0.0
1.149635776210439	0.517579616657695	0.0
1.151136606205492	0.5176439644395602	0.0
1.1526374362005447	0.5177040736125644	0.0
1.1541382661955975	0.5177605294540881	0.0
1.1556390961906502	0.5178133344316455	0.0
1.157139926185703	0.5178630719635631	0.0
1.158640756180756	0.5179097709560033	0.0
1.1601415861758086	0.5179516387872546	0.0
1.1616424161708614	0.5179898662700312	0.0
1.1631432461659141	0.5180244562022546	0.0
1.164644076160967	0.5180559897183883	0.0
1.1661449061560198	0.5180833132016266	0.0
1.1676457361510726	0.5181070079180485	0.0
1.1691465661461253	0.5181270769288262	0.0
1.170647396141178	0.5181440994410033	0.0
1.172148226136231	0.518158105325738	0.0
1.1736490561312838	0.518167316221799	0.0
1.1751498861263365	0.518172914296918	0.0
1.1766507161213893	0.5181749029398265	0.0
1.178151546116442	0.5181738588233771	0.0
1.179652376111495	0.5181698121629678	0.0
1.1811532061065477	0.5181609934733188	0.0
1.1826540361016005	0.5181485795428412	0.0
1.1841548660966532	0.5181325740859635	0.0
1.1856556960917062	0.5181135511032541	0.0
1.187156526086759	0.5180903739912609	0.0
1.1886573560818117	0.5180636168800884	0.0
1.1901581860768644	0.5180332837432493	0.0
1.1916590160719172	0.5179999463445831	0.0
1.1931598460669701	0.5179636351730003	0.0
1.1946606760620229	0.517922598424631	0.0
1.1961615060570756	0.5178780021736802	0.0
1.1976623360521284	0.5178298507155009	0.0
1.1991631660471813	0.5177787128951659	0.0
1.200663996042234	0.5177234641597215	0.0
1.2021648260372868	0.5176646734821011	0.0
1.2036656560323395	0.517602345413378	0.0
1.2051664860273923	0.5175370463659672	0.0
1.2066673160224453	0.5174688066616271	0.0
1.208168146017498	0.5173958943417958	0.0
1.2096689760125507	0.5173194634554342	0.0
1.2111698060076035	0.5172395188709167	0.0
1.2126706360026565	0.5171566238387041	0.0
1.2141714659977092	0.5170696667103692	0.0
1.215672295992762	0.5169792108622822	0.0
1.2171731259878147	0.5168852614146414	0.0
1.2186739559828674	0.5167883789922106	0.0
1.2201747859779204	0.5166885933126772	0.0
1.2216756159729731	0.5165841943933628	0.0
1.2231764459680259	0.5164763229654789	0.0
1.2246772759630786	0.5163649844613242	0.0
1.2261781059581316	0.5162507361044677	0.0
1.2276789359531843	0.516132479987718	0.0
1.229179765948237	0.5160107734583528	0.0
1.2306805959432898	0.515885622196066	0.0
1.2321814259383426	0.5157575806091058	0.0
1.2336822559333955	0.5156266773785699	0.0
1.2351830859284483	0.5154912265901765	0.0
1.236683915923501	0.5153523543864117	0.0
1.2381847459185538	0.5152100667531896	0.0
1.2396855759136065	0.5150649144629409	0.0
1.2411864059086595	0.5149169254364682	0.0
1.2426872359037122	0.5147644280181004	0.0
1.244188065898765	0.5146085397058454	0.0
1.2456888958938177	0.5144492667882989	0.0
1.2471897258888707	0.514287156273944	0.0
1.2486905558839234	0.5141211332469754	0.0
1.2501913858789762	0.5139517448356087	0.0
1.251692215874029	0.5137789975679113	0.0
1.2531930458690816	0.5136034353501298	0.0
1.2546938758641346	0.5134250844038796	0.0
1.2561947058591874	0.5132423003100839	0.0
1.25769553585424	0.5130561840507573	0.0
1.2591963658492928	0.5128667424497811	0.0
1.2606971958443458	0.5126745154232875	0.0
1.2621980258393986	0.5124784438404247	0.0
1.2636988558344513	0.5122790677341875	0.0
1.265199685829504	0.5120763941621836	0.0
1.2667005158245568	0.5118709597598066	0.0
1.2682013458196097	0.5116627886310436	0.0
1.2697021758146625	0.5114502655674044	0.0
1.2712030058097152	0.5112344738323632	0.0
1.272703835804768	0.5110154207718657	0.0
1.274204665799821	0.5107936388112649	0.0
1.2757054957948737	0.5105680853613441	0.0
1.2772063257899264	0.5103392929612212	0.0
1.2787071557849792	0.510107269184346	0.0
1.280207985780032	0.5098725430020835	0.0
1.2817088157750849	0.5096351359889851	0.0
1.2832096457701376	0.5093934640669375	0.0
1.2847104757651904	0.5091485916101125	0.0
1.2862113057602431	0.5089005264722318	0.0
1.287712135755296	0.5086497932015549	0.0
1.2892129657503488	0.5083953664798645	0.0
1.2907137957454016	0.5081377709658356	0.0
1.2922146257404543	0.5078770147340246	0.0
1.293715455735507	0.5076136187111493	0.0
1.29521628573056	0.5073476015377665	0.0
1.2967171157256128	0.5070774121276388	0.0
1.2982179457206655	0.5068040948292961	0.0
1.2997187757157183	0.5065276579889688	0.0
1.3012196057107712	0.5062486179046052	0.0
1.302720435705824	0.5059659672291464	0.0
1.3042212657008767	0.5056802223674163	0.0
1.3057220956959295	0.5053913918793846	0.0
1.3072229256909822	0.5050994843779426	0.0
1.3087237556860352	0.5048050114214009	0.0
1.310224585681088	0.5045069759379393	0.0
1.3117254156761406	0.5042058895907011	0.0
1.3132262456711934	0.5039017612022081	0.0
1.3147270756662461	0.5035950984609311	0.0
1.316227905661299	0.5032859146570885	0.0
1.3177287356563518	0.5029727135797321	0.0
1.3192295656514046	0.5026565062544271	0.0
1.3207303956464573	0.5023373017609952	0.0
1.3222312256415103	0.5020156028551412	0.0
1.323732055636563	0.5016904314635288	0.0
1.3252328856316158	0.5013622904428437	0.0
1.3267337156266685	0.5010311890748759	0.0
1.3282345456217213	0.5006976260943841	0.0
1.3297353756167742	0.5003616108608315	0.0
1.331236205611827	0.5000216846224176	0.0
1.3327370356068797	0.49967883564786236	0.0
1.3342378656019325	0.49933307346645117	0.0
1.3357386955969854	0.4989848916956279	0.0
1.3372395255920382	0.49863333187911	0.0
1.338740355587091	0.49827888773132933	0.0
1.3402411855821437	0.49792156897554346	0.0
1.3417420155771964	0.4975618650641754	0.0
1.3432428455722494	0.4971997810520434	0.0
1.3447436755673021	0.4968338972726384	0.0
1.3462445055623549	0.49646517824228725	0.0
1.3477453355574076	0.49609363392158085	0.0
1.3492461655524606	0.4957197484700607	0.0
1.3507469955475133	0.4953425836329865	0.0
1.352247825542566	0.4949626236627511	0.0
1.3537486555376188	0.4945798787056277	0.0
1.3552494855326715	0.4941948286193551	0.0
1.3567503155277245	0.49380747379015233	0.0
1.3582511455227773	0.4934164351904104	0.0
1.35975197551783	0.49302265263231804	0.0
1.3612528055128827	0.4926261364889783	0.0
1.3627536355079357	0.49222736115896065	0.0
1.3642544655029885	0.4918254091386457	0.0
1.3657552954980412	0.49142075491517917	0.0
1.367256125493094	0.4910134090388526	0.0
1.3687569554881467	0.49060384147717573	0.0
1.3702577854831997	0.49019204759428725	0.0
1.3717586154782524	0.48977669048041805	0.0
1.3732594454733051	0.48935868433708046	0.0
1.3747602754683579	0.4889380399306159	0.0
1.3762611054634106	0.4885152216125429	0.0
1.3777619354584636	0.4880902218087899	0.0
1.3792627654535163	0.48766172761841187	0.0
1.380763595448569	0.48723063864056376	0.0
1.3822644254436218	0.4867969658515523	0.0
1.3837652554386748	0.48636116790396194	0.0
1.3852660854337275	0.48592236058230126	0.0
1.3867669154287803	0.48548100262094007	0.0
1.388267745423833	0.48503710515974435	0.0
1.3897685754188858	0.48459112223445683	0.0
1.3912694054139387	0.48414304072119724	0.0
1.3927702354089915	0.4836915919854426	0.0
1.3942710654040442	0.4832376486977998	0.0
1.395771895399097	0.4827812221970188	0.0
1.39727272539415	0.48232276067817215	0.0
1.3987735553892027	0.48186140191926036	0.0
1.4002743853842554	0.48139759419267647	0.0
1.4017752153793082	0.48093134899178214	0.0
1.403276045374361	0.480463109785316	0.0
1.4047768753694139	0.4799928575752779	0.0
1.4062777053644666	0.47951936927533717	0.0
1.4077785353595194	0.47904348984090694	0.0
1.409279365354572	0.47856523095298176	0.0
1.410780195349625	0.4780850301076944	0.0
1.4122810253446778	0.4776020474987773	0.0
1.4137818553397306	0.4771167206951542	0.0
1.4152826853347833	0.4766290615234083	0.0
1.416783515329836	0.476139502651696	0.0
1.418284345324889	0.4756480188958609	0.0
1.4197851753199418	0.47515343392078435	0.0
1.4212860053149945	0.474656564228	0.0
1.4227868353100472	0.47415742182038645	0.0
1.4242876653051002	0.47365643327131635	0.0
1.425788495300153	0.47315278157670687	0.0
1.4272893252952057	0.4726468933781789	0.0
1.4287901552902584	0.4721387808151071	0.0
1.4302909852853112	0.4716288655390612	0.0
1.4317918152803641	0.471117115880386	0.0
1.4332926452754169	0.470602403379161	0.0
1.4347934752704696	0.47008551539256155	0.0
1.4362943052655224	0.4695664642248708	0.0
1.4377951352605751	0.4690456653204158	0.0
1.439295965255628	0.46852308328240405	0.0
1.4407967952506808	0.4679976167039451	0.0
1.4422976252457336	0.4674700364707269	0.0
1.4437984552407863	0.46694035504560455	0.0
1.4452992852358393	0.46640898160738203	0.0
1.446800115230892	0.4658751353069909	0.0
1.4483009452259448	0.46533922538437816	0.0
1.4498017752209975	0.4648012644246938	0.0
1.4513026052160503	0.46426165655431717	0.0
1.4528034352111032	0.4637203594515309	0.0
1.454304265206156	0.46317632117603474	0.0
1.4558050952012087	0.4626302824908322	0.0
1.4573059251962615	0.4620822561282327	0.0
1.4588067551913144	0.46153263985153753	0.0
1.4603075851863672	0.4609806764420578	0.0
1.46180841518142	0.46042676371968333	0.0
1.4633092451764727	0.4598709145299038	0.0
1.4648100751715254	0.45931352150932564	0.0
1.4663109051665784	0.45875453514621545	0.0
1.467811735161631	0.4581929538893943	0.0
1.4693125651566838	0.4576294878115257	0.0
1.4708133951517366	0.4570641498938894	0.0
1.4723142251467896	0.45649732632184503	0.0
1.4738150551418423	0.455928283770504	0.0
1.475315885136895	0.4553574084772724	0.0
1.4768167151319478	0.45478471352752897	0.0
1.4783175451270005	0.4542105799130867	0.0
1.4798183751220535	0.45363495068113585	0.0
1.4813192051171062	0.45305687551415563	0.0
1.482820035112159	0.4524770332742821	0.0
1.4843208651072117	0.4518954371713641	0.0
1.4858216951022647	0.4513124616669687	0.0
1.4873225250973174	0.4507273975605316	0.0
1.4888233550923702	0.4501406193611449	0.0
1.490324185087423	0.44955214037370483	0.0
1.4918250150824757	0.44896232980663836	0.0
1.4933258450775286	0.4483711230293276	0.0
1.4948266750725814	0.44777762172517405	0.0
1.4963275050676341	0.44718247307256503	0.0
1.4978283350626869	0.446585690489612	0.0
1.4993291650577398	0.44598763658444496	0.0
1.5008299950527926	0.4453876264793258	0.0
1.5023308250478453	0.4447860228254234	0.0
1.503831655042898	0.4441828391269354	0.0
1.5053324850379508	0.4435784326863215	0.0
1.5068333150330038	0.44297273097299	0.0
1.5083341450280565	0.4423648883620834	0.0
1.5098349750231093	0.441755519921405	0.0
1.511335805018162	0.4411446392571875	0.0
1.5128366350132147	0.44053259701025915	0.0
1.5143374650082677	0.43991931617095925	0.0
1.5158382950033205	0.4393039806575893	0.0
1.5173391249983732	0.43868718753150027	0.0
1.518839954993426	0.43806895049478717	0.0
1.520340784988479	0.4374496134962507	0.0
1.5218416149835317	0.43682852981508535	0.0
1.5233424449785844	0.43620604343622454	0.0
1.5248432749736371	0.4355821681340262	0.0
1.5263441049686899	0.4349572424835181	0.0
1.5278449349637429	0.4343311812590846	0.0
1.5293457649587956	0.43370322199552963	0.0
1.5308465949538483	0.4330739290702792	0.0
1.532347424948901	0.43244331634251004	0.0
1.533848254943954	0.4318117156469802	0.0
1.5353490849390068	0.43117850495353527	0.0
1.5368499149340595	0.43054401612867266	0.0
1.5383507449291123	0.429908263095036	0.0
1.539851574924165	0.4292712597905295	0.0
1.541352404919218	0.42863302016807453	0.0
1.5428532349142707	0.4279935581953643	0.0
1.5443540649093235	0.42735288785462405	0.0
1.5458548949043762	0.42671102314236753	0.0
1.5473557248994292	0.4260679780691512	0.0
1.548856554894482	0.4254237666593351	0.0
1.5503573848895347	0.42477840295084174	0.0
1.5518582148845874	0.42413190099491677	0.0
1.5533590448796402	0.4234842748558877	0.0
1.5548598748746931	0.4228355386109148	0.0
1.5563607048697459	0.4221857063497525	0.0
1.5578615348647986	0.4215347921745131	0.0
1.5593623648598514	0.4208828101994295	0.0
1.5608631948549043	0.4202297745506134	0.0
1.562364024849957	0.4195756993658021	0.0
1.5638648548450098	0.41892059879412147	0.0
1.5653656848400626	0.4182644869958565	0.0
1.5668665148351153	0.4176073781422069	0.0
1.5683673448301683	0.4169492864150446	0.0
1.569868174825221	0.4162902260066723	0.0
1.5713690048202738	0.4156302111195906	0.0
1.5728698348153265	0.41496925596626494	0.0
1.5743706648103792	0.4143073747688744	0.0
1.5758714948054322	0.41364458175906127	0.0
1.577372324800485	0.4129808911777073	0.0
1.5788731547955377	0.41231631727470386	0.0
1.5803739847905904	0.41165087430869834	0.0
1.5818748147856434	0.4109845765468518	0.0
1.5833756447806961	0.4103174382646092	0.0
1.584876474775749	0.4096494737454658	0.0
1.5863773047708016	0.40898069728071956	0.0
1.5878781347658544	0.408311123169233	0.0
1.5893789647609073	0.40764076571719865	0.0
1.59087979475596	0.40696963923789686	0.0
1.5923806247510128	0.40629775805146057	0.0
1.5938814547460656	0.40562513648463516	0.0
1.5953822847411185	0.4049517888705399	0.0
1.5968831147361713	0.40427772954843494	0.0
1.598383944731224	0.40360297286348323	0.0
1.5998847747262768	0.4029275331665091	0.0
1.6013856047213295	0.4022514248137598	0.0
1.6028864347163825	0.4015746621666667	0.0
1.6043872647114352	0.40089725959160427	0.0
1.605888094706488	0.40021923145966043	0.0
1.6073889247015407	0.399540592146403	0.0
1.6088897546965937	0.3988613560316332	0.0
1.6103905846916464	0.3981815374991467	0.0
1.6118914146866992	0.39750115093649224	0.0
1.613392244681752	0.396820210734741	0.0
1.6148930746768047	0.396138731288262	0.0
1.6163939046718576	0.3954567269944713	0.0
1.6178947346669104	0.39477421225358084	0.0
1.619395564661963	0.3940912014683738	0.0
1.6208963946570158	0.3934077090439738	0.0
1.6223972246520688	0.39272374938759597	0.0
1.6238980546471216	0.39203933690831433	0.0
1.6253988846421743	0.39135448601682904	0.0
1.626899714637227	0.390669211125219	0.0
1.6284005446322798	0.38998352664670083	0.0
1.6299013746273328	0.38929744699539903	0.0
1.6314022046223855	0.38861098658610876	0.0
1.6329030346174382	0.38792415983405787	0.0
1.634403864612491	0.3872369811546672	0.0
1.635904694607544	0.3865494649633062	0.0
1.6374055246025967	0.38586162567506166	0.0
1.6389063545976494	0.38517347770450183	0.0
1.6404071845927022	0.38448503546542945	0.0
1.641908014587755	0.3837963133706452	0.0
1.643408844582808	0.38310732583172075	0.0
1.6449096745778606	0.3824180872587525	0.0
1.6464105045729134	0.3817286120601152	0.0
1.6479113345679661	0.38103891464223083	0.0
1.6494121645630189	0.38034900940932576	0.0
1.6509129945580718	0.3796589107631939	0.0
1.6524138245531246	0.3789686331029663	0.0
1.6539146545481773	0.37827819082486813	0.0
1.65541548454323	0.3775875983219689	0.0
1.656916314538283	0.37689686998394645	0.0
1.6584171445333358	0.3762060201968579	0.0
1.6599179745283885	0.3755150633428959	0.0
1.6614188045234413	0.3748240138001414	0.0
1.662919634518494	0.3741328859423264	0.0
1.664420464513547	0.37344169413859857	0.0
1.6659212945085997	0.37275045275328	0.0
1.6674221245036525	0.3720591761456245	0.0
1.6689229544987052	0.3713678786695797	0.0
1.6704237844937582	0.3706765746735508	0.0
1.671924614488811	0.3699852785001548	0.0
1.6734254444838637	0.36929400448597827	0.0
1.6749262744789164	0.36860276696134187	0.0
1.6764271044739691	0.3679115802500564	0.0
1.677927934469022	0.36722045866918196	0.0
1.6794287644640749	0.36652941652878607	0.0
1.6809295944591276	0.3658384681317011	0.0
1.6824304244541803	0.36514762777328685	0.0
1.6839312544492333	0.36445690974118755	0.0
1.685432084444286	0.3637663283150899	0.0
1.6869329144393388	0.3630758977664824	0.0
1.6884337444343915	0.36238563235841725	0.0
1.6899345744294443	0.3616955463452652	0.0
1.6914354044244972	0.36100565397247025	0.0
1.69293623441955	0.3603159694763059	0.0
1.6944370644146027	0.35962650708363547	0.0
1.6959378944096555	0.35893728101167466	0.0
1.6974387244047084	0.35824830546774017	0.0
1.6989395543997612	0.35755959464901227	0.0
1.700440384394814	0.35687116274229774	0.0
1.7019412143898667	0.3561830239237792	0.0
1.7034420443849194	0.35549519235877136	0.0
1.7049428743799724	0.35480768220147946	0.0
1.7064437043750251	0.35412050759475594	0.0
1.7079445343700779	0.3534336826698582	0.0
1.7094453643651306	0.35274722154620314	0.0
1.7109461943601834	0.35206113833112757	0.0
1.7124470243552363	0.35137544711964497	0.0
1.713947854350289	0.3506901619941915	0.0
1.7154486843453418	0.35000529702438826	0.0
1.7169495143403946	0.3493208662667998	0.0
1.7184503443354475	0.34863688376469093	0.0
1.7199511743305003	0.3479533635477846	0.0
1.721452004325553	0.3472703196320091	0.0
1.7229528343206058	0.3465877660192542	0.0
1.7244536643156585	0.3459057166971286	0.0
1.7259544943107115	0.3452241856387184	0.0
1.7274553243057642	0.3445431868023431	0.0
1.728956154300817	0.3438627341313099	0.0
1.7304569842958697	0.34318284155366846	0.0
1.7319578142909227	0.342503522981961	0.0
1.7334586442859754	0.34182479231298396	0.0
1.7349594742810281	0.34114666342754646	0.0
1.736460304276081	0.34046915019021734	0.0
1.7379611342711336	0.3397922664490831	0.0
1.7394619642661866	0.33911602603550217	0.0
1.7409627942612393	0.33844044276385765	0.0
1.742463624256292	0.3377655304313205	0.0
1.7439644542513448	0.3370913028176033	0.0
1.7454652842463978	0.33641777368470926	0.0
1.7469661142414505	0.3357449567766887	0.0
1.7484669442365033	0.3350728658193954	0.0
1.749967774231556	0.3344015145202421	0.0
1.7514686042266088	0.33373091656795434	0.0
1.7529694342216617	0.333061085632321	0.0
1.7544702642167145	0.3323920353639559	0.0
1.7559710942117672	0.33172377939406095	0.0
1.75747192420682	0.33105633133416984	0.0
1.758972754201873	0.33038970477590157	0.0
1.7604735841969257	0.3297239132907206	0.0
1.7619744141919784	0.3290589704296904	0.0
1.7634752441870312	0.3283948897232349	0.0
1.764976074182084	0.3277316846808899	0.0
1.7664769041771369	0.32706936879105586	0.0
1.7679777341721896	0.3264079555207561	0.0
1.7694785641672424	0.3257474583153919	0.0
1.770979394162295	0.3250878905985013	0.0
1.7724802241573479	0.32442926577151354	0.0
1.7739810541524008	0.3237715972135053	0.0
1.7754818841474536	0.32311489828096107	0.0
1.7769827141425063	0.32245918230752457	0.0
1.778483544137559	0.3218044626037536	0.0
1.779984374132612	0.32115075245688296	0.0
1.7814852041276648	0.32049806513057955	0.0
1.7829860341227175	0.31984641386470103	0.0
1.7844868641177702	0.3191958118750517	0.0
1.785987694112823	0.31854627235314037	0.0
1.787488524107876	0.317897808465941	0.0
1.7889893541029287	0.31725043335564684	0.0
1.7904901840979814	0.3166041601394295	0.0
1.7919910140930342	0.31595900190920084	0.0
1.7934918440880872	0.31531497173137335	0.0
1.79499267408314	0.31467208264661656	0.0
1.7964935040781926	0.3140303476696157	0.0
1.7979943340732454	0.3133897797888307	0.0
1.7994951640682981	0.31275039196625726	0.0
1.800995994063351	0.312112197137192	0.0
1.8024968240584038	0.31147520820998903	0.0
1.8039976540534566	0.3108394380658173	0.0
1.8054984840485093	0.3102048995584324	0.0
1.8069993140435623	0.30957160551393775	0.0
1.808500144038615	0.3089395687305395	0.0
1.8100009740336678	0.30830880197831273	0.0
1.8115018040287205	0.3076793179989612	0.0
1.8130026340237733	0.3070511295055811	0.0
1.8145034640188262	0.3064242491824372	0.0
1.816004294013879	0.3057986896847183	0.0
1.8175051240089317	0.30517446363828815	0.0
1.8190059540039845	0.3045515836394665	0.0
1.8205067839990374	0.30393006225480257	0.0
1.8220076139940902	0.3033099120208284	0.0
1.823508443989143	0.3026911454438241	0.0
1.8250092739841957	0.3020737749995916	0.0
1.8265101039792484	0.3014578131332249	0.0
1.8280109339743014	0.3008432722588741	0.0
1.829511763969354	0.3002301647595111	0.0
1.8310125939644069	0.29961850298669485	0.0
1.8325134239594596	0.2990082992603476	0.0
1.8340142539545126	0.29839956586853894	0.0
1.8355150839495653	0.2977923150672409	0.0
1.837015913944618	0.2971865590800912	0.0
1.8385167439396708	0.2965823100981817	0.0
1.8400175739347235	0.29597958027983085	0.0
1.8415184039297765	0.2953783817503501	0.0
1.8430192339248292	0.29477872660182025	0.0
1.844520063919882	0.2941806268928682	0.0
1.8460208939149347	0.2935840946484419	0.0
1.8475217239099875	0.2929891418595813	0.0
1.8490225539050404	0.29239578048320014	0.0
1.8505233839000932	0.2918040224418669	0.0
1.852024213895146	0.29121387962357825	0.0
1.8535250438901987	0.29062536388153526	0.0
1.8550258738852516	0.2900384870339241	0.0
1.8565267038803044	0.28945326086370116	0.0
1.8580275338753571	0.2888696971183723	0.0
1.8595283638704099	0.28828780750977295	0.0
1.8610291938654626	0.2877076037138554	0.0
1.8625300238605156	0.2871290973704692	0.0
1.8640308538555683	0.286552300083142	0.0
1.865531683850621	0.2859772234188688	0.0
1.8670325138456738	0.2854038789079003	0.0
1.8685333438407268	0.284832278043523	0.0
1.8700341738357795	0.2842624322818474	0.0
1.8715350038308323	0.2836943530416045	0.0
1.873035833825885	0.2831280517039305	0.0
1.8745366638209378	0.28256353961215236	0.0
1.8760374938159907	0.28200082807158394	0.0
1.8775383238110435	0.2814399283493229	0.0
1.8790391538060962	0.28088085167403576	0.0
1.880539983801149	0.2803236092357484	0.0
1.882040813796202	0.27976821218564973	0.0
1.8835416437912547	0.2792146716358848	0.0
1.8850424737863074	0.27866299865935296	0.0
1.8865433037813601	0.2781132042895041	0.0
1.888044133776413	0.2775652995201285	0.0
1.8895449637714659	0.27701929530516356	0.0
1.8910457937665186	0.2764752025585023	0.0
1.8925466237615713	0.27593303215379145	0.0
1.894047453756624	0.27539279492422664	0.0
1.895548283751677	0.27485450166235437	0.0
1.8970491137467298	0.2743181631198834	0.0
1.8985499437417825	0.2737837900074926	0.0
1.9000507737368353	0.2732513929946329	0.0
1.901551603731888	0.2727209827093357	0.0
1.903052433726941	0.27219256973802486	0.0
1.9045532637219937	0.27166616462531884	0.0
1.9060540937170465	0.27114177787384597	0.0
1.9075549237120992	0.2706194199440643	0.0
1.909055753707152	0.27009910125406544	0.0
1.910556583702205	0.26958083217938533	0.0
1.9120574136972577	0.26906462305282686	0.0
1.9135582436923104	0.2685504841642797	0.0
1.9150590736873632	0.26803842576053377	0.0
1.9165599036824161	0.26752845804509384	0.0
1.9180607336774689	0.26702059117800037	0.0
1.9195615636725216	0.2665148352756564	0.0
1.9210623936675744	0.26601120041065196	0.0
1.922563223662627	0.2655096966115794	0.0
1.92406405365768	0.2650103338628544	0.0
1.9255648836527328	0.264513122104552	0.0
1.9270657136477856	0.26401807123223275	0.0
1.9285665436428383	0.2635251910967643	0.0
1.9300673736378913	0.2630344915041534	0.0
1.931568203632944	0.2625459822153754	0.0
1.9330690336279968	0.26205967294620824	0.0
1.9345698636230495	0.2615755733670691	0.0
1.9360706936181022	0.2610936931028448	0.0
1.9375715236131552	0.26061404173272457	0.0
1.939072353608208	0.2601366287900396	0.0
1.9405731836032607	0.25966146376210303	0.0
1.9420740135983134	0.25918855609004327	0.0
1.9435748435933664	0.2587179151686428	0.0
1.9450756735884192	0.25824955034618585	0.0
1.946576503583472	0.25778347092430437	0.0
1.9480773335785246	0.2573196861578168	0.0
1.9495781635735774	0.25685820525457126	0.0
1.9510789935686303	0.25639903737529773	0.0
1.952579823563683	0.2559421916334557	0.0
1.9540806535587358	0.25548767709508086	0.0
1.9555814835537886	0.2550355027786346	0.0
1.9570823135488415	0.2545856776548544	0.0
1.9585831435438943	0.2541382106466108	0.0
1.960083973538947	0.25369311062876543	0.0
1.9615848035339998	0.2532503864280215	0.0
1.9630856335290525	0.25281004682277763	0.0
1.9645864635241055	0.25237210054298903	0.0
1.9660872935191582	0.25193655627003175	0.0
1.967588123514211	0.25150342263656167	0.0
1.9690889535092637	0.25107270822637134	0.0
1.9705897835043167	0.2506444215742537	0.0
1.9720906134993694	0.25021857116587415	0.0
1.9735914434944222	0.24979516543763322	0.0
1.975092273489475	0.24937421277653035	0.0
1.9765931034845277	0.24895572152003867	0.0
1.9780939334795806	0.24853969995597322	0.0
1.9795947634746334	0.24812615632236065	0.0
1.9810955934696861	0.24771509880730805	0.0
1.9825964234647389	0.24730653554887788	0.0
1.9840972534597916	0.2469004746349737	0.0
1.9855980834548446	0.24649692410321217	0.0
1.9870989134498973	0.24609589194079354	0.0
1.98859974344495	0.2456973860843869	0.0
1.9901005734400028	0.24530141442000974	0.0
1.9916014034350558	0.2449079847829062	0.0
1.9931022334301085	0.24451710495743584	0.0
1.9946030634251612	0.24412878267695845	0.0
1.996103893420214	0.24374302562371838	0.0
1.9976047234152667	0.24335984142873024	0.0
1.9991055534103197	0.24297923767166565	0.0
2.0006063834053722	0.24260122188074507	0.0
2.0021072134004254	0.24222532244630812	0.0
2.003608043395478	0.24185250497030422	0.0
2.005108873390531	0.24148229773963606	0.0
2.0066097033855836	0.24111470807564386	0.0
2.0081105333806364	0.24074974324768436	0.0
2.009611363375689	0.24038741047302842	0.0
2.011112193370742	0.24002771691676036	0.0
2.0126130233657946	0.23967066969168288	0.0
2.0141138533608474	0.23931622400726968	0.0
2.0156146833559005	0.23896399479631328	0.0
2.0171155133509533	0.2386149287226733	0.0
2.018616343346006	0.2382685369115369	0.0
2.020117173341059	0.23792482621281463	0.0
2.0216180033361115	0.23758380342356236	0.0
2.0231188333311643	0.23724547528788759	0.0
2.024619663326217	0.2369098484968562	0.0
2.0261204933212698	0.23657692968840538	0.0
2.0276213233163225	0.23624666808184266	0.0
2.0291221533113757	0.23591867356737284	0.0
2.0306229833064284	0.23559391800734322	0.0
2.032123813301481	0.23527189645376356	0.0
2.033624643296534	0.23495261527764666	0.0
2.0351254732915867	0.23463608079637668	0.0
2.0366263032866394	0.2343222992736247	0.0
2.038127133281692	0.23401127691926846	0.0
2.039627963276745	0.23370301988931988	0.0
2.0411287932717976	0.23339747179557946	0.0
2.042629623266851	0.2330942378100368	0.0
2.0441304532619036	0.2327943131554422	0.0
2.0456312832569563	0.23249717791442712	0.0
2.047132113252009	0.23220283797254823	0.0
2.048632943247062	0.23191129916105394	0.0
2.0501337732421145	0.23162256725681793	0.0
2.0516346032371673	0.2313366479822759	0.0
2.05313543323222	0.2310535470053548	0.0
2.0546362632272728	0.23077320271659316	0.0
2.056137093222326	0.23049521590179248	0.0
2.0576379232173787	0.23022060328527252	0.0
2.0591387532124314	0.2299488310971428	0.0
2.060639583207484	0.22967990473182373	0.0
2.062140413202537	0.22941382952885553	0.0
2.0636412431975897	0.22915061077283205	0.0
2.0651420731926424	0.22889025369334579	0.0
2.066642903187695	0.22863276346493294	0.0
2.068143733182748	0.2283780736459078	0.0
2.069644563177801	0.22812578097501737	0.0
2.071145393172854	0.2278769218019159	0.0
2.0726462231679066	0.2276309496319996	0.0
2.0741470531629593	0.22738786936371916	0.0
2.075647883158012	0.22714768584015702	0.0
2.077148713153065	0.22691040384897346	0.0
2.0786495431481176	0.2266760281223616	0.0
2.0801503731431703	0.22644456333700386	0.0
2.081651203138223	0.22621601411402384	0.0
2.083152033133276	0.22599030910132104	0.0
2.084652863128329	0.22576704094669403	0.0
2.0861536931233817	0.22554726558778737	0.0
2.0876545231184345	0.22533042372505677	0.0
2.089155353113487	0.22511651970118754	0.0
2.09065618310854	0.22490555780305205	0.0
2.0921570131035927	0.22469754226168034	0.0
2.0936578430986454	0.22449247725222254	0.0
2.095158673093698	0.22429036689390444	0.0
2.096659503088751	0.22409113582952012	0.0
2.098160333083804	0.22389437339650203	0.0
2.099661163078857	0.22370115115380765	0.0
2.1011619930739096	0.22351089948513322	0.0
2.1026628230689623	0.22332362222959024	0.0
2.104163653064015	0.22313932317017013	0.0
2.105664483059068	0.22295800603371954	0.0
2.1071653130541206	0.22277967449091113	0.0
2.1086661430491733	0.22260433215621267	0.0
2.110166973044226	0.2224319000604624	0.0
2.1116678030392793	0.2222619645882754	0.0
2.113168633034332	0.22209561100901695	0.0
2.1146694630293847	0.2219322605391796	0.0
2.1161702930244375	0.22177191651183029	0.0
2.1176711230194902	0.2216145822036892	0.0
2.119171953014543	0.22146026083511144	0.0
2.1206727830095957	0.22130895557005706	0.0
2.1221736130046485	0.2211606695160746	0.0
2.123674442999701	0.22101532048529224	0.0
2.1251752729947544	0.22087249227176814	0.0
2.126676102989807	0.2207332819387799	0.0
2.12817693298486	0.2205971026886894	0.0
2.1296777629799126	0.22046395734673446	0.0
2.1311785929749654	0.22033384868164266	0.0
2.132679422970018	0.22020677940561864	0.0
2.134180252965071	0.2200827521743332	0.0
2.1356810829601236	0.21996176958691205	0.0
2.1371819129551763	0.2198437466296153	0.0
2.1386827429502295	0.21972826487233404	0.0
2.1401835729452823	0.21961643125257438	0.0
2.141684402940335	0.21950765211366832	0.0
2.1431852329353878	0.21940192977185563	0.0
2.1446860629304405	0.2192992664867741	0.0
2.1461868929254933	0.21919966446145844	0.0
2.147687722920546	0.21910312584233027	0.0
2.1491885529155987	0.21900965271919792	0.0
2.1506893829106515	0.21891915764449407	0.0
2.1521902129057047	0.21883122033386912	0.0
2.1536910429007574	0.21874695567835778	0.0
2.15519187289581	0.21866576431805018	0.0
2.156692702890863	0.21858764805962178	0.0
2.1581935328859156	0.21851260865311845	0.0
2.1596943628809684	0.218440647791961	0.0
2.161195192876021	0.21837176711294415	0.0
2.162696022871074	0.2183059681962346	0.0
2.1641968528661266	0.21824316155130627	0.0
2.16569768286118	0.21818292541245685	0.0
2.1671985128562326	0.21812638070457432	0.0
2.1686993428512853	0.218072923519764	0.0
2.170200172846338	0.21802255515513008	0.0
2.171701002841391	0.21797527685117749	0.0
2.1732018328364435	0.2179310897918199	0.0
2.1747026628314963	0.21788999510439017	0.0
2.176203492826549	0.21785199385964918	0.0
2.1777043228216018	0.21781699491350878	0.0
2.179205152816655	0.21778457539415672	0.0
2.1807059828117077	0.21775586034359318	0.0
2.1822068128067604	0.217730242459532	0.0
2.183707642801813	0.2177077225300184	0.0
2.185208472796866	0.2176883012865925	0.0
2.1867093027919187	0.21767197940430263	0.0
2.1882101327869714	0.21765875750171434	0.0
2.189710962782024	0.21764863614092952	0.0
2.191211792777077	0.21764152291197703	0.0
2.19271262277213	0.21763699421397342	0.0
2.194213452767183	0.21763617729396756	0.0
2.1957142827622356	0.21763846260617462	0.0
2.1972151127572883	0.21764385043061396	0.0
2.198715942752341	0.21765234099094816	0.0
2.200216772747394	0.2176639344544986	0.0
2.2017176027424465	0.21767863093226045	0.0
2.2032184327374993	0.21769643047892823	0.0
2.204719262732552	0.21771723980436844	0.0
2.2062200927276048	0.21774063495688897	0.0
2.207720922722658	0.2177671330153499	0.0
2.2092217527177107	0.21779734427834738	0.0
2.2107225827127635	0.21783065805182097	0.0
2.212223412707816	0.21786707405312847	0.0
2.213724242702869	0.21790659194349463	0.0
2.2152250726979217	0.21794921132803463	0.0
2.2167259026929744	0.21799493175577972	0.0
2.218226732688027	0.2180437527197015	0.0
2.21972756268308	0.21809558040148858	0.0
2.221228392678133	0.21814999090328058	0.0
2.222729222673186	0.21820810988059264	0.0
2.2242300526682386	0.2182693268123174	0.0
2.2257308826632913	0.21833364091157825	0.0
2.227231712658344	0.21840105133562215	0.0
2.228732542653397	0.2184715571858516	0.0
2.2302333726484496	0.21854515750785744	0.0
2.2317342026435023	0.2186218512914539	0.0
2.233235032638555	0.21870154464523306	0.0
2.2347358626336082	0.21878381412055253	0.0
2.236236692628661	0.21886978167766716	0.0
2.2377375226237137	0.21895883810483824	0.0
2.2392383526187665	0.21905098211350943	0.0
2.240739182613819	0.21914621235956175	0.0
2.242240012608872	0.2192445274433524	0.0
2.2437408426039247	0.2193459259097472	0.0
2.2452416725989774	0.21945040624816625	0.0
2.24674250259403	0.21955787487257974	0.0
2.2482433325890834	0.2196679091620461	0.0
2.249744162584136	0.21978162550632305	0.0
2.251244992579189	0.2198984171329451	0.0
2.2527458225742416	0.22001828225471956	0.0
2.2542466525692944	0.22014121902925807	0.0
2.255747482564347	0.22026722555902697	0.0
2.2572483125594	0.22039629989138554	0.0
2.2587491425544526	0.22052844001863542	0.0
2.2602499725495053	0.2206635530359013	0.0
2.2617508025445585	0.22080121752737342	0.0
2.2632516325396113	0.22094254245029069	0.0
2.264752462534664	0.22108692459391066	0.0
2.2662532925297167	0.22123436167596003	0.0
2.2677541225247695	0.22138485135939795	0.0
2.2692549525198222	0.22153839125246638	0.0
2.270755782514875	0.2216949789087462	0.0
2.2722566125099277	0.22185461182721092	0.0
2.2737574425049805	0.2220171981570049	0.0
2.2752582725000337	0.2221823180633049	0.0
2.2767591024950864	0.22235107122380818	0.0
2.278259932490139	0.22252285910351535	0.0
2.279760762485192	0.22269767892915796	0.0
2.2812615924802446	0.2228755278731844	0.0
2.2827624224752974	0.2230564030538245	0.0
2.28426325247035	0.2232403015351459	0.0
2.285764082465403	0.2234272203271115	0.0
2.2872649124604556	0.22361706900261416	0.0
2.288765742455509	0.22380942968157222	0.0
2.2902665724505615	0.2240053909320178	0.0
2.2917674024456143	0.22420435999924776	0.0
2.293268232440667	0.2244063336236369	0.0
2.2947690624357198	0.2246113084918282	0.0
2.2962698924307725	0.2248192812367999	0.0
2.2977707224258253	0.22503024843793107	0.0
2.299271552420878	0.22524420662107156	0.0
2.3007723824159307	0.2254610671491679	0.0
2.302273212410984	0.22568041446801487	0.0
2.3037740424060367	0.22590332422478498	0.0
2.3052748724010894	0.2261292105390402	0.0
2.306775702396142	0.22635806967001312	0.0
2.308276532391195	0.22658989782382374	0.0
2.3097773623862476	0.22682469115355094	0.0
2.3112781923813004	0.22706244575931084	0.0
2.312779022376353	0.22730315768833292	0.0
2.314279852371406	0.22754674045617923	0.0
2.315780682366459	0.22779278120253565	0.0
2.317281512361512	0.22804234086359182	0.0
2.3187823423565646	0.2282948415153513	0.0
2.3202831723516173	0.22855027894174104	0.0
2.32178400234667	0.22880864887426366	0.0
2.323284832341723	0.229069946992079	0.0
2.3247856623367755	0.2293341689220853	0.0
2.3262864923318283	0.22960131023900612	0.0
2.327787322326881	0.22987128696947082	0.0
2.329288152321934	0.2301436893114611	0.0
2.330788982316987	0.23041956172345898	0.0
2.3322898123120397	0.23069833530696277	0.0
2.3337906423070924	0.23098000537708255	0.0
2.335291472302145	0.23126456719726615	0.0
2.336792302297198	0.2315520159793856	0.0
2.3382931322922507	0.23184234688382935	0.0
2.3397939622873034	0.23213555501959665	0.0
2.341294792282356	0.23243155927828235	0.0
2.342795622277409	0.23272995327645044	0.0
2.344296452272462	0.2330312107658161	0.0
2.345797282267515	0.2333358779093453	0.0
2.3472981122625676	0.2336433970722617	0.0
2.3487989422576203	0.23395376305719603	0.0
2.350299772252673	0.23426697061605417	0.0
2.351800602247726	0.23458301445011656	0.0
2.3533014322427785	0.2349018892101415	0.0
2.3548022622378313	0.2352235894964652	0.0
2.356303092232884	0.23554803779290492	0.0
2.357803922227937	0.23587483193067119	0.0
2.35930475222299	0.2362049759013717	0.0
2.3608055822180427	0.23653792330306694	0.0
2.3623064122130955	0.2368736684855322	0.0
2.363807242208148	0.2372122057487451	0.0
2.365308072203201	0.2375535293430025	0.0
2.3668089021982537	0.2378976334690285	0.0
2.3683097321933064	0.2382445122780779	0.0
2.369810562188359	0.23859409184886674	0.0
2.3713113921834124	0.23894597417612648	0.0
2.372812222178465	0.23930114145481168	0.0
2.374313052173518	0.23965905953452354	0.0
2.3758138821685706	0.2400197223208912	0.0
2.3773147121636233	0.24038312367076142	0.0
2.378815542158676	0.24074925739232192	0.0
2.380316372153729	0.24111811724522422	0.0
2.3818172021487816	0.24148969694069713	0.0
2.3833180321438343	0.24186392648872715	0.0
2.3848188621388875	0.24224041239198163	0.0
2.3863196921339402	0.24262011340590683	0.0
2.387820522128993	0.24300250863074382	0.0
2.3893213521240457	0.24338759153745027	0.0
2.3908221821190985	0.24377535554930876	0.0
2.392323012114151	0.24416579404205344	0.0
2.393823842109204	0.2445589003439976	0.0
2.3953246721042567	0.24495466773616567	0.0
2.3968255020993094	0.24535303048929247	0.0
2.3983263320943626	0.24575359995234516	0.0
2.3998271620894154	0.24615730983595302	0.0
2.401327992084468	0.2465636534686424	0.0
2.402828822079521	0.2469726238969713	0.0
2.4043296520745736	0.2473842141210104	0.0
2.4058304820696264	0.24779841709448192	0.0
2.407331312064679	0.24821522572489788	0.0
2.408832142059732	0.2486346328737011	0.0
2.4103329720547846	0.24905657739423684	0.0
2.4118338020498378	0.249480675813597	0.0
2.4133346320448905	0.24990783523296178	0.0
2.4148354620399433	0.2503375641634579	0.0
2.416336292034996	0.25076985523830936	0.0
2.4178371220300487	0.2512047010455331	0.0
2.4193379520251015	0.25164209412809135	0.0
2.4208387820201542	0.2520820269840355	0.0
2.422339612015207	0.25252449206665	0.0
2.4238404420102597	0.25296943312540277	0.0
2.425341272005313	0.25341647219034596	0.0
2.4268421020003657	0.25386648823240754	0.0
2.4283429319954184	0.2543190058743495	0.0
2.429843761990471	0.25477401734793914	0.0
2.431344591985524	0.2552315148411035	0.0
2.4328454219805766	0.2556914904980884	0.0
2.4343462519756294	0.2561539364196165	0.0
2.435847081970682	0.2566188446630437	0.0
2.437347911965735	0.257086164178393	0.0
2.438848741960788	0.2575555228160826	0.0
2.440349571955841	0.2580277699429773	0.0
2.4418504019508935	0.2585024471952533	0.0
2.4433512319459463	0.25897954641589055	0.0
2.444852061940999	0.25945905940548486	0.0
2.4463528919360518	0.25994097792241383	0.0
2.4478537219311045	0.26042529368301043	0.0
2.4493545519261573	0.2609119983617311	0.0
2.45085538192121	0.26140104640371026	0.0
2.452356211916263	0.2618920717892363	0.0
2.453857041911316	0.2623858928574269	0.0
2.4553578719063687	0.26288206913044937	0.0
2.4568587019014214	0.2633805920759498	0.0
2.458359531896474	0.2638814531207354	0.0
2.459860361891527	0.2643846436509546	0.0
2.4613611918865796	0.2648901550122712	0.0
2.4628620218816324	0.26539797851004276	0.0
2.464362851876685	0.265908074368431	0.0
2.4658636818717383	0.2664200829987728	0.0
2.467364511866791	0.2669347903419633	0.0
2.468865341861844	0.26745177464757924	0.0
2.4703661718568966	0.26797102702215947	0.0
2.4718670018519493	0.2684925385330328	0.0
2.473367831847002	0.26901630020850137	0.0
2.474868661842055	0.2695423030380238	0.0
2.4763694918371075	0.27007053797240255	0.0
2.4778703218321603	0.2706009712873527	0.0
2.479371151827213	0.27113325011768896	0.0
2.480871981822266	0.271667735935263	0.0
2.482372811817319	0.27220480804195807	0.0
2.4838736418123717	0.2727440664416562	0.0
2.4853744718074244	0.2732855018572346	0.0
2.486875301802477	0.27382910497425633	0.0
2.48837613179753	0.2743748664411625	0.0
2.4898769617925827	0.27492277686947175	0.0
2.4913777917876354	0.27547282683398655	0.0
2.492878621782688	0.276024989639236	0.0
2.4943794517777413	0.27657892022180436	0.0
2.495880281772794	0.2771353318830472	0.0
2.497381111767847	0.2776938450198564	0.0
2.4988819417628996	0.2782544500263766	0.0
2.5003827717579523	0.27881713726122664	0.0
2.501883601753005	0.2793818970476974	0.0
2.503384431748058	0.27994871967395324	0.0
2.5048852617431105	0.28051759539324356	0.0
2.5063860917381633	0.281088504096337	0.0
2.5078869217332165	0.28166110802995703	0.0
2.5093877517282692	0.28223608420511703	0.0
2.510888581723322	0.28281307414449713	0.0
2.5123894117183747	0.28339206792985583	0.0
2.5138902417134275	0.2839730556092785	0.0
2.51539107170848	0.2845560271973856	0.0
2.516891901703533	0.2851409726755421	0.0
2.5183927316985857	0.2857278819920689	0.0
2.5198935616936384	0.28631674185658157	0.0
2.5213943916886916	0.2869072220884175	0.0
2.5228952216837444	0.2874999622857503	0.0
2.524396051678797	0.2880946257915332	0.0
2.52589688167385	0.2886912023920692	0.0
2.5273977116689026	0.2892896818419013	0.0
2.5288985416639553	0.28989005386402183	0.0
2.530399371659008	0.29049230815009425	0.0
2.531900201654061	0.29109643436067933	0.0
2.5334010316491136	0.29170242624276804	0.0
2.5349018616441668	0.29230996144035076	0.0
2.5364026916392195	0.29291964108264146	0.0
2.5379035216342722	0.29353115098763	0.0
2.539404351629325	0.29414448066359644	0.0
2.5409051816243777	0.2947596195890253	0.0
2.5424060116194305	0.2953765572128305	0.0
2.543906841614483	0.2959952829545796	0.0
2.545407671609536	0.2966157862047097	0.0
2.5469085016045887	0.29723806795151675	0.0
2.548409331599642	0.29786181390487265	0.0
2.5499101615946946	0.29848758573712303	0.0
2.5514109915897474	0.2991150923550957	0.0
2.5529118215848	0.29974432300693066	0.0
2.554412651579853	0.300375266912992	0.0
2.5559134815749056	0.3010079132660858	0.0
2.5574143115699584	0.30164225123168614	0.0
2.558915141565011	0.3022782699481637	0.0
2.560415971560064	0.30291597783407354	0.0
2.561916801555117	0.30355506889520917	0.0
2.5634176315501698	0.30419606442886643	0.0
2.5649184615452225	0.3048386970025233	0.0
2.5664192915402753	0.30548295562243977	0.0
2.567920121535328	0.30612882926914187	0.0
2.5694209515303807	0.3067763068976503	0.0
2.5709217815254335	0.3074253774377124	0.0
2.5724226115204862	0.3080760297940278	0.0
2.573923441515539	0.308728279989032	0.0
2.575424271510592	0.3093818305429467	0.0
2.576925101505645	0.31003716153080857	0.0
2.5784259315006977	0.31069402970971255	0.0
2.5799267614957504	0.3113524238625896	0.0
2.581427591490803	0.31201233274871304	0.0
2.582928421485856	0.31267374510392504	0.0
2.5844292514809086	0.3133366496408712	0.0
2.5859300814759614	0.31400103504923527	0.0
2.587430911471014	0.31466692511339106	0.0
2.5889317414660673	0.31533403107464725	0.0
2.59043257146112	0.3160027910104649	0.0
2.591933401456173	0.31667298635302077	0.0
2.5934342314512255	0.3173446056806802	0.0
2.5949350614462783	0.3180176375502449	0.0
2.596435891441331	0.31869207049718684	0.0
2.5979367214363838	0.3193678930358842	0.0
2.5994375514314365	0.3200450936598549	0.0
2.6009383814264893	0.32072370405777506	0.0
2.6024392114215424	0.3214034443865396	0.0
2.603940041416595	0.3220847100231646	0.0
2.605440871411648	0.3227673075164347	0.0
2.6069417014067007	0.32345122525907044	0.0
2.6084425314017534	0.3241364516243352	0.0
2.609943361396806	0.32482297496627055	0.0
2.611444191391859	0.3255107836199381	0.0
2.6129450213869116	0.3261998659016468	0.0
2.6144458513819644	0.32689021010918085	0.0
2.615946681377017	0.32758185686157865	0.0
2.6174475113720703	0.3282745364349469	0.0
2.618948341367123	0.32896859602547124	0.0
2.620449171362176	0.32966387055341007	0.0
2.6219500013572286	0.3303603482274807	0.0
2.6234508313522813	0.33105801723929235	0.0
2.624951661347334	0.3317568657635834	0.0
2.626452491342387	0.33245688195845574	0.0
2.6279533213374395	0.3331580539656048	0.0
2.6294541513324923	0.33386043055722775	0.0
2.6309549813275455	0.334563751294469	0.0
2.632455811322598	0.3352683194281313	0.0
2.633956641317651	0.3359739957820818	0.0
2.6354574713127037	0.3366807684194983	0.0
2.6369583013077564	0.33738862538856174	0.0
2.638459131302809	0.33809755472268366	0.0
2.639959961297862	0.33880754444074024	0.0
2.6414607912929147	0.3395185825473082	0.0
2.6429616212879674	0.3402307260613165	0.0
2.6444624512830206	0.3409437239839272	0.0
2.6459632812780733	0.3416578351436651	0.0
2.647464111273126	0.3423729465721749	0.0
2.648964941268179	0.34308904620602976	0.0
2.6504657712632316	0.343806121968912	0.0
2.6519666012582843	0.34452416177182477	0.0
2.653467431253337	0.34524315351332174	0.0
2.65496826124839	0.34596308507975837	0.0
2.6564690912434425	0.3466840218150024	0.0
2.6579699212384957	0.34740572230204947	0.0
2.6594707512335485	0.3481284005421209	0.0
2.6609715812286012	0.3488519700350934	0.0
2.662472411223654	0.3495764186097584	0.0
2.6639732412187067	0.3503017340840821	0.0
2.6654740712137595	0.3510279042654398	0.0
2.666974901208812	0.3517549169508545	0.0
2.668475731203865	0.35248275992722267	0.0
2.6699765611989177	0.35321150692644515	0.0
2.671477391193971	0.35394092624183887	0.0
2.6729782211890236	0.3546711867134029	0.0
2.6744790511840764	0.35540222852639647	0.0
2.675979881179129	0.3561340394204915	0.0
2.677480711174182	0.35686660712660573	0.0
2.6789815411692346	0.3575999193671196	0.0
2.6804823711642873	0.35833396385610694	0.0
2.68198320115934	0.35906872829956715	0.0
2.683484031154393	0.35980429486576504	0.0
2.684984861149446	0.36054044167333005	0.0
2.6864856911444988	0.36127729213729864	0.0
2.6879865211395515	0.36201481330282737	0.0
2.6894873511346042	0.36275299283892765	0.0
2.690988181129657	0.3634918184078841	0.0
2.6924890111247097	0.3642312776654847	0.0
2.6939898411197625	0.3649713582612439	0.0
2.695490671114815	0.36571204783863065	0.0
2.696991501109868	0.366453437036205	0.0
2.698492331104921	0.3671953138992954	0.0
2.699993161099974	0.36793775622334757	0.0
2.7014939910950266	0.36868075804590167	0.0
2.7029948210900794	0.3694243069835332	0.0
2.704495651085132	0.3701683906481085	0.0
2.705996481080185	0.37091299664700544	0.0
2.7074973110752376	0.37165811258333364	0.0
2.7089981410702904	0.3724037260561497	0.0
2.710498971065343	0.37314993619421927	0.0
2.7119998010603963	0.37389654105723863	0.0
2.713500631055449	0.37464357269438453	0.0
2.7150014610505018	0.37539105222686947	0.0
2.7165022910455545	0.3761389672368153	0.0
2.7180031210406073	0.3768873053036128	0.0
2.71950395103566	0.3776360540041395	0.0
2.7210047810307127	0.37838520091297645	0.0
2.7225056110257655	0.3791347336026316	0.0
2.7240064410208182	0.37988475969842805	0.0
2.7255072710158714	0.3806350873483249	0.0
2.727008101010924	0.3813857027952822	0.0
2.728508931005977	0.3821366542950394	0.0
2.7300097610010297	0.3828879294129768	0.0
2.7315105909960824	0.3836395157136884	0.0
2.733011420991135	0.38439140076120626	0.0
2.734512250986188	0.38514357211922334	0.0
2.7360130809812406	0.3858960173512891	0.0
2.7375139109762934	0.3866488525724453	0.0
2.7390147409713466	0.38740189607898967	0.0
2.7405155709663993	0.3881550883132313	0.0
2.742016400961452	0.3889085046766902	0.0
2.743517230956505	0.38966213273543815	0.0
2.7450180609515575	0.39041596005669216	0.0
2.7465188909466103	0.3911699742090261	0.0
2.748019720941663	0.39192416276258	0.0
2.7495205509367158	0.3926785132892707	0.0
2.7510213809317685	0.39343301336300235	0.0
2.7525222109268213	0.394187788508382	0.0
2.7540230409218744	0.39494266835123276	0.0
2.755523870916927	0.39569754252896583	0.0
2.75702470091198	0.39645251657111225	0.0
2.7585255309070327	0.3972075780646565	0.0
2.7600263609020854	0.39796271459982824	0.0
2.761527190897138	0.39871791377031046	0.0
2.763028020892191	0.39947316317344456	0.0
2.7645288508872436	0.40022845041043714	0.0
2.7660296808822964	0.4009839094398839	0.0
2.7675305108773496	0.40173938011736365	0.0
2.7690313408724023	0.40249470650100827	0.0
2.770532170867455	0.40325002116352804	0.0
2.772033000862508	0.40400531172857	0.0
2.7735338308575606	0.40476056582488135	0.0
2.7750346608526133	0.4055157710865247	0.0
2.776535490847666	0.40627091515308145	0.0
2.778036320842719	0.40702598566984716	0.0
2.7795371508377715	0.4077811249842283	0.0
2.7810379808328247	0.4085361831986554	0.0
2.7825388108278775	0.409290958993769	0.0
2.78403964082293	0.4100456118786284	0.0
2.785540470817983	0.41080012953019135	0.0
2.7870413008130357	0.41155449963236473	0.0
2.7885421308080884	0.41230870987619916	0.0
2.790042960803141	0.4130627479600889	0.0
2.791543790798194	0.4138166015899802	0.0
2.7930446207932467	0.414570421445315	0.0
2.7945454507883	0.4153240678787375	0.0
2.7960462807833526	0.4160772944560843	0.0
2.7975471107784053	0.416830287479468	0.0
2.799047940773458	0.4175830346956058	0.0
2.800548770768511	0.4183355238599726	0.0
2.8020496007635636	0.4190877427369932	0.0
2.8035504307586163	0.4198396791002498	0.0
2.805051260753669	0.4205913207326879	0.0
2.806552090748722	0.4213428265776707	0.0
2.808052920743775	0.42209406722778064	0.0
2.8095537507388277	0.42284475145683775	0.0
2.8110545807338805	0.4235950921808107	0.0
2.8125554107289332	0.42434507723241083	0.0
2.814056240723986	0.42509469445490367	0.0
2.8155570707190387	0.42584393170230284	0.0
2.8170579007140915	0.42659277683957014	0.0
2.818558730709144	0.42734121774281386	0.0
2.820059560704197	0.42808942154010887	0.0
2.82156039069925	0.42883726904014846	0.0
2.823061220694303	0.4295844246068395	0.0
2.8245620506893556	0.4303311275554286	0.0
2.8260628806844084	0.43107736582071227	0.0
2.827563710679461	0.4318231273498139	0.0
2.829064540674514	0.4325684001023736	0.0
2.8305653706695666	0.43331317205075165	0.0
2.8320662006646193	0.43405743118022594	0.0
2.833567030659672	0.43480135271344816	0.0
2.8350678606547253	0.4355448276379766	0.0
2.836568690649778	0.43628747634868936	0.0
2.8380695206448308	0.4370295643105455	0.0
2.8395703506398835	0.4377710795763472	0.0
2.8410711806349362	0.4385120102129885	0.0
2.842572010629989	0.439252344301655	0.0
2.8440728406250417	0.43999206993801915	0.0
2.8455736706200945	0.4407311752324319	0.0
2.847074500615147	0.4414698434011606	0.0
2.8485753306102004	0.44220797556006025	0.0
2.850076160605253	0.44294514863413337	0.0
2.851576990600306	0.4436816539538052	0.0
2.8530778205953586	0.4444174797057277	0.0
2.8545786505904114	0.4451526140924007	0.0
2.856079480585464	0.4458870453323555	0.0
2.857580310580517	0.44662076166035086	0.0
2.8590811405755696	0.44735375132757715	0.0
2.8605819705706224	0.44808620543220673	0.0
2.8620828005656755	0.44881803515469304	0.0
2.8635836305607283	0.4495487745073075	0.0
2.865084460555781	0.4502787403672629	0.0
2.8665852905508338	0.45100792107078674	0.0
2.8680861205458865	0.4517363049716914	0.0
2.8695869505409393	0.4524638804415702	0.0
2.871087780535992	0.4531906358699878	0.0
2.8725886105310448	0.4539165596646756	0.0
2.8740894405260975	0.4546418506832257	0.0
2.8755902705211502	0.45536643009401473	0.0
2.8770911005162034	0.4560901459574525	0.0
2.878591930511256	0.45681262764937347	0.0
2.880092760506309	0.45753422001720023	0.0
2.8815935905013617	0.45825491158171605	0.0
2.8830944204964144	0.45897469088321463	0.0
2.884595250491467	0.45969354648170063	0.0
2.88609608048652	0.4604114669570824	0.0
2.8875969104815726	0.46112844090936156	0.0
2.8890977404766254	0.46184467566092624	0.0
2.8905985704716786	0.46256010337279296	0.0
2.8920994004667313	0.4632741695522337	0.0
2.893600230461784	0.46398724380796136	0.0
2.895101060456837	0.46469931484332144	0.0
2.8966018904518895	0.4654103713829056	0.0
2.8981027204469423	0.46612040217274997	0.0
2.899603550441995	0.46682939598051504	0.0
2.9011043804370478	0.46753734159567906	0.0
2.9026052104321005	0.4682444538059031	0.0
2.9041060404271537	0.4689506745564449	0.0
2.9056068704222064	0.469655408544069	0.0
2.907107700417259	0.47035904971337	0.0
2.908608530412312	0.47106158696580364	0.0
2.9101093604073647	0.47176300922579595	0.0
2.9116101904024174	0.4724633054409349	0.0
2.91311102039747	0.4731624645821598	0.0
2.914611850392523	0.47386047564395084	0.0
2.9161126803875757	0.47455756072281935	0.0
2.917613510382629	0.4752536714323959	0.0
2.9191143403776816	0.47594817245299664	0.0
2.9206151703727343	0.4766414816053699	0.0
2.922116000367787	0.4773335880045714	0.0
2.92361683036284	0.478024480790341	0.0
2.9251176603578926	0.47871414912729326	0.0
2.9266184903529453	0.4794025822051143	0.0
2.928119320347998	0.4800897692387496	0.0
2.929620150343051	0.48077593946597774	0.0
2.931120980338104	0.4814610540407699	0.0
2.9326218103331567	0.48214443847855154	0.0
2.9341226403282095	0.4828265339820733	0.0
2.935623470323262	0.4835073298954166	0.0
2.937124300318315	0.48418681558905613	0.0
2.9386251303133677	0.48486498046005383	0.0
2.9401259603084204	0.48554181393225626	0.0
2.941626790303473	0.4862173054564754	0.0
2.943127620298526	0.48689169123283316	0.0
2.944628450293579	0.48756494181565385	0.0
2.946129280288632	0.4882363444645	0.0
2.9476301102836846	0.4889063632355051	0.0
2.9491309402787373	0.489574987717128	0.0
2.95063177027379	0.4902422075259416	0.0
2.952132600268843	0.49090801230679315	0.0
2.9536334302638956	0.4915723917329796	0.0
2.9551342602589483	0.49223533550646814	0.0
2.956635090254001	0.49289708659935105	0.0
2.9581359202490543	0.493557624814626	0.0
2.959636750244107	0.49421620012231493	0.0
2.9611375802391597	0.4948732988688415	0.0
2.9626384102342125	0.49552891090229206	0.0
2.9641392402292652	0.49618302610053394	0.0
2.965640070224318	0.4968356343714087	0.0
2.9671409002193707	0.49748672565292107	0.0
2.9686417302144235	0.4981362899134168	0.0
2.970142560209476	0.4987845766949218	0.0
2.9716433902045294	0.4994315748859246	0.0
2.973144220199582	0.5000764981902736	0.0
2.974645050194635	0.5007198546470942	0.0
2.9761458801896876	0.5013616343792235	0.0
2.9776467101847404	0.5020018275409501	0.0
2.979147540179793	0.5026404243182001	0.0
2.980648370174846	0.5032774149287149	0.0
2.9821492001698986	0.5039127896222347	0.0
2.9836500301649513	0.5045468042969986	0.0
2.9851508601600045	0.5051794567526167	0.0
2.9866516901550573	0.5058099255067968	0.0
2.98815252015011	0.5064387396594361	0.0
2.9896533501451628	0.5070658896230431	0.0
2.9911541801402155	0.5076913658432302	0.0
2.9926550101352682	0.5083151587988882	0.0
2.994155840130321	0.5089372590023689	0.0
2.9956566701253737	0.5095576569996696	0.0
2.9971575001204265	0.5101766148197147	0.0
2.9986583301154797	0.5107941389878967	0.0
3.0001591601105324	0.5114097596519656	0.0
