0.0	1.0	0.0
0.0015008299950527925	1.0	0.0
0.003001659990105585	0.9999954951867875	0.0
0.004502489985158378	0.9999864856047583	0.0
0.00600331998021117	0.9999729714192541	0.0
0.007504149975263962	0.9999549529034152	0.0
0.009004979970316756	0.9999324304133443	0.0
0.010505809965369548	0.9999054043885884	0.0
0.01200663996042234	0.9998738753521001	0.0
0.013507469955475132	0.9998378439101016	0.0
0.015008299950527925	0.9997973107528495	0.0
0.01650912994558072	0.9997522766559551	0.0
0.01800995994063351	0.9997027424808665	0.0
0.019510789935686303	0.9996487091754157	0.0
0.021011619930739096	0.9995901777752798	0.0
0.022512449925791888	0.9995271494052526	0.0
0.02401327992084468	0.9994596252812051	0.0
0.025514109915897473	0.9993876067145702	0.0
0.027014939910950265	0.9993110951183138	0.0
0.028515769906003057	0.999230092011624	0.0
0.03001659990105585	0.999144599019954	0.0
0.031517429896108645	0.9990546178688423	0.0
0.03301825989116144	0.9989601503765628	0.0
0.03451908988621423	0.9988611984508738	0.0
0.03601991988126702	0.9987577640885451	0.0
0.037520749876319814	0.998649849375272	0.0
0.03902157987137261	0.9985374564855788	0.0
0.0405224098664254	0.9984205876827721	0.0
0.04202323986147819	0.9982992453188543	0.0
0.043524069856530984	0.9981734318343815	0.0
0.045024899851583776	0.9980431497583934	0.0
0.04652572984663657	0.9979084017083267	0.0
0.04802655984168936	0.9977691903898538	0.0
0.04952738983674215	0.9976255185967754	0.0
0.051028219831794945	0.9974773892109737	0.0
0.05252904982684774	0.9973248052022982	0.0
0.05402987982190053	0.9971677696284404	0.0
0.05553070981695332	0.997006285634797	0.0
0.057031539812006114	0.9968403564543221	0.0
0.05853236980705891	0.9966699854074559	0.0
0.0600331998021117	0.996495175902029	0.0
0.06153402979716449	0.9963159314331358	0.0
0.06303485979221729	0.9961322555829584	0.0
0.06453568978727008	0.9959441520206043	0.0
0.06603651978232288	0.9957516245020661	0.0
0.06753734977737566	0.9955546768700964	0.0
0.06903817977242846	0.9953533130540011	0.0
0.07053900976748124	0.9951475370694879	0.0
0.07203983976253404	0.9949373530185432	0.0
0.07354066975758683	0.9947227650893136	0.0
0.07504149975263963	0.9945037775559519	0.0
0.07654232974769241	0.9942803947784616	0.0
0.07804315974274521	0.9940526212025459	0.0
0.079543989737798	0.9938204613594411	0.0
0.0810448197328508	0.9935839198657547	0.0
0.08254564972790358	0.9933430014233162	0.0
0.08404647972295638	0.9930977108190135	0.0
0.08554730971800917	0.9928480529246064	0.0
0.08704813971306197	0.9925947598284188	0.0
0.08854896970811475	0.9923363823012169	0.0
0.09004979970316755	0.9920743780412893	0.0
0.09155062969822034	0.9918073013696037	0.0
0.09305145969327314	0.991536606714908	0.0
0.09455228968832592	0.9912608520599594	0.0
0.09605311968337872	0.9909814884511787	0.0
0.09755394967843152	0.9906970776441403	0.0
0.0990547796734843	0.9904083471578423	0.0
0.1005556096685371	0.9901153027031615	0.0
0.10205643966358989	0.9898179500738844	0.0
0.10355726965864269	0.9895162951465055	0.0
0.10505809965369547	0.9892103438799755	0.0
0.10655892964874827	0.9889001023154971	0.0
0.10805975964380106	0.9885855765763816	0.0
0.10956058963885386	0.9882667728678312	0.0
0.11106141963390664	0.9879436974767013	0.0
0.11256224962895944	0.987616356771291	0.0
0.11406307962401223	0.9872847572011404	0.0
0.11556390961906503	0.9869489052968197	0.0
0.11706473961411781	0.9866088076697156	0.0
0.11856556960917061	0.9862644710118272	0.0
0.1200663996042234	0.9859159020955154	0.0
0.1215672295992762	0.9855631077732485	0.0
0.12306805959432898	0.9852060949774073	0.0
0.12456888958938178	0.9848448707200829	0.0
0.12606971958443458	0.9844794420928434	0.0
0.12757054957948735	0.9841098162664756	0.0
0.12907137957454015	0.9837366989254474	0.0
0.13057220956959295	0.9833587005225242	0.0
0.13207303956464575	0.9829765268994788	0.0
0.13357386955969852	0.9825901855416315	0.0
0.13507469955475132	0.9822003774885872	0.0
0.13657552954980412	0.9818057234227581	0.0
0.13807635954485692	0.9814069245390598	0.0
0.1395771895399097	0.9810039886334466	0.0
0.1410780195349625	0.980597611889192	0.0
0.1425788495300153	0.980186425629424	0.0
0.1440796795250681	0.979771126190787	0.0
0.1455805095201209	0.9793517216759433	0.0
0.14708133951517366	0.9789282202635534	0.0
0.14858216951022646	0.9785006302080507	0.0
0.15008299950527926	0.9780689598394013	0.0
0.15158382950033206	0.9776332175628353	0.0
0.15308465949538483	0.9771934118585656	0.0
0.15458548949043763	0.9767495512815236	0.0
0.15608631948549043	0.9763016444610938	0.0
0.15758714948054323	0.9758497001008403	0.0
0.159087979475596	0.975393726978261	0.0
0.1605888094706488	0.9749337339445162	0.0
0.1620896394657016	0.9744697299241303	0.0
0.1635904694607544	0.974001723914718	0.0
0.16509129945580717	0.9735297249867156	0.0
0.16659212945085997	0.9730537422831151	0.0
0.16809295944591277	0.9725737850191969	0.0
0.16959378944096556	0.9720898624822369	0.0
0.17109461943601834	0.9716019840312248	0.0
0.17259544943107114	0.9711108169845342	0.0
0.17409627942612393	0.9706150550618878	0.0
0.17559710942117673	0.9701153657236455	0.0
0.1770979394162295	0.9696117586128119	0.0
0.1785987694112823	0.9691048949304879	0.0
0.1800995994063351	0.9685934814785097	0.0
0.1816004294013879	0.9680781795976999	0.0
0.18310125939644067	0.967558999210483	0.0
0.18460208939149347	0.9670365952092845	0.0
0.18610291938654627	0.9665096878469606	0.0
0.18760374938159907	0.9659789321533433	0.0
0.18910457937665184	0.9654443383256535	0.0
0.19060540937170464	0.9649065547593457	0.0
0.19210623936675744	0.9643643155209671	0.0
0.19360706936181024	0.9638182691409697	0.0
0.19510789935686304	0.9632684260866041	0.0
0.1966087293519158	0.9627147968918993	0.0
0.1981095593469686	0.9621573921573562	0.0
0.1996103893420214	0.9615962225496268	0.0
0.2011112193370742	0.9610312988012395	0.0
0.20261204933212698	0.960462631710309	0.0
0.20411287932717978	0.9598902321401679	0.0
0.20561370932223258	0.959314111019078	0.0
0.20711453931728538	0.9587342793399788	0.0
0.20861536931233815	0.9581507481601639	0.0
0.21011619930739095	0.9575635286009561	0.0
0.21161702930244375	0.9569726318474014	0.0
0.21311785929749655	0.9563780691479864	0.0
0.21461868929254932	0.9557798518143124	0.0
0.21611951928760212	0.9551779912207533	0.0
0.21762034928265492	0.9545724988041825	0.0
0.21912117927770772	0.9539633860636635	0.0
0.2206220092727605	0.9533506645601344	0.0
0.2221228392678133	0.9527343459161108	0.0
0.2236236692628661	0.9521144418153479	0.0
0.2251244992579189	0.9514909640025243	0.0
0.22662532925297166	0.9508639242829482	0.0
0.22812615924802446	0.9502333345222567	0.0
0.22962698924307726	0.9495992066460959	0.0
0.23112781923813006	0.9489615526397701	0.0
0.23262864923318283	0.9483203845479325	0.0
0.23412947922823563	0.9476757144743001	0.0
0.23563030922328843	0.9470275545813351	0.0
0.23713113921834122	0.9463759170899211	0.0
0.238631969213394	0.9457208142790393	0.0
0.2401327992084468	0.9450622584854649	0.0
0.2416336292034996	0.9444002621034567	0.0
0.2431344591985524	0.9437348375844322	0.0
0.2446352891936052	0.9430659974366614	0.0
0.24613611918865796	0.9423937542249348	0.0
0.24763694918371076	0.9417181205702257	0.0
0.24913777917876356	0.9410391091493939	0.0
0.25063860917381636	0.940356732694881	0.0
0.25213943916886916	0.9396710039943726	0.0
0.25364026916392196	0.9389819358904641	0.0
0.2551410991589747	0.9382895412803676	0.0
0.2566419291540275	0.9375943855617545	0.0
0.2581427591490803	0.9368953768428222	0.0
0.2596435891441331	0.9361930806288301	0.0
0.2611444191391859	0.9354875100322108	0.0
0.2626452491342387	0.9347786782184028	0.0
0.2641460791292915	0.9340665984055421	0.0
0.2656469091243443	0.9333512838641336	0.0
0.26714773911939704	0.9326327479167061	0.0
0.26864856911444984	0.9319115388016607	0.0
0.27014939910950264	0.9311866002114864	0.0
0.27165022910455544	0.9304584804870701	0.0
0.27315105909960824	0.9297271931558879	0.0
0.27465188909466104	0.928992751795855	0.0
0.27615271908971384	0.9282551700350008	0.0
0.27765354908476664	0.9275144615511347	0.0
0.2791543790798194	0.9267706400715245	0.0
0.2806552090748722	0.9260242361061678	0.0
0.282156039069925	0.9252742300085621	0.0
0.2836568690649778	0.9245211523860261	0.0
0.2851576990600306	0.9237650171604844	0.0
0.2866585290550834	0.9230058383017243	0.0
0.2881593590501362	0.9222436298270728	0.0
0.289660189045189	0.9214784058010689	0.0
0.2911610190402418	0.9207101803351607	0.0
0.2926618490352945	0.91993896758738	0.0
0.2941626790303473	0.9191652774769229	0.0
0.2956635090254001	0.9183881328196482	0.0
0.2971643390204529	0.9176080436262919	0.0
0.2986651690155057	0.9168250242379405	0.0
0.3001659990105585	0.9160390890406468	0.0
0.3016668290056113	0.9152502524651059	0.0
0.3031676590006641	0.9144585289863292	0.0
0.30466848899571686	0.9136639331233206	0.0
0.30616931899076966	0.9128669559484246	0.0
0.30767014898582246	0.9120666590440789	0.0
0.30917097898087526	0.9112635335690079	0.0
0.31067180897592805	0.9104575942150064	0.0
0.31217263897098085	0.9096488557162704	0.0
0.31367346896603365	0.9088373328490598	0.0
0.31517429896108645	0.908023040431382	0.0
0.3166751289561392	0.9072059933226682	0.0
0.318175958951192	0.9063866632650073	0.0
0.3196767889462448	0.9055641515125351	0.0
0.3211776189412976	0.9047389298886045	0.0
0.3226784489363504	0.9039110134151533	0.0
0.3241792789314032	0.903080417153954	0.0
0.325680108926456	0.9022471562062958	0.0
0.3271809389215088	0.9014112457126493	0.0
0.32868176891656153	0.9005727008523394	0.0
0.33018259891161433	0.8997319735812347	0.0
0.33168342890666713	0.8988882056755193	0.0
0.33318425890171993	0.8980418491672139	0.0
0.33468508889677273	0.8971929193879248	0.0
0.33618591889182553	0.896341431706515	0.0
0.33768674888687833	0.8954874015287972	0.0
0.33918757888193113	0.8946308442972288	0.0
0.34068840887698393	0.8937717754905764	0.0
0.34218923887203667	0.8929102106235839	0.0
0.34369006886708947	0.8920465788816203	0.0
0.34519089886214227	0.8911800685768075	0.0
0.34669172885719507	0.8903111089649081	0.0
0.34819255885224787	0.8894397157014502	0.0
0.34969338884730067	0.8885659044763459	0.0
0.35119421884235347	0.8876896910135773	0.0
0.35269504883740627	0.886811091070895	0.0
0.354195878832459	0.8859301204395001	0.0
0.3556967088275118	0.8850471876404701	0.0
0.3571975388225646	0.88416152313388	0.0
0.3586983688176174	0.883273535506086	0.0
0.3601991988126702	0.8823832406788715	0.0
0.361700028807723	0.8814906546058815	0.0
0.3632008588027758	0.8805957932722842	0.0
0.3647016887978286	0.8796986726944582	0.0
0.36620251879288135	0.8787993089196819	0.0
0.36770334878793415	0.8778980894340906	0.0
0.36920417878298695	0.8769942875259161	0.0
0.37070500877803975	0.8760882907415148	0.0
0.37220583877309255	0.8751801152485762	0.0
0.37370666876814534	0.8742697772441076	0.0
0.37520749876319814	0.8733572929541203	0.0
0.37670832875825094	0.8724426786333065	0.0
0.3782091587533037	0.871525950564715	0.0
0.3797099887483565	0.870607474856084	0.0
0.3812108187434093	0.8696865682498015	0.0
0.3827116487384621	0.8687635969087539	0.0
0.3842124787335149	0.8678385772262671	0.0
0.3857133087285677	0.8669115256224431	0.0
0.3872141387236205	0.8659824585438523	0.0
0.3887149687186733	0.8650513924632034	0.0
0.3902157987137261	0.8641183438790339	0.0
0.3917166287087788	0.8631833293153798	0.0
0.3932174587038316	0.8622463653214657	0.0
0.3947182886988844	0.861307468471421	0.0
0.3962191186939372	0.86036665536393	0.0
0.39771994868899	0.8594239426219067	0.0
0.3992207786840428	0.8584793468922164	0.0
0.4007216086790956	0.8575328848453405	0.0
0.4022224386741484	0.8565845731750377	0.0
0.40372326866920116	0.855634428598055	0.0
0.40522409866425396	0.8546824678538146	0.0
0.40672492865930676	0.8537287077040844	0.0
0.40822575865435956	0.8527731649326573	0.0
0.40972658864941236	0.8518158563450376	0.0
0.41122741864446516	0.8508567987681498	0.0
0.41272824863951796	0.849896009050007	0.0
0.41422907863457076	0.8489335040593785	0.0
0.4157299086296235	0.8479693006854978	0.0
0.4172307386246763	0.8470034158377293	0.0
0.4187315686197291	0.8460358664452492	0.0
0.4202323986147819	0.8450666694567531	0.0
0.4217332286098347	0.8440958418401302	0.0
0.4232340586048875	0.8431234005821429	0.0
0.4247348885999403	0.8421493626881158	0.0
0.4262357185949931	0.8411737451816166	0.0
0.42773654859004584	0.8401965651041357	0.0
0.42923737858509864	0.83921783951478	0.0
0.43073820858015144	0.8382375854899446	0.0
0.43223903857520424	0.8372558201229932	0.0
0.43373986857025704	0.8362725605239669	0.0
0.43524069856530984	0.8352878238192609	0.0
0.43674152856036264	0.8343016271512889	0.0
0.43824235855541543	0.8333139876781676	0.0
0.43974318855046823	0.8323249225734227	0.0
0.441244018545521	0.8313344490256857	0.0
0.4427448485405738	0.8303425842383417	0.0
0.4442456785356266	0.8293493454291958	0.0
0.4457465085306794	0.8283547498301906	0.0
0.4472473385257322	0.8273588146871049	0.0
0.448748168520785	0.8263615572592138	0.0
0.4502489985158378	0.8253629948189702	0.0
0.45174982851089057	0.8243631446517014	0.0
0.4532506585059433	0.8233620240552899	0.0
0.4547514885009961	0.8223596503398467	0.0
0.4562523184960489	0.8213560408273951	0.0
0.4577531484911017	0.8203512128515692	0.0
0.4592539784861545	0.8193451837572792	0.0
0.4607548084812073	0.8183379709003987	0.0
0.4622556384762601	0.8173295916474657	0.0
0.4637564684713129	0.8163200633753476	0.0
0.46525729846636565	0.8153094034709282	0.0
0.46675812846141845	0.814297629330788	0.0
0.46825895845647125	0.8132847583608899	0.0
0.46975978845152405	0.8122708079762704	0.0
0.47126061844657685	0.811255795600716	0.0
0.47276144844162965	0.8102397386664466	0.0
0.47426227843668245	0.8092226546137955	0.0
0.47576310843173525	0.8082045608908949	0.0
0.477263938426788	0.8071854749533596	0.0
0.4787647684218408	0.8061654142639645	0.0
0.4802655984168936	0.8051443962923348	0.0
0.4817664284119464	0.8041224385146278	0.0
0.4832672584069992	0.8030995584132149	0.0
0.484768088402052	0.8020757734763607	0.0
0.4862689183971048	0.8010511011979001	0.0
0.4877697483921576	0.8000255590769391	0.0
0.4892705783872104	0.7989991646175355	0.0
0.49077140838226313	0.797971935328367	0.0
0.49227223837731593	0.7969438887224207	0.0
0.49377306837236873	0.7959150423166818	0.0
0.49527389836742153	0.7948854136318101	0.0
0.4967747283624743	0.7938550201918136	0.0
0.4982755583575271	0.7928238795237347	0.0
0.4997763883525799	0.79179200915735	0.0
0.5012772183476327	0.7907594266248519	0.0
0.5027780483426855	0.7897261494605193	0.0
0.5042788783377383	0.7886918718537528	0.0
0.5057797083327911	0.787657258038246	0.0
0.5072805383278439	0.7866216761208386	0.0
0.5087813683228967	0.785585795814233	0.0
0.5102821983179494	0.7845489797529993	0.0
0.5117830283130023	0.7835116713938638	0.0
0.513283858308055	0.7824740229124357	0.0
0.5147846883031079	0.7814354872053288	0.0
0.5162855182981606	0.7803967476465107	0.0
0.5177863482932135	0.7793571532158521	0.0
0.5192871782882662	0.7783173927362462	0.0
0.520788008283319	0.7772768097372307	0.0
0.5222888382783718	0.776235836755187	0.0
0.5237896682734245	0.7751946764111207	0.0
0.5252904982684774	0.7741527420693423	0.0
0.5267913282635301	0.7731107361323573	0.0
0.528292158258583	0.7720679885363543	0.0
0.5297929882536357	0.7710252070975122	0.0
0.5312938182486886	0.7699817163288132	0.0
0.5327946482437413	0.7689382294490616	0.0
0.5342954782387941	0.767894065556724	0.0
0.5357963082338469	0.7668496430776143	0.0
0.5372971382288997	0.765805229324379	0.0
0.5387979682239525	0.7647601870083075	0.0
0.5402987982190053	0.7637152428038745	0.0
0.5417996282140581	0.7626697023141039	0.0
0.5433004582091109	0.7616242975742401	0.0
0.5448012882041637	0.7605783288065863	0.0
0.5463021181992165	0.7595325333942824	0.0
0.5478029481942692	0.7584862061894976	0.0
0.5493037781893221	0.757439751446317	0.0
0.5508046081843748	0.7563935008927898	0.0
0.5523054381794277	0.75534676685435	0.0
0.5538062681744804	0.7543003000246159	0.0
0.5553070981695333	0.7532533818795291	0.0
0.556807928164586	0.7522067684121526	0.0
0.5583087581596388	0.7511597357686964	0.0
0.5598095881546916	0.7501126771508112	0.0
0.5613104181497444	0.7490659741355344	0.0
0.5628112481447972	0.7480189000928706	0.0
0.56431207813985	0.7469722241989253	0.0
0.5658129081349028	0.745925209331073	0.0
0.5673137381299556	0.7448786299113597	0.0
0.5688145681250084	0.7438317435329125	0.0
0.5703153981200612	0.7427853298474851	0.0
0.5718162281151139	0.7417386411779094	0.0
0.5733170581101668	0.7406920564929447	0.0
0.5748178881052195	0.7396460210590634	0.0
0.5763187181002724	0.7385997585237426	0.0
0.5778195480953251	0.7375540615394525	0.0
0.579320378090378	0.7365081693169313	0.0
0.5808212080854307	0.7354628796784078	0.0
0.5823220380804836	0.7344174266163253	0.0
0.5838228680755363	0.7333726131046744	0.0
0.585323698070589	0.7323276679333829	0.0
0.5868245280656419	0.731282955830554	0.0
0.5883253580606946	0.7302389852130975	0.0
0.5898261880557475	0.7291949304839699	0.0
0.5913270180508002	0.7281516074149931	0.0
0.5928278480458531	0.7271082318615224	0.0
0.5943286780409058	0.726065624680864	0.0
0.5958295080359586	0.7250229965842939	0.0
0.5973303380310114	0.7239807012306501	0.0
0.5988311680260642	0.7229392957219771	0.0
0.600331998021117	0.7218979165379652	0.0
0.6018328280161698	0.7208573971620631	0.0
0.6033336580112226	0.7198169355232051	0.0
0.6048344880062754	0.7187773701192105	0.0
0.6063353180013282	0.7177378937982822	0.0
0.607836147996381	0.7166993500514715	0.0
0.6093369779914337	0.7156609266652293	0.0
0.6108378079864866	0.7146229630910562	0.0
0.6123386379815393	0.7135860783952188	0.0
0.6138394679765922	0.7125493608455911	0.0
0.6153402979716449	0.7115136663210527	0.0
0.6168411279666978	0.7104781700393247	0.0
0.6183419579617505	0.7094437327953457	0.0
0.6198427879568033	0.7084095248146165	0.0
0.6213436179518561	0.7073758745285602	0.0
0.6228444479469089	0.706343448654555	0.0
0.6243452779419617	0.7053112984298696	0.0
0.6258461079370145	0.704280296838606	0.0
0.6273469379320673	0.7032496017173046	0.0
0.62884776792712	0.7022200908843665	0.0
0.6303485979221729	0.701190917258374	0.0
0.6318494279172256	0.7001629634678612	0.0
0.6333502579122784	0.6991353775355104	0.0
0.6348510879073312	0.6981084737785007	0.0
0.636351917902384	0.6970829794082691	0.0
0.6378527478974368	0.6960578987107727	0.0
0.6393535778924896	0.6950341262316605	0.0
0.6408544078875424	0.6940107978528511	0.0
0.6423552378825952	0.6929888128426631	0.0
0.643856067877648	0.6919673022672574	0.0
0.6453568978727008	0.690947170091783	0.0
0.6468577278677535	0.6899275425903705	0.0
0.6483585578628064	0.6889087200442764	0.0
0.6498593878578591	0.6878914892114318	0.0
0.651360217852912	0.6868748082321043	0.0
0.6528610478479647	0.6858595926985089	0.0
0.6543618778430176	0.6848449570108185	0.0
0.6558627078380703	0.6838318213651118	0.0
0.6573635378331231	0.6828192954553651	0.0
0.6588643678281759	0.6818076687118142	0.0
0.6603651978232287	0.6807977734977488	0.0
0.6618660278182815	0.6797885326621619	0.0
0.6633668578133343	0.6787808777905776	0.0
0.6648676878083871	0.6777739069229569	0.0
0.6663685178034399	0.6767685561516225	0.0
0.6678693477984927	0.6757639189004312	0.0
0.6693701777935455	0.6747609357400363	0.0
0.6708710077885982	0.6737586955046813	0.0
0.6723718377836511	0.6727574737732827	0.0
0.6738726677787038	0.671758160565831	0.0
0.6753734977737567	0.6707596341818051	0.0
0.6768743277688094	0.6697628462610391	0.0
0.6783751577638623	0.6687668742818967	0.0
0.679875987758915	0.6677726742604202	0.0
0.6813768177539679	0.6667793191807408	0.0
0.6828776477490206	0.665787769405239	0.0
0.6843784777440733	0.6647970934517542	0.0
0.6858793077391262	0.6638075531769002	0.0
0.6873801377341789	0.6628200950837229	0.0
0.6888809677292318	0.6618335539080634	0.0
0.6903817977242845	0.6608489007454892	0.0
0.6918826277193374	0.6598651930725731	0.0
0.6933834577143901	0.6588834062243263	0.0
0.6948842877094429	0.6579025933113916	0.0
0.6963851177044957	0.6569230056179006	0.0
0.6978859476995485	0.6559456327184404	0.0
0.6993867776946013	0.6549692761860014	0.0
0.7008876076896541	0.6539949218171432	0.0
0.7023884376847069	0.6530216119367828	0.0
0.7038892676797597	0.6520503364705604	0.0
0.7053900976748125	0.6510801334814902	0.0
0.7068909276698653	0.6501119969921056	0.0
0.708391757664918	0.649144960833892	0.0
0.7098925876599709	0.6481792628416957	0.0
0.7113934176550236	0.6472159468015468	0.0
0.7128942476500765	0.6462537726220268	0.0
0.7143950776451292	0.6452937444255248	0.0
0.7158959076401821	0.6443348855995039	0.0
0.7173967376352348	0.6433782042486779	0.0
0.7188975676302876	0.6424227196374965	0.0
0.7203983976253404	0.641468659261972	0.0
0.7218992276203932	0.6405171081249075	0.0
0.723400057615446	0.6395667945184865	0.0
0.7249008876104988	0.6386187363568571	0.0
0.7264017176055516	0.6376719427358601	0.0
0.7279025476006044	0.6367274354342664	0.0
0.7294033775956572	0.6357842195366982	0.0
0.73090420759071	0.6348433206523714	0.0
0.7324050375857627	0.6339037398872268	0.0
0.7339058675808156	0.6329656916153892	0.0
0.7354066975758683	0.6320303125582672	0.0
0.7369075275709212	0.6310962914166066	0.0
0.7384083575659739	0.6301646632247989	0.0
0.7399091875610267	0.6292344192859171	0.0
0.7414100175560795	0.6283065983434636	0.0
0.7429108475511323	0.627380187837562	0.0
0.7444116775461851	0.6264562301856302	0.0
0.7459125075412378	0.6255337089984104	0.0
0.7474133375362907	0.6246128257354279	0.0
0.7489141675313434	0.6236947673445256	0.0
0.7504149975263963	0.6227781841710507	0.0
0.751915827521449	0.6218641276620102	0.0
0.7534166575165019	0.6209515720032306	0.0
0.7549174875115546	0.6200415721909416	0.0
0.7564183175066074	0.6191330987009473	0.0
0.7579191475016602	0.6182263431015639	0.0
0.759419977496713	0.6173225303356227	0.0
0.7609208074917658	0.6164202818007334	0.0
0.7624216374868186	0.6155206612078442	0.0
0.7639224674818714	0.6146226299095671	0.0
0.7654232974769242	0.6137272550389284	0.0
0.766924127471977	0.6128334943605166	0.0
0.7684249574670298	0.6119424183926936	0.0
0.7699257874620825	0.6110535117017577	0.0
0.7714266174571354	0.6101662562327937	0.0
0.7729274474521881	0.6092817275128904	0.0
0.774428277447241	0.60839940739308	0.0
0.7759291074422937	0.6075193088851369	0.0
0.7774299374373466	0.6066414449533601	0.0
0.7789307674323993	0.6057658285143751	0.0
0.7804315974274522	0.6048924724369417	0.0
0.7819324274225049	0.604021389541801	0.0
0.7834332574175576	0.6031525926014947	0.0
0.7849340874126105	0.6022855556558313	0.0
0.7864349174076632	0.6014213687539243	0.0
0.7879357474027161	0.6005595058382776	0.0
0.7894365773977688	0.5996999794868265	0.0
0.7909374073928217	0.5988428022284239	0.0
0.7924382373878744	0.597987986542665	0.0
0.7939390673829272	0.5971355448597225	0.0
0.79543989737798	0.5962849453209529	0.0
0.7969407273730328	0.5954372887404851	0.0
0.7984415573680856	0.594591497375967	0.0
0.7999423873631384	0.5937486750310862	0.0
0.8014432173581912	0.5929082881023495	0.0
0.802944047353244	0.5920703487198302	0.0
0.8044448773482968	0.5912348689630172	0.0
0.8059457073433496	0.5904018608606355	0.0
0.8074465373384023	0.5895713363904985	0.0
0.8089473673334552	0.5887427564383118	0.0
0.8104481973285079	0.5879172349666252	0.0
0.8119490273235608	0.5870942327585024	0.0
0.8134498573186135	0.5862737615865149	0.0
0.8149506873136664	0.5854558331715226	0.0
0.8164515173087191	0.584640459182529	0.0
0.817952347303772	0.5838276512365318	0.0
0.8194531772988247	0.5830174208983572	0.0
0.8209540072938775	0.582209779680511	0.0
0.8224548372889303	0.5814041815888047	0.0
0.8239556672839831	0.5806017529441528	0.0
0.8254564972790359	0.5798019476469917	0.0
0.8269573272740887	0.5790047769990786	0.0
0.8284581572691415	0.5782102522491094	0.0
0.8299589872641943	0.5774183845925701	0.0
0.831459817259247	0.576629185171606	0.0
0.8329606472542999	0.5758421029050453	0.0
0.8344614772493526	0.5750582731725946	0.0
0.8359623072444055	0.5742765813127254	0.0
0.8374631372394582	0.5734981652037277	0.0
0.838963967234511	0.5727224722459325	0.0
0.8404647972295638	0.5719495132584101	0.0
0.8419656272246167	0.5711792990058919	0.0
0.8434664572196694	0.5704118401986481	0.0
0.8449672872147221	0.5696471474923407	0.0
0.846468117209775	0.5688846636098274	0.0
0.8479689472048277	0.5681255348583756	0.0
0.8494697771998806	0.5673692038509732	0.0
0.8509706071949333	0.566615681023511	0.0
0.8524714371899862	0.5658649767565999	0.0
0.8539722671850389	0.5651171013754503	0.0
0.8554730971800917	0.5643720651497458	0.0
0.8569739271751445	0.5636293062544382	0.0
0.8584747571701973	0.5628899789310524	0.0
0.8599755871652501	0.5621529480600287	0.0
0.8614764171603029	0.5614193700584046	0.0
0.8629772471553557	0.5606886817334746	0.0
0.8644780771504085	0.5599608930190385	0.0
0.8659789071454613	0.5592360137924802	0.0
0.8674797371405141	0.5585140538746397	0.0
0.8689805671355668	0.5577950230296945	0.0
0.8704813971306197	0.5570783539381413	0.0
0.8719822271256724	0.5563652103094944	0.0
0.8734830571207253	0.5556550247103045	0.0
0.874983887115778	0.5549478066768769	0.0
0.8764847171108309	0.5542435656882679	0.0
0.8779855471058836	0.5535423111661633	0.0
0.8794863771009365	0.5528440524747446	0.0
0.8809872070959892	0.5521487989205766	0.0
0.882488037091042	0.5514565597525011	0.0
0.8839888670860948	0.5507667625579036	0.0
0.8854896970811476	0.5500805796822854	0.0
0.8869905270762004	0.5493974385970006	0.0
0.8884913570712532	0.5487173483188351	0.0
0.889992187066306	0.5480403178062812	0.0
0.8914930170613588	0.547366355959433	0.0
0.8929938470564115	0.5466954716198726	0.0
0.8944946770514643	0.5460270886939953	0.0
0.8959955070465171	0.5453623856644175	0.0
0.89749633704157	0.5447002005546178	0.0
0.8989971670366227	0.5440417135069897	0.0
0.9004979970316755	0.5433863473035783	0.0
0.9019988270267283	0.5427341104326013	0.0
0.9034996570217811	0.5420850113230186	0.0
0.9050004870168339	0.5414390583444245	0.0
0.9065013170118866	0.540796259806931	0.0
0.9080021470069395	0.5401560352480592	0.0
0.9095029770019922	0.539519570290014	0.0
0.9110038069970451	0.538886284350851	0.0
0.9125046369920978	0.5382561855017599	0.0
0.9140054669871507	0.5376292817539627	0.0
0.9155062969822034	0.5370055810585956	0.0
0.9170071269772563	0.5363850913066066	0.0
0.918507956972309	0.5357678203286717	0.0
0.9200087869673618	0.535153775895085	0.0
0.9215096169624146	0.5345423735874792	0.0
0.9230104469574674	0.533934805316798	0.0
0.9245112769525202	0.5333304865434425	0.0
0.926012106947573	0.5327294247952256	0.0
0.9275129369426258	0.5321316275390967	0.0
0.9290137669376786	0.5315371021810544	0.0
0.9305145969327313	0.53094585606606	0.0
0.9320154269277842	0.5303573019869264	0.0
0.9335162569228369	0.5297726361536137	0.0
0.9350170869178898	0.5291906761176678	0.0
0.9365179169129425	0.5286126192217022	0.0
0.9380187469079954	0.52803787738536	0.0
0.9395195769030481	0.527466457585392	0.0
0.941020406898101	0.5268983667368695	0.0
0.9425212368931537	0.5263336116930853	0.0
0.9440220668882064	0.5257721992454598	0.0
0.9455228968832593	0.5252135389744703	0.0
0.947023726878312	0.5246588318509491	0.0
0.9485245568733649	0.5241074873312198	0.0
0.9500253868684176	0.5235595119583974	0.0
0.9515262168634705	0.523014912213309	0.0
0.9530270468585232	0.5224736945144004	0.0
0.954527876853576	0.5219358652176584	0.0
0.9560287068486288	0.5214008316975969	0.0
0.9575295368436816	0.5208697980283028	0.0
0.9590303668387344	0.5203415720823376	0.0
0.9605311968337872	0.51981735872362	0.0
0.96203202682884	0.5192965646179909	0.0
0.9635328568238928	0.5187791957449448	0.0
0.9650336868189456	0.5182652580209424	0.0
0.9665345168139984	0.5177547572993335	0.0
0.9680353468090511	0.5172476993702867	0.0
0.969536176804104	0.516743489151101	0.0
0.9710370067991567	0.5162433339299347	0.0
0.9725378367942096	0.515746638497315	0.0
0.9740386667892623	0.5152534083898781	0.0
0.9755394967843152	0.5147636490806864	0.0
0.9770403267793679	0.5142773659791582	0.0
0.9785411567744208	0.5137945644309911	0.0
0.9800419867694735	0.5133152497180895	0.0
0.9815428167645263	0.5128394270584812	0.0
0.9830436467595791	0.5123664993419679	0.0
0.9845444767546319	0.5118976761926088	0.0
0.9860453067496847	0.5114323603721367	0.0
0.9875461367447375	0.5109705568424027	0.0
0.9890469667397903	0.5105122705010313	0.0
0.9905477967348431	0.5100575061813538	0.0
0.9920486267298958	0.5096062686523358	0.0
0.9935494567249487	0.5091579595262229	0.0
0.9950502867200014	0.5087137896331079	0.0
0.9965511167150543	0.5082725571762817	0.0
0.998051946710107	0.5078354732318322	0.0
0.9995527767051599	0.5074019389660435	0.0
1.0010536067002127	0.5069719587603294	0.0
1.0025544366952654	0.5065455369312875	0.0
1.0040552666903182	0.5061226777306328	0.0
1.005556096685371	0.5057033853451275	0.0
1.0070569266804237	0.5052870601321907	0.0
1.0085577566754766	0.5048737140457135	0.0
1.0100585866705294	0.5044651465975905	0.0
1.0115594166655821	0.5040601620772721	0.0
1.0130602466606349	0.5036587643458912	0.0
1.0145610766556878	0.5032603532533954	0.0
1.0160619066507406	0.5028661404274557	0.0
1.0175627366457933	0.5024755255872433	0.0
1.019063566640846	0.5020885123323376	0.0
1.0205643966358988	0.501704500204744	0.0
1.0220652266309518	0.5013234952400856	0.0
1.0235660566260045	0.5009473077047686	0.0
1.0250668866210573	0.5005747355135491	0.0
1.02656771661611	0.5002057819378346	0.0
1.028068546611163	0.49983984625770905	0.0
1.0295693766062157	0.499478139469445	0.0
1.0310702066012685	0.4991200607213957	0.0
1.0325710365963212	0.4987656130214943	0.0
1.034071866591374	0.498414195539033	0.0
1.035572696586427	0.4980658088261883	0.0
1.0370735265814797	0.4977222716800227	0.0
1.0385743565765324	0.49738237696976706	0.0
1.0400751865715852	0.4970461273729633	0.0
1.041576016566638	0.4967129220443124	0.0
1.0430768465616909	0.4963827586783053	0.0
1.0445776765567436	0.4960574598465205	0.0
1.0460785065517963	0.49573581619214396	0.0
1.047579336546849	0.49541783006123574	0.0
1.049080166541902	0.4951029007320467	0.0
1.0505809965369548	0.49479223642598297	0.0
1.0520818265320075	0.49448523628833896	0.0
1.0535826565270603	0.4941819023992696	0.0
1.055083486522113	0.49388163423563275	0.0
1.056584316517166	0.49358442469261815	0.0
1.0580851465122187	0.49329210138623497	0.0
1.0595859765072715	0.49300345199946216	0.0
1.0610868065023242	0.49271847827931503	0.0
1.0625876364973772	0.49243658007602603	0.0
1.06408846649243	0.492158962668644	0.0
1.0655892964874827	0.4918850257738636	0.0
1.0670901264825354	0.4916147708716243	0.0
1.0685909564775882	0.4913475982112157	0.0
1.0700917864726411	0.49108349633237675	0.0
1.0715926164676939	0.4908242956406626	0.0
1.0730934464627466	0.49056878220897737	0.0
1.0745942764577994	0.4903169571828306	0.0
1.0760951064528523	0.4900682214361093	0.0
1.077595936447905	0.48982377639518093	0.0
1.0790967664429578	0.4895830227999569	0.0
1.0805975964380106	0.4893459615280147	0.0
1.0820984264330633	0.48911199405375333	0.0
1.0835992564281163	0.4888811050078068	0.0
1.085100086423169	0.48865512532269734	0.0
1.0866009164182218	0.4884328408172046	0.0
1.0881017464132745	0.48821425203366225	0.0
1.0896025764083275	0.48799876132342257	0.0
1.0911034064033802	0.4877875653477777	0.0
1.092604236398433	0.48758006632387946	0.0
1.0941050663934857	0.4873762645256511	0.0
1.0956058963885384	0.48717556310723975	0.0
1.0971067263835914	0.4869779432383582	0.0
1.0986075563786442	0.4867852341111771	0.0
1.100108386373697	0.48659622265044616	0.0
1.1016092163687496	0.4864109087944687	0.0
1.1031100463638024	0.4862286968275811	0.0
1.1046108763588554	0.4860495661901919	0.0
1.106111706353908	0.4858753441286209	0.0
1.1076125363489608	0.4857048187699967	0.0
1.1091133663440136	0.48553798971699874	0.0
1.1106141963390666	0.4853742625250809	0.0
1.1121150263341193	0.48521482462832305	0.0
1.113615856329172	0.48505908144797655	0.0
1.1151166863242248	0.48490703231834237	0.0
1.1166175163192775	0.4847580839132954	0.0
1.1181183463143305	0.48461221291178685	0.0
1.1196191763093832	0.484471241291102	0.0
1.121120006304436	0.48433396040406107	0.0
1.1226208362994887	0.4842003692497908	0.0
1.1241216662945417	0.4840698760271407	0.0
1.1256224962895944	0.4839436610731916	0.0
1.1271233262846472	0.4838211324528869	0.0
1.1286241562797	0.48370228889754063	0.0
1.1301249862747527	0.4835865399275195	0.0
1.1316258162698056	0.4834738599104968	0.0
1.1331266462648584	0.4833660632905982	0.0
1.1346274762599111	0.4832619460084153	0.0
1.1361283062549639	0.4831615064610852	0.0
1.1376291362500168	0.48306415594768054	0.0
1.1391299662450696	0.4829710667997687	0.0
1.1406307962401223	0.4828816501830452	0.0
1.142131626235175	0.48279590422786506	0.0
1.1436324562302278	0.48271324175762037	0.0
1.1451332862252808	0.48263363527858977	0.0
1.1466341162203335	0.4825588894456483	0.0
1.1481349462153863	0.4824878061460736	0.0
1.149635776210439	0.48242038317761915	0.0
1.151136606205492	0.4823560353955348	0.0
1.1526374362005447	0.48229592622232326	0.0
1.1541382661955975	0.4822394703805906	0.0
1.1556390961906502	0.4821866654028169	0.0
1.157139926185703	0.4821369278706846	0.0
1.158640756180756	0.48209022887804376	0.0
1.1601415861758086	0.4820483610466008	0.0
1.1616424161708614	0.48201013356362343	0.0
1.1631432461659141	0.48197554363119804	0.0
1.164644076160967	0.48194401011486654	0.0
1.1661449061560198	0.4819166866314354	0.0
1.1676457361510726	0.4818929919148108	0.0
1.1691465661461253	0.4818729229038241	0.0
1.170647396141178	0.481855900391442	0.0
1.172148226136231	0.48184189450651216	0.0
1.1736490561312838	0.4818326836102566	0.0
1.1751498861263365	0.48182708553494225	0.0
1.1766507161213893	0.4818250968918387	0.0
1.178151546116442	0.48182614100808396	0.0
1.179652376111495	0.48183018766829194	0.0
1.1811532061065477	0.48183900635775984	0.0
1.1826540361016005	0.4818514202880585	0.0
1.1841548660966532	0.48186742574474994	0.0
1.1856556960917062	0.4818864487272676	0.0
1.187156526086759	0.4819096258390856	0.0
1.1886573560818117	0.48193638295008745	0.0
1.1901581860768644	0.48196671608675173	0.0
1.1916590160719172	0.4820000534852406	0.0
1.1931598460669701	0.4820363646566486	0.0
1.1946606760620229	0.4820774014048433	0.0
1.1961615060570756	0.4821219976556174	0.0
1.1976623360521284	0.48217014911361944	0.0
1.1991631660471813	0.4822212869337724	0.0
1.200663996042234	0.4822765356690355	0.0
1.2021648260372868	0.48233532634646703	0.0
1.2036656560323395	0.4823976544149922	0.0
1.2051664860273923	0.48246295346219925	0.0
1.2066673160224453	0.4825311931663353	0.0
1.208168146017498	0.482604105485965	0.0
1.2096689760125507	0.48268053637213404	0.0
1.2111698060076035	0.48276048095647345	0.0
1.2126706360026565	0.4828433759885156	0.0
1.2141714659977092	0.4829303331166972	0.0
1.215672295992762	0.4830207889646316	0.0
1.2171731259878147	0.48311473841211694	0.0
1.2186739559828674	0.48321162083439045	0.0
1.2201747859779204	0.48331140651376636	0.0
1.2216756159729731	0.48341580543291846	0.0
1.2231764459680259	0.4835236768606377	0.0
1.2246772759630786	0.48363501536463377	0.0
1.2261781059581316	0.4837492637213283	0.0
1.2276789359531843	0.4838675198379098	0.0
1.229179765948237	0.48398922636710984	0.0
1.2306805959432898	0.4841143776292415	0.0
1.2321814259383426	0.4842424192160434	0.0
1.2336822559333955	0.4843733224464168	0.0
1.2351830859284483	0.4845087732346575	0.0
1.236683915923501	0.48464764543827415	0.0
1.2381847459185538	0.4847899330713511	0.0
1.2396855759136065	0.4849350853614598	0.0
1.2411864059086595	0.48508307438780207	0.0
1.2426872359037122	0.4852355718060514	0.0
1.244188065898765	0.4853914601181889	0.0
1.2456888958938177	0.4855507330356108	0.0
1.2471897258888707	0.48571284354983035	0.0
1.2486905558839234	0.4858788665766615	0.0
1.2501913858789762	0.48604825498787935	0.0
1.251692215874029	0.48622100225541864	0.0
1.2531930458690816	0.4863965644730356	0.0
1.2546938758641346	0.4865749154191205	0.0
1.2561947058591874	0.48675769951275877	0.0
1.25769553585424	0.4869438157719235	0.0
1.2591963658492928	0.48713325737272684	0.0
1.2606971958443458	0.48732548439903806	0.0
1.2621980258393986	0.4875215559817252	0.0
1.2636988558344513	0.48772093208779366	0.0
1.265199685829504	0.48792360565963677	0.0
1.2667005158245568	0.48812904006185864	0.0
1.2682013458196097	0.48833721119046875	0.0
1.2697021758146625	0.48854973425395265	0.0
1.2712030058097152	0.48876552598883993	0.0
1.272703835804768	0.48898457904918363	0.0
1.274204665799821	0.4892063610096179	0.0
1.2757054957948737	0.4894319144593699	0.0
1.2772063257899264	0.48966070685932667	0.0
1.2787071557849792	0.4898927306360394	0.0
1.280207985780032	0.4901274568181433	0.0
1.2817088157750849	0.4903648638310832	0.0
1.2832096457701376	0.49060653575296415	0.0
1.2847104757651904	0.4908514082096233	0.0
1.2862113057602431	0.49109947334733944	0.0
1.287712135755296	0.4913502066178467	0.0
1.2892129657503488	0.4916046333393717	0.0
1.2907137957454016	0.4918622288532325	0.0
1.2922146257404543	0.49212298508487734	0.0
1.293715455735507	0.49238638110758626	0.0
1.29521628573056	0.4926523982808002	0.0
1.2967171157256128	0.4929225876907512	0.0
1.2982179457206655	0.49319590498891275	0.0
1.2997187757157183	0.4934723418290651	0.0
1.3012196057107712	0.4937513819132538	0.0
1.302720435705824	0.49403403258853956	0.0
1.3042212657008767	0.49431977745009803	0.0
1.3057220956959295	0.4946086079379644	0.0
1.3072229256909822	0.4949005154392482	0.0
1.3087237556860352	0.4951949883956262	0.0
1.310224585681088	0.4954930238789242	0.0
1.3117254156761406	0.4957941102260096	0.0
1.3132262456711934	0.4960982386143519	0.0
1.3147270756662461	0.49640490135545695	0.0
1.316227905661299	0.49671408515911525	0.0
1.3177287356563518	0.4970272862362953	0.0
1.3192295656514046	0.49734349356143137	0.0
1.3207303956464573	0.4976626980546963	0.0
1.3222312256415103	0.4979843969603795	0.0
1.323732055636563	0.4983095683518271	0.0
1.3252328856316158	0.49863770937234597	0.0
1.3267337156266685	0.498968810740151	0.0
1.3282345456217213	0.4993023737204821	0.0
1.3297353756167742	0.49963838895387036	0.0
1.331236205611827	0.4999783151921151	0.0
1.3327370356068797	0.5003211641665009	0.0
1.3342378656019325	0.5006669263477342	0.0
1.3357386955969854	0.5010151081183648	0.0
1.3372395255920382	0.5013666679346938	0.0
1.338740355587091	0.501721112082288	0.0
1.3402411855821437	0.5020784308378898	0.0
1.3417420155771964	0.5024381347490756	0.0
1.3432428455722494	0.502800218761025	0.0
1.3447436755673021	0.5031661025402353	0.0
1.3462445055623549	0.5035348215703852	0.0
1.3477453355574076	0.5039063658908917	0.0
1.3492461655524606	0.5042802513422064	0.0
1.3507469955475133	0.5046574161790794	0.0
1.352247825542566	0.50503737614912	0.0
1.3537486555376188	0.5054201211060442	0.0
1.3552494855326715	0.5058051711920993	0.0
1.3567503155277245	0.50619252602108	0.0
1.3582511455227773	0.5065835646206168	0.0
1.35975197551783	0.5069773471785123	0.0
1.3612528055128827	0.507373863321657	0.0
1.3627536355079357	0.5077726386514843	0.0
1.3642544655029885	0.5081745906716116	0.0
1.3657552954980412	0.5085792448948714	0.0
1.367256125493094	0.5089865907709841	0.0
1.3687569554881467	0.5093961583324483	0.0
1.3702577854831997	0.5098079522151229	0.0
1.3717586154782524	0.5102233093287684	0.0
1.3732594454733051	0.510641315471878	0.0
1.3747602754683579	0.5110619598781149	0.0
1.3762611054634106	0.511484778195953	0.0
1.3777619354584636	0.5119097779994682	0.0
1.3792627654535163	0.5123382721896192	0.0
1.380763595448569	0.5127693611672506	0.0
1.3822644254436218	0.5132030339560465	0.0
1.3837652554386748	0.5136388319034084	0.0
1.3852660854337275	0.5140776392248362	0.0
1.3867669154287803	0.514518997185962	0.0
1.388267745423833	0.5149628946469195	0.0
1.3897685754188858	0.5154088775719707	0.0
1.3912694054139387	0.5158569590850065	0.0
1.3927702354089915	0.516308407820539	0.0
1.3942710654040442	0.5167623511079522	0.0
1.395771895399097	0.5172187776085116	0.0
1.39727272539415	0.517677239127137	0.0
1.3987735553892027	0.5181385978858198	0.0
1.4002743853842554	0.5186024056121834	0.0
1.4017752153793082	0.5190686508128722	0.0
1.403276045374361	0.5195368900191236	0.0
1.4047768753694139	0.5200071422289372	0.0
1.4062777053644666	0.5204806305286636	0.0
1.4077785353595194	0.5209565099628852	0.0
1.409279365354572	0.5214347688506009	0.0
1.410780195349625	0.521914969695674	0.0
1.4122810253446778	0.5223979523043777	0.0
1.4137818553397306	0.5228832791077864	0.0
1.4152826853347833	0.5233709382793179	0.0
1.416783515329836	0.5238604971508029	0.0
1.418284345324889	0.5243519809063999	0.0
1.4197851753199418	0.524846565881246	0.0
1.4212860053149945	0.5253434355738077	0.0
1.4227868353100472	0.5258425779811954	0.0
1.4242876653051002	0.5263435665300262	0.0
1.425788495300153	0.5268472182243923	0.0
1.4272893252952057	0.5273531064226731	0.0
1.4287901552902584	0.5278612189855043	0.0
1.4302909852853112	0.5283711342613193	0.0
1.4317918152803641	0.5288828839197616	0.0
1.4332926452754169	0.5293975964207457	0.0
1.4347934752704696	0.5299144844071189	0.0
1.4362943052655224	0.5304335355745987	0.0
1.4377951352605751	0.530954334478834	0.0
1.439295965255628	0.5314769165166188	0.0
1.4407967952506808	0.5320023830948548	0.0
1.4422976252457336	0.5325299633278532	0.0
1.4437984552407863	0.5330596447527651	0.0
1.4452992852358393	0.5335910181907854	0.0
1.446800115230892	0.534124864490974	0.0
1.4483009452259448	0.5346607744133729	0.0
1.4498017752209975	0.5351987353728392	0.0
1.4513026052160503	0.5357383432429924	0.0
1.4528034352111032	0.5362796403455574	0.0
1.454304265206156	0.5368236786208465	0.0
1.4558050952012087	0.537369717305843	0.0
1.4573059251962615	0.5379177436682319	0.0
1.4588067551913144	0.5384673599447103	0.0
1.4603075851863672	0.5390193233539804	0.0
1.46180841518142	0.5395732360761486	0.0
1.4633092451764727	0.5401290852657221	0.0
1.4648100751715254	0.5406864782860895	0.0
1.4663109051665784	0.5412454646489865	0.0
1.467811735161631	0.5418070459055931	0.0
1.4693125651566838	0.5423705119832436	0.0
1.4708133951517366	0.5429358499006609	0.0
1.4723142251467896	0.5435026734724847	0.0
1.4738150551418423	0.5440717160236036	0.0
1.475315885136895	0.5446425913166122	0.0
1.4768167151319478	0.5452152862661402	0.0
1.4783175451270005	0.5457894198803644	0.0
1.4798183751220535	0.546365049112096	0.0
1.4813192051171062	0.5469431242788548	0.0
1.482820035112159	0.5475229665185022	0.0
1.4843208651072117	0.5481045626212114	0.0
1.4858216951022647	0.5486875381254154	0.0
1.4873225250973174	0.5492726022316667	0.0
1.4888233550923702	0.5498593804308625	0.0
1.490324185087423	0.5504478594180992	0.0
1.4918250150824757	0.5510376699849437	0.0
1.4933258450775286	0.551628876762031	0.0
1.4948266750725814	0.552222378065962	0.0
1.4963275050676341	0.5528175267183414	0.0
1.4978283350626869	0.5534143093010613	0.0
1.4993291650577398	0.554012363205994	0.0
1.5008299950527926	0.5546123733108947	0.0
1.5023308250478453	0.5552139769645841	0.0
1.503831655042898	0.5558171606628645	0.0
1.5053324850379508	0.5564215671032695	0.0
1.5068333150330038	0.5570272688163868	0.0
1.5083341450280565	0.5576351114270804	0.0
1.5098349750231093	0.5582444798675484	0.0
1.511335805018162	0.5588553605315592	0.0
1.5128366350132147	0.5594674027782798	0.0
1.5143374650082677	0.5600806836173648	0.0
1.5158382950033205	0.5606960191305106	0.0
1.5173391249983732	0.561312812256376	0.0
1.518839954993426	0.5619310492928691	0.0
1.520340784988479	0.5625503862911839	0.0
1.5218416149835317	0.5631714699721289	0.0
1.5233424449785844	0.5637939563507651	0.0
1.5248432749736371	0.564417831652736	0.0
1.5263441049686899	0.5650427573030071	0.0
1.5278449349637429	0.5656688185271999	0.0
1.5293457649587956	0.5662967777905232	0.0
1.5308465949538483	0.5669260707155497	0.0
1.532347424948901	0.5675566834430922	0.0
1.533848254943954	0.5681882841383804	0.0
1.5353490849390068	0.5688214948315918	0.0
1.5368499149340595	0.5694559836562332	0.0
1.5383507449291123	0.5700917366896514	0.0
1.539851574924165	0.5707287399939414	0.0
1.541352404919218	0.5713669796161818	0.0
1.5428532349142707	0.5720064415886752	0.0
1.5443540649093235	0.5726471119291998	0.0
1.5458548949043762	0.573288976641247	0.0
1.5473557248994292	0.5739320217142556	0.0
1.548856554894482	0.574576233123861	0.0
1.5503573848895347	0.5752215968321378	0.0
1.5518582148845874	0.5758680987878411	0.0
1.5533590448796402	0.576515724926654	0.0
1.5548598748746931	0.5771644611714156	0.0
1.5563607048697459	0.5778142934323602	0.0
1.5578615348647986	0.5784652076073692	0.0
1.5593623648598514	0.5791171895822177	0.0
1.5608631948549043	0.5797702252308126	0.0
1.562364024849957	0.5804243004154176	0.0
1.5638648548450098	0.5810794009868946	0.0
1.5653656848400626	0.581735512784953	0.0
1.5668665148351153	0.5823926216383936	0.0
1.5683673448301683	0.5830507133653415	0.0
1.569868174825221	0.5837097737734832	0.0
1.5713690048202738	0.5843697886603167	0.0
1.5728698348153265	0.5850307438133974	0.0
1.5743706648103792	0.5856926250105615	0.0
1.5758714948054322	0.5863554180201466	0.0
1.577372324800485	0.5870191086012576	0.0
1.5788731547955377	0.5876836825040225	0.0
1.5803739847905904	0.5883491254698012	0.0
1.5818748147856434	0.5890154232314185	0.0
1.5833756447806961	0.5896825615134239	0.0
1.584876474775749	0.5903505260323328	0.0
1.5863773047708016	0.591019302496849	0.0
1.5878781347658544	0.591688876608109	0.0
1.5893789647609073	0.5923592340599246	0.0
1.59087979475596	0.5930303605390116	0.0
1.5923806247510128	0.5937022417252353	0.0
1.5938814547460656	0.5943748632918486	0.0
1.5953822847411185	0.5950482109057245	0.0
1.5968831147361713	0.5957222702276022	0.0
1.598383944731224	0.5963970269123257	0.0
1.5998847747262768	0.5970724666090762	0.0
1.6013856047213295	0.5977485749616118	0.0
1.6028864347163825	0.5984253376085007	0.0
1.6043872647114352	0.5991027401833536	0.0
1.605888094706488	0.5997807683150765	0.0
1.6073889247015407	0.6004594076281127	0.0
1.6088897546965937	0.6011386437426682	0.0
1.6103905846916464	0.6018184622749482	0.0
1.6118914146866992	0.6024988488373874	0.0
1.613392244681752	0.6031797890389006	0.0
1.6148930746768047	0.6038612684851358	0.0
1.6163939046718576	0.6045432727786959	0.0
1.6178947346669104	0.6052257875193618	0.0
1.619395564661963	0.6059087983043392	0.0
1.6208963946570158	0.6065922907285057	0.0
1.6223972246520688	0.6072762503846424	0.0
1.6238980546471216	0.607960662863676	0.0
1.6253988846421743	0.6086455137549196	0.0
1.626899714637227	0.6093307886463011	0.0
1.6284005446322798	0.6100164731245956	0.0
1.6299013746273328	0.6107025527756704	0.0
1.6314022046223855	0.6113890131847282	0.0
1.6329030346174382	0.612075839936547	0.0
1.634403864612491	0.6127630186157151	0.0
1.635904694607544	0.6134505348068537	0.0
1.6374055246025967	0.6141383740948734	0.0
1.6389063545976494	0.6148265220652157	0.0
1.6404071845927022	0.6155149643040728	0.0
1.641908014587755	0.6162036863986328	0.0
1.643408844582808	0.616892673937334	0.0
1.6449096745778606	0.6175819125100924	0.0
1.6464105045729134	0.6182713877085287	0.0
1.6479113345679661	0.6189610851262182	0.0
1.6494121645630189	0.6196509903589251	0.0
1.6509129945580718	0.6203410890048424	0.0
1.6524138245531246	0.6210313666648432	0.0
1.6539146545481773	0.6217218089427188	0.0
1.65541548454323	0.6224124014454011	0.0
1.656916314538283	0.6231031297832011	0.0
1.6584171445333358	0.6237939795700641	0.0
1.6599179745283885	0.6244849364238073	0.0
1.6614188045234413	0.625175985966353	0.0
1.662919634518494	0.6258671138239668	0.0
1.664420464513547	0.6265583056274939	0.0
1.6659212945085997	0.6272495470126083	0.0
1.6674221245036525	0.6279408236200542	0.0
1.6689229544987052	0.628632121095879	0.0
1.6704237844937582	0.6293234250916805	0.0
1.671924614488811	0.6300147212648471	0.0
1.6734254444838637	0.6307059952787946	0.0
1.6749262744789164	0.6313972328032073	0.0
1.6764271044739691	0.6320884195142751	0.0
1.677927934469022	0.6327795410949402	0.0
1.6794287644640749	0.633470583235136	0.0
1.6809295944591276	0.6341615316320253	0.0
1.6824304244541803	0.6348523719902417	0.0
1.6839312544492333	0.6355430900221387	0.0
1.685432084444286	0.6362336714480268	0.0
1.6869329144393388	0.6369241019964104	0.0
1.6884337444343915	0.637614367404246	0.0
1.6899345744294443	0.6383044534171769	0.0
1.6914354044244972	0.6389943457897643	0.0
1.69293623441955	0.6396840302857286	0.0
1.6944370644146027	0.6403734926781992	0.0
1.6959378944096555	0.6410627187499672	0.0
1.6974387244047084	0.6417516942937054	0.0
1.6989395543997612	0.6424404051122211	0.0
1.700440384394814	0.6431288370187205	0.0
1.7019412143898667	0.6438169758370297	0.0
1.7034420443849194	0.6445048074018325	0.0
1.7049428743799724	0.645192317558922	0.0
1.7064437043750251	0.6458794921654435	0.0
1.7079445343700779	0.6465663170901393	0.0
1.7094453643651306	0.6472527782135886	0.0
1.7109461943601834	0.6479388614284575	0.0
1.7124470243552363	0.6486245526397422	0.0
1.713947854350289	0.6493098377649986	0.0
1.7154486843453418	0.6499947027345977	0.0
1.7169495143403946	0.6506791334919698	0.0
1.7184503443354475	0.6513631159938537	0.0
1.7199511743305003	0.652046636210542	0.0
1.721452004325553	0.6527296801261095	0.0
1.7229528343206058	0.6534122337386615	0.0
1.7244536643156585	0.6540942830605816	0.0
1.7259544943107115	0.6547758141187784	0.0
1.7274553243057642	0.6554568129549351	0.0
1.728956154300817	0.6561372656257491	0.0
1.7304569842958697	0.6568171582031752	0.0
1.7319578142909227	0.6574964767746615	0.0
1.7334586442859754	0.658175207443408	0.0
1.7349594742810281	0.6588533363286166	0.0
1.736460304276081	0.6595308495657197	0.0
1.7379611342711336	0.6602077333066337	0.0
1.7394619642661866	0.6608839737199976	0.0
1.7409627942612393	0.6615595569914111	0.0
1.742463624256292	0.6622344693237059	0.0
1.7439644542513448	0.6629086969371837	0.0
1.7454652842463978	0.663582226069844	0.0
1.7469661142414505	0.6642550429776349	0.0
1.7484669442365033	0.6649271339347059	0.0
1.749967774231556	0.6655984852336486	0.0
1.7514686042266088	0.6662690831857315	0.0
1.7529694342216617	0.6669389141211518	0.0
1.7544702642167145	0.6676079643892898	0.0
1.7559710942117672	0.6682762203589556	0.0
1.75747192420682	0.668943668418622	0.0
1.758972754201873	0.6696102949766642	0.0
1.7604735841969257	0.6702760864616133	0.0
1.7619744141919784	0.6709410293224051	0.0
1.7634752441870312	0.6716051100286254	0.0
1.764976074182084	0.6722683150707406	0.0
1.7664769041771369	0.6729306309603491	0.0
1.7679777341721896	0.6735920442304266	0.0
1.7694785641672424	0.6742525414355635	0.0
1.770979394162295	0.6749121091522255	0.0
1.7724802241573479	0.6755707339789873	0.0
1.7739810541524008	0.676228402536766	0.0
1.7754818841474536	0.6768851014690825	0.0
1.7769827141425063	0.6775408174422984	0.0
1.778483544137559	0.6781955371458506	0.0
1.779984374132612	0.6788492472925011	0.0
1.7814852041276648	0.6795019346185778	0.0
1.7829860341227175	0.6801535858842246	0.0
1.7844868641177702	0.6808041878736425	0.0
1.785987694112823	0.6814537273953204	0.0
1.787488524107876	0.6821021912822861	0.0
1.7889893541029287	0.6827495663923491	0.0
1.7904901840979814	0.6833958396083305	0.0
1.7919910140930342	0.6840409978383144	0.0
1.7934918440880872	0.6846850280159	0.0
1.79499267408314	0.6853279171004263	0.0
1.7964935040781926	0.6859696520772068	0.0
1.7979943340732454	0.6866102199577774	0.0
1.7994951640682981	0.6872496077801364	0.0
1.800995994063351	0.6878878026089916	0.0
1.8024968240584038	0.6885247915359864	0.0
1.8039976540534566	0.6891605616799328	0.0
1.8054984840485093	0.6897951001870762	0.0
1.8069993140435623	0.6904283942313316	0.0
1.808500144038615	0.6910604310144964	0.0
1.8100009740336678	0.6916911977664966	0.0
1.8115018040287205	0.6923206817456207	0.0
1.8130026340237733	0.6929488702387611	0.0
1.8145034640188262	0.6935757505616744	0.0
1.816004294013879	0.6942013100591881	0.0
1.8175051240089317	0.6948255361054116	0.0
1.8190059540039845	0.6954484161040106	0.0
1.8205067839990374	0.6960699374884485	0.0
1.8220076139940902	0.6966900877221949	0.0
1.823508443989143	0.6973088542989597	0.0
1.8250092739841957	0.6979262247429397	0.0
1.8265101039792484	0.6985421866090532	0.0
1.8280109339743014	0.6991567274831649	0.0
1.829511763969354	0.6997698349823094	0.0
1.8310125939644069	0.7003814967549082	0.0
1.8325134239594596	0.7009917004810187	0.0
1.8340142539545126	0.7016004338725929	0.0
1.8355150839495653	0.7022076846736731	0.0
1.837015913944618	0.702813440660601	0.0
1.8385167439396708	0.7034176896422784	0.0
1.8400175739347235	0.7040204194603943	0.0
1.8415184039297765	0.704621617989639	0.0
1.8430192339248292	0.7052212731379264	0.0
1.844520063919882	0.7058193728466287	0.0
1.8460208939149347	0.7064159050908103	0.0
1.8475217239099875	0.7070108578794262	0.0
1.8490225539050404	0.7076042192555534	0.0
1.8505233839000932	0.7081959772966354	0.0
1.852024213895146	0.7087861201146857	0.0
1.8535250438901987	0.7093746358565007	0.0
1.8550258738852516	0.7099615127038847	0.0
1.8565267038803044	0.710546738873879	0.0
1.8580275338753571	0.7111303026189761	0.0
1.8595283638704099	0.7117121922273342	0.0
1.8610291938654626	0.7122923960230068	0.0
1.8625300238605156	0.7128709023661534	0.0
1.8640308538555683	0.7134476996532461	0.0
1.865531683850621	0.714022776317292	0.0
1.8670325138456738	0.7145961208280435	0.0
1.8685333438407268	0.7151677216922051	0.0
1.8700341738357795	0.7157375674536578	0.0
1.8715350038308323	0.7163056466936772	0.0
1.873035833825885	0.7168719480311342	0.0
1.8745366638209378	0.7174364601226919	0.0
1.8760374938159907	0.71799917166303	0.0
1.8775383238110435	0.7185600713850654	0.0
1.8790391538060962	0.7191191480601354	0.0
1.880539983801149	0.7196763904982026	0.0
1.882040813796202	0.7202317875480747	0.0
1.8835416437912547	0.7207853280976044	0.0
1.8850424737863074	0.721337001073908	0.0
1.8865433037813601	0.7218867954435478	0.0
1.888044133776413	0.7224347002127113	0.0
1.8895449637714659	0.722980704427442	0.0
1.8910457937665186	0.7235247971738565	0.0
1.8925466237615713	0.7240669675783282	0.0
1.894047453756624	0.7246072048076649	0.0
1.895548283751677	0.7251454980693067	0.0
1.8970491137467298	0.7256818366115402	0.0
1.8985499437417825	0.7262162097236916	0.0
1.9000507737368353	0.7267486067363135	0.0
1.901551603731888	0.7272790170213768	0.0
1.903052433726941	0.7278074299924636	0.0
1.9045532637219937	0.7283338351049486	0.0
1.9060540937170465	0.7288582218561933	0.0
1.9075549237120992	0.7293805797857491	0.0
1.909055753707152	0.7299008984755334	0.0
1.910556583702205	0.7304191675499985	0.0
1.9120574136972577	0.7309353766763297	0.0
1.9135582436923104	0.7314495155646445	0.0
1.9150590736873632	0.7319615739681612	0.0
1.9165599036824161	0.7324715416833711	0.0
1.9180607336774689	0.7329794085502247	0.0
1.9195615636725216	0.7334851644523163	0.0
1.9210623936675744	0.7339887993170717	0.0
1.922563223662627	0.7344903031159089	0.0
1.92406405365768	0.734989665864397	0.0
1.9255648836527328	0.7354868776224599	0.0
1.9270657136477856	0.7359819284945504	0.0
1.9285665436428383	0.7364748086297953	0.0
1.9300673736378913	0.7369655082221819	0.0
1.931568203632944	0.7374540175107297	0.0
1.9330690336279968	0.7379403267796542	0.0
1.9345698636230495	0.738424426358543	0.0
1.9360706936181022	0.7389063066225173	0.0
1.9375715236131552	0.7393859579923877	0.0
1.939072353608208	0.7398633709348241	0.0
1.9405731836032607	0.7403385359625256	0.0
1.9420740135983134	0.7408114436343709	0.0
1.9435748435933664	0.7412820845555647	0.0
1.9450756735884192	0.7417504493778081	0.0
1.946576503583472	0.7422165287994728	0.0
1.9480773335785246	0.7426803135657433	0.0
1.9495781635735774	0.7431417944687667	0.0
1.9510789935686303	0.7436009623478155	0.0
1.952579823563683	0.744057808089434	0.0
1.9540806535587358	0.7445123226275941	0.0
1.9555814835537886	0.7449644969438364	0.0
1.9570823135488415	0.745414322067407	0.0
1.9585831435438943	0.7458617890754307	0.0
1.960083973538947	0.7463068890930562	0.0
1.9615848035339998	0.7467496132935857	0.0
1.9630856335290525	0.7471899528986193	0.0
1.9645864635241055	0.7476278991781931	0.0
1.9660872935191582	0.7480634434509292	0.0
1.967588123514211	0.7484965770841844	0.0
1.9690889535092637	0.7489272914941655	0.0
1.9705897835043167	0.7493555781460678	0.0
1.9720906134993694	0.7497814285542291	0.0
1.9735914434944222	0.7502048342822498	0.0
1.975092273489475	0.750625786943124	0.0
1.9765931034845277	0.7510442781993852	0.0
1.9780939334795806	0.7514602997632286	0.0
1.9795947634746334	0.7518738433966337	0.0
1.9810955934696861	0.7522849009114833	0.0
1.9825964234647389	0.7526934641696954	0.0
1.9840972534597916	0.7530995250833729	0.0
1.9855980834548446	0.7535030756149139	0.0
1.9870989134498973	0.7539041077771174	0.0
1.98859974344495	0.7543026136333155	0.0
1.9901005734400028	0.7546985852974911	0.0
1.9916014034350558	0.755092014934387	0.0
1.9931022334301085	0.755482894759639	0.0
1.9946030634251612	0.7558712170398905	0.0
1.996103893420214	0.7562569740929054	0.0
1.9976047234152667	0.7566401582876763	0.0
1.9991055534103197	0.7570207620445257	0.0
2.0006063834053722	0.7573987778352309	0.0
2.0021072134004254	0.7577746772694448	0.0
2.003608043395478	0.7581474947452164	0.0
2.005108873390531	0.7585177019756563	0.0
2.0066097033855836	0.7588852916394272	0.0
2.0081105333806364	0.7592502564671633	0.0
2.009611363375689	0.7596125892415851	0.0
2.011112193370742	0.7599722827976066	0.0
2.0126130233657946	0.7603293300224399	0.0
2.0141138533608474	0.7606837757066149	0.0
2.0156146833559005	0.7610360049173406	0.0
2.0171155133509533	0.7613850709907701	0.0
2.018616343346006	0.761731462801699	0.0
2.020117173341059	0.7620751735002016	0.0
2.0216180033361115	0.7624161962892256	0.0
2.0231188333311643	0.7627545244246738	0.0
2.024619663326217	0.7630901512154842	0.0
2.0261204933212698	0.763423070023721	0.0
2.0276213233163225	0.7637533316300669	0.0
2.0291221533113757	0.76408132614431	0.0
2.0306229833064284	0.7644060817041171	0.0
2.032123813301481	0.7647281032574806	0.0
2.033624643296534	0.7650473844333798	0.0
2.0351254732915867	0.7653639189144356	0.0
2.0366263032866394	0.7656777004369772	0.0
2.038127133281692	0.7659887227911159	0.0
2.039627963276745	0.7662969798208377	0.0
2.0411287932717976	0.7666025279143444	0.0
2.042629623266851	0.7669057618996515	0.0
2.0441304532619036	0.7672056865540142	0.0
2.0456312832569563	0.767502821794799	0.0
2.047132113252009	0.767797161736447	0.0
2.048632943247062	0.7680887005477038	0.0
2.0501337732421145	0.7683774324516934	0.0
2.0516346032371673	0.7686633517259892	0.0
2.05313543323222	0.768946452702678	0.0
2.0546362632272728	0.7692267969912137	0.0
2.056137093222326	0.7695047838057893	0.0
2.0576379232173787	0.7697793964220859	0.0
2.0591387532124314	0.7700511686099786	0.0
2.060639583207484	0.7703200949750508	0.0
2.062140413202537	0.7705861701777793	0.0
2.0636412431975897	0.7708493889335725	0.0
2.0651420731926424	0.7711097460128373	0.0
2.066642903187695	0.7713672362410365	0.0
2.068143733182748	0.7716219260598398	0.0
2.069644563177801	0.7718742187304972	0.0
2.071145393172854	0.7721230779033711	0.0
2.0726462231679066	0.7723690500730589	0.0
2.0741470531629593	0.7726121303411047	0.0
2.075647883158012	0.7728523138644351	0.0
2.077148713153065	0.7730895958553928	0.0
2.0786495431481176	0.7733239715817798	0.0
2.0801503731431703	0.7735554363669118	0.0
2.081651203138223	0.773783985589664	0.0
2.083152033133276	0.7740096906021356	0.0
2.084652863128329	0.7742329587565379	0.0
2.0861536931233817	0.7744527341152203	0.0
2.0876545231184345	0.7746695759777253	0.0
2.089155353113487	0.7748834800013665	0.0
2.09065618310854	0.7750944418992513	0.0
2.0921570131035927	0.7753024574403518	0.0
2.0936578430986454	0.7755075224495401	0.0
2.095158673093698	0.7757096328075985	0.0
2.096659503088751	0.7759088638717272	0.0
2.098160333083804	0.7761056263044949	0.0
2.099661163078857	0.7762988485469436	0.0
2.1011619930739096	0.7764891002153802	0.0
2.1026628230689623	0.7766763774706931	0.0
2.104163653064015	0.7768606765298818	0.0
2.105664483059068	0.7770419936661007	0.0
2.1071653130541206	0.7772203252086844	0.0
2.1086661430491733	0.7773956675431676	0.0
2.110166973044226	0.7775680996386994	0.0
2.1116678030392793	0.7777380351106666	0.0
2.113168633034332	0.777904388689725	0.0
2.1146694630293847	0.7780677391593738	0.0
2.1161702930244375	0.7782280831865265	0.0
2.1176711230194902	0.7783854174944611	0.0
2.119171953014543	0.778539738862838	0.0
2.1206727830095957	0.7786910441276931	0.0
2.1221736130046485	0.7788393301814713	0.0
2.123674442999701	0.7789846792120463	0.0
2.1251752729947544	0.779127507425359	0.0
2.126676102989807	0.7792667177581354	0.0
2.12817693298486	0.7794028970080259	0.0
2.1296777629799126	0.7795360423497937	0.0
2.1311785929749654	0.7796661510147015	0.0
2.132679422970018	0.7797932202905347	0.0
2.134180252965071	0.7799172475216206	0.0
2.1356810829601236	0.780038230108835	0.0
2.1371819129551763	0.7801562530659116	0.0
2.1386827429502295	0.7802717348229623	0.0
2.1401835729452823	0.7803835684424945	0.0
2.141684402940335	0.7804923475811902	0.0
2.1431852329353878	0.7805980699227995	0.0
2.1446860629304405	0.7807007332076694	0.0
2.1461868929254933	0.7808003352327665	0.0
2.147687722920546	0.7808968738516683	0.0
2.1491885529155987	0.7809903469745815	0.0
2.1506893829106515	0.7810808420490729	0.0
2.1521902129057047	0.7811687793594793	0.0
2.1536910429007574	0.7812530440147731	0.0
2.15519187289581	0.7813342353748697	0.0
2.156692702890863	0.7814123516330906	0.0
2.1581935328859156	0.7814873910393813	0.0
2.1596943628809684	0.7815593519003213	0.0
2.161195192876021	0.7816282325791235	0.0
2.162696022871074	0.7816940314956163	0.0
2.1641968528661266	0.781756838140328	0.0
2.16569768286118	0.7818170742789716	0.0
2.1671985128562326	0.781873618986644	0.0
2.1686993428512853	0.7819270761712371	0.0
2.170200172846338	0.7819774445356585	0.0
2.171701002841391	0.7820247228394015	0.0
2.1732018328364435	0.7820689098985453	0.0
2.1747026628314963	0.782110004585758	0.0
2.176203492826549	0.7821480058302882	0.0
2.1777043228216018	0.7821830047762138	0.0
2.179205152816655	0.7822154242953477	0.0
2.1807059828117077	0.7822441393457069	0.0
2.1822068128067604	0.7822697572295697	0.0
2.183707642801813	0.7822922771588828	0.0
2.185208472796866	0.7823116984021028	0.0
2.1867093027919187	0.7823280202841858	0.0
2.1882101327869714	0.7823412421865665	0.0
2.189710962782024	0.782351363547147	0.0
2.191211792777077	0.7823584767758999	0.0
2.19271262277213	0.7823630054737095	0.0
2.194213452767183	0.7823638223935359	0.0
2.1957142827622356	0.7823615370811504	0.0
2.1972151127572883	0.782356149256519	0.0
2.198715942752341	0.7823476586959889	0.0
2.200216772747394	0.7823360652322541	0.0
2.2017176027424465	0.7823213687543118	0.0
2.2032184327374993	0.7823035692074626	0.0
2.204719262732552	0.7822827598818413	0.0
2.2062200927276048	0.7822593647291353	0.0
2.207720922722658	0.7822328666704796	0.0
2.2092217527177107	0.7822026554073005	0.0
2.2107225827127635	0.7821693416336497	0.0
2.212223412707816	0.7821329256321564	0.0
2.213724242702869	0.782093407741599	0.0
2.2152250726979217	0.7820507883568718	0.0
2.2167259026929744	0.7820050679289543	0.0
2.218226732688027	0.7819562469648681	0.0
2.21972756268308	0.781904419282902	0.0
2.221228392678133	0.7818500087809095	0.0
2.222729222673186	0.7817918898033968	0.0
2.2242300526682386	0.7817306728714886	0.0
2.2257308826632913	0.7816663587720512	0.0
2.227231712658344	0.7815989483478284	0.0
2.228732542653397	0.7815284424974112	0.0
2.2302333726484496	0.7814548421752081	0.0
2.2317342026435023	0.7813781483914181	0.0
2.233235032638555	0.7812984550374523	0.0
2.2347358626336082	0.7812161855619447	0.0
2.236236692628661	0.7811302180046343	0.0
2.2377375226237137	0.7810411615772677	0.0
2.2392383526187665	0.7809490175683981	0.0
2.240739182613819	0.7808537873221499	0.0
2.242240012608872	0.7807554722381804	0.0
2.2437408426039247	0.7806540737716128	0.0
2.2452416725989774	0.7805495934330181	0.0
2.24674250259403	0.7804421248084319	0.0
2.2482433325890834	0.7803320905187905	0.0
2.249744162584136	0.7802183741743334	0.0
2.251244992579189	0.7801015825475393	0.0
2.2527458225742416	0.7799817174255921	0.0
2.2542466525692944	0.7798587806508726	0.0
2.255747482564347	0.7797327741209255	0.0
2.2572483125594	0.7796036997883845	0.0
2.2587491425544526	0.7794715596609434	0.0
2.2602499725495053	0.7793364466434872	0.0
2.2617508025445585	0.7791987821518233	0.0
2.2632516325396113	0.7790574572287147	0.0
2.264752462534664	0.7789130750849136	0.0
2.2662532925297167	0.778765638002693	0.0
2.2677541225247695	0.778615148319088	0.0
2.2692549525198222	0.7784616084258428	0.0
2.270755782514875	0.7783050207693781	0.0
2.2722566125099277	0.7781453878507375	0.0
2.2737574425049805	0.777982801520772	0.0
2.2752582725000337	0.7778176816142952	0.0
2.2767591024950864	0.777648928453603	0.0
2.278259932490139	0.7774771405737099	0.0
2.279760762485192	0.777302320747891	0.0
2.2812615924802446	0.7771244718036828	0.0
2.2827624224752974	0.7769435966228576	0.0
2.28426325247035	0.7767596981413545	0.0
2.285764082465403	0.7765727793492074	0.0
2.2872649124604556	0.7763829306735239	0.0
2.288765742455509	0.7761905699943858	0.0
2.2902665724505615	0.7759946087437457	0.0
2.2917674024456143	0.7757956396763097	0.0
2.293268232440667	0.7755936660517148	0.0
2.2947690624357198	0.7753886911833219	0.0
2.2962698924307725	0.7751807184381546	0.0
2.2977707224258253	0.7749697512368282	0.0
2.299271552420878	0.7747557930534904	0.0
2.3007723824159307	0.7745389325251996	0.0
2.302273212410984	0.7743195852061656	0.0
2.3037740424060367	0.7740966754492129	0.0
2.3052748724010894	0.7738707891347703	0.0
2.306775702396142	0.77364193000361	0.0
2.308276532391195	0.7734101018496151	0.0
2.3097773623862476	0.7731753085196991	0.0
2.3112781923813004	0.7729375539137473	0.0
2.312779022376353	0.7726968419845442	0.0
2.314279852371406	0.7724532592165239	0.0
2.315780682366459	0.7722072184699883	0.0
2.317281512361512	0.7719576588087513	0.0
2.3187823423565646	0.771705158156816	0.0
2.3202831723516173	0.7714497207302536	0.0
2.32178400234667	0.7711913507975655	0.0
2.323284832341723	0.7709300526795891	0.0
2.3247856623367755	0.7706658307494126	0.0
2.3262864923318283	0.7703986894323173	0.0
2.327787322326881	0.7701287127016846	0.0
2.329288152321934	0.7698563103595413	0.0
2.330788982316987	0.7695804379473894	0.0
2.3322898123120397	0.7693016643637143	0.0
2.3337906423070924	0.7690199942934203	0.0
2.335291472302145	0.7687354324730711	0.0
2.336792302297198	0.7684479836907914	0.0
2.3382931322922507	0.7681576527861824	0.0
2.3397939622873034	0.7678644446502404	0.0
2.341294792282356	0.7675684403913705	0.0
2.342795622277409	0.7672700463930235	0.0
2.344296452272462	0.7669687889034871	0.0
2.345797282267515	0.7666641217597921	0.0
2.3472981122625676	0.766356602596713	0.0
2.3487989422576203	0.7660462366116173	0.0
2.350299772252673	0.7657330290525997	0.0
2.351800602247726	0.765416985218377	0.0
2.3533014322427785	0.7650981104581902	0.0
2.3548022622378313	0.764776410171708	0.0
2.356303092232884	0.7644519618750997	0.0
2.357803922227937	0.7641251677371494	0.0
2.35930475222299	0.7637950237662577	0.0
2.3608055822180427	0.763462076364382	0.0
2.3623064122130955	0.7631263311817484	0.0
2.363807242208148	0.7627877939183579	0.0
2.365308072203201	0.7624464703239128	0.0
2.3668089021982537	0.7621023661977013	0.0
2.3683097321933064	0.7617554873884609	0.0
2.369810562188359	0.7614059078174715	0.0
2.3713113921834124	0.7610540254900147	0.0
2.372812222178465	0.760698858211141	0.0
2.374313052173518	0.7603409401312475	0.0
2.3758138821685706	0.7599802773447032	0.0
2.3773147121636233	0.7596168759946506	0.0
2.378815542158676	0.7592507422728956	0.0
2.380316372153729	0.7588818824198008	0.0
2.3818172021487816	0.7585103027241481	0.0
2.3833180321438343	0.7581360731759349	0.0
2.3848188621388875	0.7577595872724894	0.0
2.3863196921339402	0.7573798862583817	0.0
2.387820522128993	0.7569974910333712	0.0
2.3893213521240457	0.7566124081264892	0.0
2.3908221821190985	0.7562246441144519	0.0
2.392323012114151	0.7558342056215297	0.0
2.393823842109204	0.7554410993194105	0.0
2.3953246721042567	0.7550453319270745	0.0
2.3968255020993094	0.7546469691737819	0.0
2.3983263320943626	0.7542463997105646	0.0
2.3998271620894154	0.7538426898267999	0.0
2.401327992084468	0.7534363461939556	0.0
2.402828822079521	0.7530273757654694	0.0
2.4043296520745736	0.7526157855412665	0.0
2.4058304820696264	0.7522015825676232	0.0
2.407331312064679	0.7517847739370256	0.0
2.408832142059732	0.7513653667880372	0.0
2.4103329720547846	0.7509434222673215	0.0
2.4118338020498378	0.7505193238477857	0.0
2.4133346320448905	0.750092164428244	0.0
2.4148354620399433	0.7496624354975704	0.0
2.416336292034996	0.7492301444225332	0.0
2.4178371220300487	0.7487952986151056	0.0
2.4193379520251015	0.7483579055323426	0.0
2.4208387820201542	0.7479179726762173	0.0
2.422339612015207	0.7474755075934391	0.0
2.4238404420102597	0.7470305665345149	0.0
2.425341272005313	0.7465835274693844	0.0
2.4268421020003657	0.7461335114271153	0.0
2.4283429319954184	0.7456809937849564	0.0
2.429843761990471	0.7452259823111526	0.0
2.431344591985524	0.7447684848177822	0.0
2.4328454219805766	0.7443085091605997	0.0
2.4343462519756294	0.74384606323888	0.0
2.435847081970682	0.7433811549952579	0.0
2.437347911965735	0.7429138354797	0.0
2.438848741960788	0.7424444768417968	0.0
2.440349571955841	0.7419722297146921	0.0
2.4418504019508935	0.7414975524622072	0.0
2.4433512319459463	0.7410204532413681	0.0
2.444852061940999	0.7405409402515825	0.0
2.4463528919360518	0.7400590217344634	0.0
2.4478537219311045	0.7395747059736711	0.0
2.4493545519261573	0.7390880012947509	0.0
2.45085538192121	0.7385989532525651	0.0
2.452356211916263	0.7381079278668329	0.0
2.453857041911316	0.7376141067984475	0.0
2.4553578719063687	0.7371179305252312	0.0
2.4568587019014214	0.7366194075795287	0.0
2.458359531896474	0.7361185465345285	0.0
2.459860361891527	0.7356153560040859	0.0
2.4613611918865796	0.735109844642542	0.0
2.4628620218816324	0.7346020211445501	0.0
2.464362851876685	0.7340919252859474	0.0
2.4658636818717383	0.7335799166553929	0.0
2.467364511866791	0.7330652093120025	0.0
2.468865341861844	0.7325482250061908	0.0
2.4703661718568966	0.7320289726314131	0.0
2.4718670018519493	0.7315074611203451	0.0
2.473367831847002	0.7309836994446876	0.0
2.474868661842055	0.730457696614979	0.0
2.4763694918371075	0.7299294616804103	0.0
2.4778703218321603	0.7293990283652619	0.0
2.479371151827213	0.7288667495347323	0.0
2.480871981822266	0.7283322637169708	0.0
2.482372811817319	0.7277951916100889	0.0
2.4838736418123717	0.7272559332102008	0.0
2.4853744718074244	0.7267144977944288	0.0
2.486875301802477	0.7261708946772091	0.0
2.48837613179753	0.725625133210091	0.0
2.4898769617925827	0.7250772227815482	0.0
2.4913777917876354	0.7245271728168052	0.0
2.492878621782688	0.723975010011345	0.0
2.4943794517777413	0.7234210794285709	0.0
2.495880281772794	0.7228646677671158	0.0
2.497381111767847	0.7223061546300823	0.0
2.4988819417628996	0.7217455496233318	0.0
2.5003827717579523	0.7211828623882587	0.0
2.501883601753005	0.7206181026015749	0.0
2.503384431748058	0.7200512799751007	0.0
2.5048852617431105	0.7194824042555792	0.0
2.5063860917381633	0.7189114955522525	0.0
2.5078869217332165	0.718338891618417	0.0
2.5093877517282692	0.7177639154430606	0.0
2.510888581723322	0.7171869255034795	0.0
2.5123894117183747	0.7166079317179126	0.0
2.5138902417134275	0.7160269440382803	0.0
2.51539107170848	0.7154439724499703	0.0
2.516891901703533	0.7148590269716115	0.0
2.5183927316985857	0.714272117654874	0.0
2.5198935616936384	0.7136832577901432	0.0
2.5213943916886916	0.7130927775580947	0.0
2.5228952216837444	0.7125000373605566	0.0
2.524396051678797	0.7119053738545608	0.0
2.52589688167385	0.7113087972538138	0.0
2.5273977116689026	0.710710317803783	0.0
2.5288985416639553	0.7101099457814585	0.0
2.530399371659008	0.7095076914951638	0.0
2.531900201654061	0.7089035652843565	0.0
2.5334010316491136	0.7082975734020528	0.0
2.5349018616441668	0.7076900382042588	0.0
2.5364026916392195	0.707080358561766	0.0
2.5379035216342722	0.7064688486565857	0.0
2.539404351629325	0.705855518980428	0.0
2.5409051816243777	0.7052403800547941	0.0
2.5424060116194305	0.7046234424307725	0.0
2.543906841614483	0.7040047166888108	0.0
2.545407671609536	0.7033842134384783	0.0
2.5469085016045887	0.7027619316914616	0.0
2.548409331599642	0.7021381857378834	0.0
2.5499101615946946	0.7015124139054275	0.0
2.5514109915897474	0.7008849072872627	0.0
2.5529118215848	0.7002556766352269	0.0
2.554412651579853	0.6996247327289593	0.0
2.5559134815749056	0.6989920863756591	0.0
2.5574143115699584	0.6983577484098495	0.0
2.558915141565011	0.6977217296931612	0.0
2.560415971560064	0.6970840218070306	0.0
2.561916801555117	0.6964449307456757	0.0
2.5634176315501698	0.6958039352118232	0.0
2.5649184615452225	0.6951613026379768	0.0
2.5664192915402753	0.694517044017869	0.0
2.567920121535328	0.6938711703709672	0.0
2.5694209515303807	0.6932236927422459	0.0
2.5709217815254335	0.6925746222019675	0.0
2.5724226115204862	0.6919239698454375	0.0
2.573923441515539	0.6912717196502168	0.0
2.575424271510592	0.6906181690960868	0.0
2.576925101505645	0.6899628381080062	0.0
2.5784259315006977	0.6893059699288758	0.0
2.5799267614957504	0.6886475757757703	0.0
2.581427591490803	0.6879876668894286	0.0
2.582928421485856	0.6873262545340114	0.0
2.5844292514809086	0.6866633499968668	0.0
2.5859300814759614	0.6859989645883029	0.0
2.587430911471014	0.6853330745239327	0.0
2.5889317414660673	0.6846659685624514	0.0
2.59043257146112	0.6839972086264116	0.0
2.591933401456173	0.683327013283636	0.0
2.5934342314512255	0.6826553939557607	0.0
2.5949350614462783	0.6819823620859848	0.0
2.596435891441331	0.681307929138829	0.0
2.5979367214363838	0.6806321065999167	0.0
2.5994375514314365	0.6799549059757387	0.0
2.6009383814264893	0.679276295577612	0.0
2.6024392114215424	0.6785965552486358	0.0
2.603940041416595	0.677915289611797	0.0
2.605440871411648	0.677232692118313	0.0
2.6069417014067007	0.6765487743754627	0.0
2.6084425314017534	0.6758635480099803	0.0
2.609943361396806	0.6751770246678206	0.0
2.611444191391859	0.674489216013932	0.0
2.6129450213869116	0.6738001337320152	0.0
2.6144458513819644	0.6731097895242789	0.0
2.615946681377017	0.6724181427716736	0.0
2.6174475113720703	0.671725463198096	0.0
2.618948341367123	0.6710314036073841	0.0
2.620449171362176	0.6703361290792751	0.0
2.6219500013572286	0.6696396514050329	0.0
2.6234508313522813	0.6689419823930355	0.0
2.624951661347334	0.6682431338685423	0.0
2.626452491342387	0.6675431176734558	0.0
2.6279533213374395	0.6668419456660839	0.0
2.6294541513324923	0.6661395690742251	0.0
2.6309549813275455	0.6654362483367434	0.0
2.632455811322598	0.6647316802028574	0.0
2.633956641317651	0.6640260038486945	0.0
2.6354574713127037	0.6633192312110686	0.0
2.6369583013077564	0.6626113742418033	0.0
2.638459131302809	0.6619024449074865	0.0
2.639959961297862	0.661192455189236	0.0
2.6414607912929147	0.6604814170824691	0.0
2.6429616212879674	0.6597692735682487	0.0
2.6444624512830206	0.659056275645423	0.0
2.6459632812780733	0.6583421644854789	0.0
2.647464111273126	0.6576270530567504	0.0
2.648964941268179	0.656910953422661	0.0
2.6504657712632316	0.6561938776595588	0.0
2.6519666012582843	0.6554758378564478	0.0
2.653467431253337	0.6547568461147485	0.0
2.65496826124839	0.6540369145481026	0.0
2.6564690912434425	0.6533159778126509	0.0
2.6579699212384957	0.6525942773253931	0.0
2.6594707512335485	0.6518715990851098	0.0
2.6609715812286012	0.6511480295919371	0.0
2.662472411223654	0.6504235810170821	0.0
2.6639732412187067	0.649698265542566	0.0
2.6654740712137595	0.648972095360999	0.0
2.666974901208812	0.6482450826753655	0.0
2.668475731203865	0.6475172396987878	0.0
2.6699765611989177	0.646788492699361	0.0
2.671477391193971	0.6460590733837672	0.0
2.6729782211890236	0.6453288129120035	0.0
2.6744790511840764	0.6445977710987952	0.0
2.675979881179129	0.643865960204474	0.0
2.677480711174182	0.643133392498143	0.0
2.6789815411692346	0.642400080257428	0.0
2.6804823711642873	0.6416660357682455	0.0
2.68198320115934	0.6409312713245966	0.0
2.683484031154393	0.6401957047582119	0.0
2.684984861149446	0.639459557950455	0.0
2.6864856911444988	0.6387227074862828	0.0
2.6879865211395515	0.6379851863205528	0.0
2.6894873511346042	0.6372470067842636	0.0
2.690988181129657	0.6365081812151242	0.0
2.6924890111247097	0.6357687219573397	0.0
2.6939898411197625	0.6350286413613903	0.0
2.695490671114815	0.6342879517838081	0.0
2.696991501109868	0.633546562586039	0.0
2.698492331104921	0.6328046857227595	0.0
2.699993161099974	0.63206224339852	0.0
2.7014939910950266	0.6313192415757687	0.0
2.7029948210900794	0.6305756926379311	0.0
2.704495651085132	0.6298316089731444	0.0
2.705996481080185	0.6290870029740351	0.0
2.7074973110752376	0.6283418870375042	0.0
2.7089981410702904	0.6275962735644941	0.0
2.710498971065343	0.6268500634262307	0.0
2.7119998010603963	0.6261034585630241	0.0
2.713500631055449	0.6253564269256976	0.0
2.7150014610505018	0.6246089473930293	0.0
2.7165022910455545	0.6238610323828996	0.0
2.7180031210406073	0.6231126943159194	0.0
2.71950395103566	0.6223639456152078	0.0
2.7210047810307127	0.6216147987061758	0.0
2.7225056110257655	0.6208652660163164	0.0
2.7240064410208182	0.6201152399203186	0.0
2.7255072710158714	0.6193649122702326	0.0
2.727008101010924	0.6186142968230851	0.0
2.728508931005977	0.6178633453231329	0.0
2.7300097610010297	0.6171120702050084	0.0
2.7315105909960824	0.6163604839041092	0.0
2.733011420991135	0.6156085988563953	0.0
2.734512250986188	0.6148564274981936	0.0
2.7360130809812406	0.6141039822659542	0.0
2.7375139109762934	0.613351147044612	0.0
2.7390147409713466	0.6125981035378751	0.0
2.7405155709663993	0.6118449113034479	0.0
2.742016400961452	0.6110914949398075	0.0
2.743517230956505	0.610337866880874	0.0
2.7450180609515575	0.6095840395594242	0.0
2.7465188909466103	0.6088300254068882	0.0
2.748019720941663	0.608075836853132	0.0
2.7495205509367158	0.6073214863262424	0.0
2.7510213809317685	0.6065669862523227	0.0
2.7525222109268213	0.6058122111067586	0.0
2.7540230409218744	0.6050573312637189	0.0
2.755523870916927	0.6043024570857998	0.0
2.75702470091198	0.6035474830434707	0.0
2.7585255309070327	0.6027924215497431	0.0
2.7600263609020854	0.6020372850143867	0.0
2.761527190897138	0.6012820858437221	0.0
2.763028020892191	0.6005268364404135	0.0
2.7645288508872436	0.5997715492032532	0.0
2.7660296808822964	0.5990160901736353	0.0
2.7675305108773496	0.5982606194959863	0.0
2.7690313408724023	0.597505293112171	0.0
2.770532170867455	0.5967499784494789	0.0
2.772033000862508	0.5959946878842702	0.0
2.7735338308575606	0.5952394337877902	0.0
2.7750346608526133	0.5944842285259742	0.0
2.776535490847666	0.5937290844592471	0.0
2.778036320842719	0.5929740139423099	0.0
2.7795371508377715	0.5922188746277458	0.0
2.7810379808328247	0.5914638164131352	0.0
2.7825388108278775	0.5907090406178499	0.0
2.78403964082293	0.5899543877328134	0.0
2.785540470817983	0.5891998700810627	0.0
2.7870413008130357	0.5884454999786999	0.0
2.7885421308080884	0.5876912897346805	0.0
2.790042960803141	0.5869372516506128	0.0
2.791543790798194	0.5861833980205543	0.0
2.7930446207932467	0.5854295781650584	0.0
2.7945454507883	0.5846759317314808	0.0
2.7960462807833526	0.5839227051539727	0.0
2.7975471107784053	0.5831697121304096	0.0
2.799047940773458	0.5824169649140847	0.0
2.800548770768511	0.5816644757495388	0.0
2.8020496007635636	0.5809122568723452	0.0
2.8035504307586163	0.5801603205089142	0.0
2.805051260753669	0.5794086788763098	0.0
2.806552090748722	0.5786571730311681	0.0
2.808052920743775	0.5779059323809033	0.0
2.8095537507388277	0.5771552481516955	0.0
2.8110545807338805	0.5764049074275622	0.0
2.8125554107289332	0.5756549223757899	0.0
2.814056240723986	0.5749053051531248	0.0
2.8155570707190387	0.5741560679055581	0.0
2.8170579007140915	0.5734072227681299	0.0
2.818558730709144	0.5726587818647423	0.0
2.820059560704197	0.5719105780673137	0.0
2.82156039069925	0.571162730567139	0.0
2.823061220694303	0.5704155750003019	0.0
2.8245620506893556	0.5696688720515531	0.0
2.8260628806844084	0.5689226337861105	0.0
2.827563710679461	0.5681768722568623	0.0
2.829064540674514	0.56743159950416	0.0
2.8305653706695666	0.5666868275556338	0.0
2.8320662006646193	0.5659425684259985	0.0
2.833567030659672	0.5651986468926005	0.0
2.8350678606547253	0.5644551719678927	0.0
2.836568690649778	0.5637125232570147	0.0
2.8380695206448308	0.5629704352950072	0.0
2.8395703506398835	0.5622289200290556	0.0
2.8410711806349362	0.561487989392253	0.0
2.842572010629989	0.5607476553034102	0.0
2.8440728406250417	0.5600079296668642	0.0
2.8455736706200945	0.5592688243722785	0.0
2.847074500615147	0.5585301562033793	0.0
2.8485753306102004	0.5577920240443147	0.0
2.850076160605253	0.5570548509700881	0.0
2.851576990600306	0.5563183456502551	0.0
2.8530778205953586	0.555582519898167	0.0
2.8545786505904114	0.5548473855113377	0.0
2.856079480585464	0.554112954271236	0.0
2.857580310580517	0.5533792379430923	0.0
2.8590811405755696	0.552646248275713	0.0
2.8605819705706224	0.5519137941709265	0.0
2.8620828005656755	0.5511819644482809	0.0
2.8635836305607283	0.5504512250955051	0.0
2.865084460555781	0.5497212592353878	0.0
2.8665852905508338	0.548992078531705	0.0
2.8680861205458865	0.5482636946306446	0.0
2.8695869505409393	0.5475361191606141	0.0
2.871087780535992	0.5468093637320464	0.0
2.8725886105310448	0.5460834399372049	0.0
2.8740894405260975	0.5453581489184895	0.0
2.8755902705211502	0.5446335695075224	0.0
2.8770911005162034	0.5439098536438998	0.0
2.878591930511256	0.543187371951805	0.0
2.880092760506309	0.5424657795838153	0.0
2.8815935905013617	0.5417450880191446	0.0
2.8830944204964144	0.5410253087174882	0.0
2.884595250491467	0.5403064531188368	0.0
2.88609608048652	0.5395885326432781	0.0
2.8875969104815726	0.5388715586908086	0.0
2.8890977404766254	0.5381553239390476	0.0
2.8905985704716786	0.5374398962269862	0.0
2.8920994004667313	0.5367258300473579	0.0
2.893600230461784	0.5360127557914526	0.0
2.895101060456837	0.5353006847559143	0.0
2.8966018904518895	0.5345896282161462	0.0
2.8981027204469423	0.5338795974261245	0.0
2.899603550441995	0.5331706036181864	0.0
2.9011043804370478	0.5324626580028442	0.0
2.9026052104321005	0.5317555457924413	0.0
2.9041060404271537	0.5310493250417332	0.0
2.9056068704222064	0.5303445910539546	0.0
2.907107700417259	0.5296409498844961	0.0
2.908608530412312	0.5289384126318977	0.0
2.9101093604073647	0.5282369903717339	0.0
2.9116101904024174	0.5275366941564192	0.0
2.91311102039747	0.5268375350150166	0.0
2.914611850392523	0.526139523953046	0.0
2.9161126803875757	0.5254424388739899	0.0
2.917613510382629	0.5247463281642236	0.0
2.9191143403776816	0.5240518271434388	0.0
2.9206151703727343	0.5233585179908878	0.0
2.922116000367787	0.5226664115915209	0.0
2.92361683036284	0.5219755188055897	0.0
2.9251176603578926	0.5212858504684671	0.0
2.9266184903529453	0.5205974173904687	0.0
2.928119320347998	0.5199102303566553	0.0
2.929620150343051	0.519224060129247	0.0
2.931120980338104	0.518538945554273	0.0
2.9326218103331567	0.5178555611163098	0.0
2.9341226403282095	0.5171734656126119	0.0
2.935623470323262	0.5164926696990955	0.0
2.937124300318315	0.515813184005277	0.0
2.9386251303133677	0.515135019134088	0.0
2.9401259603084204	0.5144581856616918	0.0
2.941626790303473	0.5137826941372895	0.0
2.943127620298526	0.5131083083607458	0.0
2.944628450293579	0.512435057777731	0.0
2.946129280288632	0.5117636551286984	0.0
2.9476301102836846	0.5110936363575037	0.0
2.9491309402787373	0.51042501187568	0.0
2.95063177027379	0.5097577920666824	0.0
2.952132600268843	0.5090919872856728	0.0
2.9536334302638956	0.5084276078593163	0.0
2.9551342602589483	0.5077646640856245	0.0
2.956635090254001	0.5071029129925182	0.0
2.9581359202490543	0.5064423747770174	0.0
2.959636750244107	0.505783799469119	0.0
2.9611375802391597	0.5051267007224034	0.0
2.9626384102342125	0.504471088688775	0.0
2.9641392402292652	0.5038169734903495	0.0
2.965640070224318	0.5031643652192824	0.0
2.9671409002193707	0.5025132739375812	0.0
2.9686417302144235	0.501863709676904	0.0
2.970142560209476	0.5012154228952136	0.0
2.9716433902045294	0.5005684247040234	0.0
2.973144220199582	0.4999235013994846	0.0
2.974645050194635	0.4992801449424671	0.0
2.9761458801896876	0.4986383652101422	0.0
2.9776467101847404	0.4979981720482268	0.0
2.979147540179793	0.4973595752707982	0.0
2.980648370174846	0.4967225846601119	0.0
2.9821492001698986	0.4960872099664119	0.0
2.9836500301649513	0.49545319529145393	0.0
2.9851508601600045	0.4948205428356406	0.0
2.9866516901550573	0.4941900740812755	0.0
2.98815252015011	0.49356125992845556	0.0
2.9896533501451628	0.49293410996466525	0.0
2.9911541801402155	0.4923086337442944	0.0
2.9926550101352682	0.491684840788452	0.0
2.994155840130321	0.4910627405847821	0.0
2.9956566701253737	0.49044234258729186	0.0
2.9971575001204265	0.48982338476706394	0.0
2.9986583301154797	0.48920586059870563	0.0
3.0001591601105324	0.48859023993446327	0.0
